2--Demonstration/2_Demonstration_Protesters_2_460.jpg
10
839.853637695 67.1051101685 32.1428833008 39.5791320801 0.997843384743
786.819763184 68.7675094604 34.1516723633 39.3003997803 0.997295558453
483.126953125 238.179855347 37.2798461914 42.8909759521 0.995898067951
883.775878906 204.081787109 29.4645385742 41.0998535156 0.994317471981
34.5053138733 67.3286590576 27.5047111511 31.9073410034 0.994220972061
272.193237305 232.722076416 43.1769104004 53.716583252 0.991885781288
641.047668457 60.8560905457 41.4197387695 47.5919456482 0.989578902721
805.712219238 181.372146606 36.4607543945 46.4012908936 0.988976418972
482.980041504 98.089263916 36.2272949219 43.6629943848 0.986036300659
73.5952758789 87.4808807373 25.314956665 35.3869857788 0.985279798508
