2--Demonstration/2_Demonstration_Protesters_2_618.jpg
19
250.896072388 235.109222412 54.5744171143 64.9140625 0.998997747898
517.776428223 170.93371582 50.3809814453 65.9692687988 0.998952388763
459.009155273 253.867797852 61.2725830078 81.672454834 0.998554050922
364.260986328 166.409881592 51.7550964355 69.516998291 0.997493743896
480.136108398 15.6270427704 44.1625976562 57.1986637115 0.997364580631
934.879577637 160.817169189 49.4973754883 58.9722290039 0.997255146503
604.188598633 148.097137451 52.7530517578 70.9093933105 0.996750235558
146.782546997 72.9730834961 44.7517547607 57.3259124756 0.996067881584
243.882171631 50.9520721436 39.3200683594 51.4985961914 0.995864748955
703.974609375 43.3915710449 44.4000854492 58.8235549927 0.99458861351
599.723815918 13.601524353 45.366394043 58.2646102905 0.994411885738
321.072753906 88.9952926636 46.5624389648 59.9617385864 0.994018435478
963.33190918 48.2037467957 43.8934936523 53.8294792175 0.993042111397
442.063262939 189.606307983 50.2389831543 60.5581817627 0.991388857365
0.0 12.9368152618 39.8631362915 60.1134700775 0.988685846329
0.0 161.154296875 34.8619880676 68.704864502 0.984582901001
820.590087891 234.194076538 56.8303222656 63.756149292 0.984016060829
811.730712891 0.0 47.0796508789 50.2749671936 0.979852318764
848.68371582 255.763748169 54.223815918 79.7454376221 0.964966595173
