2--Demonstration/2_Demonstration_Protesters_2_822.jpg
8
298.640625 343.288391113 50.7323303223 70.5946044922 0.996380031109
673.059387207 357.446105957 45.8291625977 55.9608459473 0.985860705376
716.952941895 380.247009277 90.0479736328 115.398925781 0.979759275913
938.814331055 385.678466797 35.1112060547 38.7150268555 0.979551970959
593.181396484 431.218414307 50.5182495117 68.7378845215 0.973915040493
28.3348045349 365.785705566 43.4388847351 57.9395446777 0.971096217632
105.26751709 426.604919434 48.4800567627 64.7453918457 0.964653432369
205.338684082 381.721069336 48.7979431152 59.9601135254 0.934236824512
