2--Demonstration/2_Demonstration_Demonstrators_2_425.jpg
17
560.932250977 462.229858398 48.7670288086 65.73046875 0.997960090637
791.739868164 424.515197754 66.1148071289 79.920715332 0.99726498127
577.629577637 386.598754883 27.2198486328 33.4708862305 0.994139909744
632.420898438 392.988342285 38.0388793945 45.9749755859 0.993145823479
863.786376953 302.886657715 30.53125 36.7498168945 0.985913455486
701.49822998 374.073425293 26.7778320312 33.6661987305 0.984917581081
20.6064491272 476.762298584 38.3836288452 45.8797302246 0.980300188065
785.678588867 303.649078369 39.1773681641 46.5605163574 0.962756037712
353.531402588 430.682098389 50.8984069824 66.7761535645 0.961867630482
428.923370361 571.932250977 72.5866088867 99.4749755859 0.958440124989
138.487548828 375.543334961 12.8084411621 16.7413635254 0.9252846241
526.916259766 331.933502197 15.6400756836 20.6030273438 0.870175004005
224.318893433 427.797332764 34.696975708 48.3981323242 0.840266883373
707.59588623 280.938476562 12.5697021484 15.0391845703 0.826368689537
487.35848999 372.575653076 16.1201171875 20.7427062988 0.812355518341
970.27557373 355.726806641 53.7244262695 72.951965332 0.803627371788
793.071777344 270.059906006 22.5808105469 28.8091125488 0.801919162273
