2--Demonstration/2_Demonstration_Political_Rally_2_335.jpg
81
403.323944092 261.446563721 52.2603759766 66.3735656738 0.999068558216
381.157348633 333.6300354 50.7984008789 62.5364074707 0.998662233353
821.088256836 477.06161499 72.0199584961 81.699798584 0.998464345932
329.629699707 426.670166016 59.0679626465 67.2482910156 0.997876167297
669.84588623 414.096618652 55.8225097656 67.5077819824 0.997726857662
270.859710693 268.978424072 49.3043823242 60.1983032227 0.997523248196
277.265563965 428.660217285 48.8754577637 62.5912780762 0.997221469879
703.465087891 319.836029053 48.0568847656 56.7454833984 0.996924579144
305.233215332 324.071166992 56.8941040039 70.7448120117 0.99650144577
473.42376709 174.835617065 33.8403320312 42.4784698486 0.996022284031
350.012542725 498.602111816 59.8153686523 81.6201171875 0.995689570904
208.203262329 282.838867188 51.3831329346 65.3270874023 0.995629668236
752.986022949 175.989562988 34.5366821289 43.4687652588 0.995467543602
325.741149902 103.73085022 31.4070129395 38.4537353516 0.995419025421
890.64251709 340.463226318 54.4313354492 65.0372619629 0.995353102684
135.248153687 481.498077393 50.4322967529 72.1050720215 0.994382500648
730.067443848 78.3739700317 30.0368652344 37.5099639893 0.993765711784
606.904174805 161.99395752 35.6166381836 42.9865112305 0.993560314178
7.02568054199 330.402099609 45.8603401184 58.7394104004 0.993142366409
878.877990723 151.389297485 30.4052734375 38.462677002 0.992963135242
245.145950317 550.128356934 66.3349456787 87.4182739258 0.990837991238
658.006286621 126.512931824 34.0023193359 40.7644271851 0.990533232689
272.437011719 194.887130737 29.4134521484 36.4022369385 0.990509927273
3.65296840668 404.029663086 55.4227571487 63.6055908203 0.989679336548
489.937591553 246.368164062 41.0000305176 47.8640136719 0.989349365234
615.487487793 80.7925720215 30.5442504883 35.6808395386 0.989317476749
443.054962158 152.139633179 29.426361084 42.4627075195 0.988786220551
731.646362305 445.693725586 52.157409668 71.4974365234 0.988105654716
919.66418457 196.344741821 32.606628418 41.9893035889 0.98776268959
444.242919922 373.006408691 43.8995361328 60.4661560059 0.986963331699
172.321044922 189.239532471 38.3405609131 41.749130249 0.986737966537
109.466285706 266.192321777 44.8863143921 52.2911071777 0.986436545849
232.772079468 230.343154907 40.1370391846 43.1517486572 0.985738277435
783.483947754 565.097106934 71.8664550781 89.3447265625 0.985269010067
58.7622680664 138.25428772 37.1935043335 41.1352539062 0.98512172699
660.37121582 229.81060791 40.0573730469 44.6975097656 0.985046088696
240.184906006 175.683547974 34.2038269043 38.6949310303 0.984386861324
577.323425293 62.1071548462 29.6801757812 30.6299057007 0.983881831169
861.332885742 63.7424125671 26.7759399414 32.1454734802 0.981710731983
665.253417969 65.0754318237 27.2163696289 31.4033203125 0.981307923794
741.9453125 142.766342163 27.1993408203 33.6328125 0.980816185474
143.436859131 148.001052856 34.7341461182 42.6110229492 0.978557884693
337.540588379 278.600921631 51.8646240234 62.5921936035 0.976136744022
159.299957275 260.109985352 33.6295013428 43.1712341309 0.975166201591
244.076660156 93.7570724487 27.4885253906 35.8393173218 0.974294662476
483.100616455 128.071670532 30.0127868652 35.8636932373 0.973454833031
338.878112793 57.4965820312 22.6045532227 29.3807067871 0.968532800674
939.873962402 115.78327179 31.645324707 37.8158798218 0.968514800072
475.947296143 441.242248535 45.8273620605 62.9213562012 0.966870963573
30.512714386 147.569274902 30.080368042 33.5983123779 0.964679718018
518.680786133 195.789627075 31.0977172852 42.7365570068 0.958785414696
778.92401123 201.143157959 31.6494140625 37.6664428711 0.957832276821
0.0 233.410430908 30.8316764832 45.9395141602 0.956192970276
534.128112793 216.860809326 56.0191650391 61.4303283691 0.953357279301
34.623790741 218.639709473 31.4309272766 42.951965332 0.953146934509
107.313064575 148.390731812 30.8605499268 33.9916229248 0.951122105122
571.047180176 324.525390625 45.9184570312 54.7374267578 0.949249148369
81.5964889526 396.047210693 54.9145736694 61.008392334 0.94254553318
65.7346496582 206.590667725 39.8339157104 43.1831359863 0.934892714024
858.780273438 117.077507019 24.870300293 30.7432785034 0.92863047123
848.850402832 169.054656982 31.8281860352 36.2373504639 0.928416192532
144.333282471 227.67276001 31.2204437256 36.2529602051 0.927008032799
357.384552002 230.144760132 37.5536804199 40.0913543701 0.926292657852
69.4907608032 87.4986038208 28.0827026367 33.6981430054 0.916389882565
662.733642578 179.71232605 35.9000854492 39.627746582 0.915794074535
844.68170166 214.907043457 47.639465332 52.519744873 0.906015098095
698.035888672 215.018920898 34.6832275391 42.1571350098 0.90162730217
879.040222168 310.903778076 34.5006103516 45.7026367188 0.900672972202
34.839756012 78.8433990479 27.6570854187 32.0688552856 0.882364273071
549.647583008 567.126586914 57.2062988281 76.5417480469 0.863902151585
142.513427734 98.2650375366 24.1510009766 29.7883148193 0.858529388905
577.934082031 135.067901611 32.01171875 41.3458099365 0.85646790266
609.720336914 414.792022705 44.9152832031 41.246673584 0.854050576687
85.6078262329 238.884735107 35.1390533447 45.3372192383 0.853868842125
572.110168457 477.539581299 45.008972168 56.457611084 0.853766083717
815.043701172 74.497833252 30.0306396484 33.6200332642 0.848846018314
168.8021698 74.451789856 23.51902771 29.063369751 0.845787525177
276.311645508 329.284545898 37.4767456055 48.8022460938 0.837744534016
358.446380615 157.751052856 37.0579528809 40.4057922363 0.833659768105
300.823425293 101.995735168 26.8991394043 38.0279464722 0.831898748875
0.0 499.102111816 51.2538948059 63.8505859375 0.815098941326
