2--Demonstration/2_Demonstration_Political_Rally_2_18.jpg
13
10.1384334564 352.076843262 23.1948795319 28.6731567383 0.963553369045
527.249206543 393.250732422 21.4130249023 29.8840637207 0.946383953094
353.160949707 343.21685791 22.3911743164 28.5161437988 0.935013592243
442.271697998 457.341033936 22.5870666504 29.5850219727 0.933693408966
222.70300293 272.776397705 22.3072967529 29.2655029297 0.923700273037
271.622436523 395.266845703 22.2861633301 28.1917114258 0.889789879322
767.367492676 420.254425049 17.6875 21.7779846191 0.869899570942
170.71081543 448.962463379 22.8433227539 28.6407470703 0.868636190891
168.248443604 257.798950195 21.4284210205 29.7572937012 0.864658594131
41.1714782715 448.535858154 20.7930679321 26.0195922852 0.832135260105
423.171630859 428.935180664 16.1049804688 20.482208252 0.806920051575
24.3507022858 257.717712402 16.8045749664 21.5367431641 0.802791178226
313.960357666 435.444671631 22.3540344238 28.3096008301 0.801405668259
