2--Demonstration/2_Demonstration_Demonstration_Or_Protest_2_644.jpg
10
100.680641174 238.453964233 29.4867019653 40.1584320068 0.997025549412
232.195709229 65.0727615356 25.7191772461 34.3849868774 0.993888497353
146.323532104 183.253814697 26.2516021729 32.2243804932 0.990702629089
877.628234863 311.174468994 27.2603149414 34.2423400879 0.979848563671
767.295288086 289.507659912 24.9632568359 33.5401611328 0.975196123123
821.7421875 278.542541504 24.2020263672 29.6895446777 0.960610508919
330.240386963 89.0861053467 21.8333435059 32.7356643677 0.951341211796
295.399841309 239.235412598 14.1223144531 18.4754333496 0.863650679588
848.800964355 269.798522949 23.2914428711 30.3697814941 0.857767879963
967.283874512 262.718902588 32.3914794922 40.7702636719 0.828450977802
