2--Demonstration/2_Demonstration_Protesters_2_525.jpg
40
552.509521484 484.417907715 33.0540161133 42.2724609375 0.99205583334
415.40512085 514.008911133 30.2833251953 40.8413696289 0.987380027771
481.586608887 434.429626465 29.3766784668 36.7676086426 0.986166596413
578.132507324 403.327819824 24.4626464844 30.0745239258 0.985038757324
759.559387207 457.868713379 27.8692626953 33.4075927734 0.984999358654
848.710693359 425.914123535 25.7457275391 31.7899475098 0.984322607517
763.488586426 400.64465332 23.5791015625 28.8371582031 0.983382046223
655.528015137 427.114257812 28.8509521484 32.8428344727 0.982339978218
659.100463867 485.80670166 33.076171875 40.5593261719 0.979673266411
879.376831055 519.671203613 35.4909667969 42.4823608398 0.979063153267
994.986816406 457.537902832 29.0131835938 37.6643066406 0.974570512772
299.347412109 490.559967041 28.6195678711 33.5479431152 0.963436186314
997.62097168 398.207824707 24.2815551758 29.690032959 0.961848974228
53.559753418 433.342987061 26.5137252808 34.084777832 0.960319936275
920.639099121 478.685302734 31.2795410156 38.265625 0.958309233189
326.690856934 415.185668945 24.7593078613 29.4235229492 0.950277507305
203.04624939 379.625915527 22.0433654785 29.4151611328 0.949159145355
249.06338501 367.515167236 23.4081420898 28.5446777344 0.933733344078
712.958190918 309.361297607 15.3342285156 19.9951171875 0.925945699215
310.896087646 383.156738281 23.1316223145 29.9490966797 0.92247647047
714.762451172 361.393737793 21.9742431641 26.9996643066 0.915162444115
233.17288208 487.190216064 27.291229248 30.1202697754 0.909148931503
783.509033203 318.639282227 16.1220092773 19.3547973633 0.902983546257
389.483947754 437.351135254 22.5318908691 29.0423278809 0.90234541893
918.970458984 376.386993408 21.6851806641 28.4502258301 0.898590743542
241.224945068 289.151184082 13.5072784424 16.426361084 0.897397518158
672.175170898 321.407287598 15.8381958008 20.3058166504 0.890197038651
811.417724609 229.474151611 13.7200317383 18.015914917 0.862881183624
849.731811523 367.239990234 16.0285644531 20.6317749023 0.862476289272
61.7677497864 344.012969971 15.9783821106 19.7984924316 0.858570814133
78.5925216675 378.947235107 22.2903289795 28.4119262695 0.856254994869
592.694396973 343.419921875 16.6499023438 20.7137756348 0.855945467949
948.362182617 431.906738281 24.6290283203 28.6847839355 0.849442481995
967.595703125 553.014221191 33.8051147461 22.9857788086 0.845264077187
0.0 372.311004639 23.0796909332 28.7926635742 0.823295593262
145.205184937 342.231506348 12.7382354736 15.8808898926 0.820071458817
594.214904785 212.958312988 13.4104614258 16.4329071045 0.814871609211
368.499450684 324.297271729 14.2498474121 17.8055114746 0.814083218575
615.506713867 208.86138916 13.7265014648 16.8766021729 0.811986029148
447.185821533 209.349411011 11.6780090332 14.1275634766 0.810262084007
