2--Demonstration/2_Demonstration_Demonstration_Or_Protest_2_117.jpg
17
661.066955566 415.408843994 28.3851318359 36.4828186035 0.996174037457
13.9070034027 525.033630371 27.0177516937 32.9123535156 0.99216991663
936.475585938 473.129150391 32.1161499023 39.2783508301 0.992057144642
697.29675293 452.528991699 33.3555297852 43.2138061523 0.991510510445
608.823669434 454.891540527 30.053527832 39.077911377 0.988154411316
514.809875488 437.721710205 28.0314941406 36.2752685547 0.985801279545
912.945983887 610.364990234 32.9799194336 44.0092163086 0.980501830578
369.925048828 418.619781494 28.0608825684 35.4808349609 0.975481152534
437.779083252 428.85723877 24.6347961426 29.6273193359 0.967342436314
626.267822266 410.481262207 24.3893432617 30.9026489258 0.964280664921
970.784240723 431.942962646 25.5975952148 31.2192687988 0.948004007339
165.584579468 417.79208374 22.1403503418 29.0259399414 0.944169580936
803.018249512 460.234344482 29.5611572266 31.4643249512 0.941639959812
222.302001953 413.459381104 27.3262329102 32.4518432617 0.930736064911
777.823059082 530.015380859 29.1153564453 32.0227050781 0.906594157219
137.13973999 344.422821045 14.0767364502 16.6461486816 0.902594745159
595.372680664 431.621673584 25.3507080078 33.529083252 0.880618691444
