2--Demonstration/2_Demonstration_Demonstrators_2_378.jpg
52
809.949035645 489.976379395 60.2747192383 69.9600219727 0.998777329922
102.617546082 459.975830078 64.7006149292 79.0542602539 0.998691141605
197.962081909 400.461639404 60.6900787354 70.1995239258 0.998572707176
671.940246582 333.526184082 49.5726318359 56.0775756836 0.998448848724
937.12109375 396.357910156 61.4834594727 69.8295288086 0.997915685177
215.761413574 496.303741455 69.556427002 79.6962585449 0.997791647911
261.082855225 354.814666748 58.7481079102 66.7289733887 0.99761813879
606.945495605 327.465270996 50.8895874023 60.4189147949 0.997549712658
320.929321289 462.354705811 54.4358520508 61.4208679199 0.996028065681
596.797241211 414.416381836 48.6146240234 58.773651123 0.994381606579
154.504257202 268.265777588 39.9478607178 44.6039733887 0.991533577442
395.580505371 238.021209717 34.7167358398 40.5710754395 0.991406559944
306.877990723 275.910308838 37.3597717285 44.9231872559 0.991295099258
103.465950012 139.093490601 26.2073898315 30.6632080078 0.990871965885
535.84552002 257.903411865 35.4631958008 44.5103149414 0.990853011608
481.682006836 207.78276062 31.8605957031 41.3659515381 0.989972352982
495.507446289 515.9609375 77.8240966797 60.0390625 0.987486958504
330.670684814 220.830093384 28.6604614258 37.3095550537 0.98427593708
155.082748413 204.590606689 31.3167419434 37.9078369141 0.984261035919
90.1934585571 298.046783447 46.1962814331 51.9835510254 0.983359158039
765.632202148 317.697784424 37.2239379883 40.893157959 0.983293294907
645.215393066 440.512054443 50.1791992188 61.434173584 0.98282790184
13.3236217499 205.803924561 36.6790714264 41.5617675781 0.982703328133
97.9128723145 206.042953491 36.2021484375 39.2518920898 0.980920910835
647.777160645 261.58984375 38.2664794922 42.9987182617 0.979327738285
191.987701416 190.253356934 26.047668457 33.7736206055 0.979210555553
359.494842529 223.353469849 32.1861572266 39.6199493408 0.978988945484
416.192443848 191.855621338 32.0162658691 35.1323242188 0.977942287922
507.857452393 363.626586914 45.5429382324 55.8091430664 0.975854337215
601.161376953 271.042541504 32.0775756836 34.4833984375 0.973236978054
220.129669189 245.235595703 37.1968688965 45.6522521973 0.972229957581
503.541564941 301.20703125 40.7077636719 43.8460083008 0.971048593521
571.165161133 238.156692505 29.213684082 34.122543335 0.969486057758
433.834320068 307.048278809 39.5170898438 46.7723999023 0.968554735184
431.742340088 459.111083984 71.3544006348 77.7603149414 0.966485261917
715.269287109 407.058776855 35.9511108398 43.1018676758 0.96077555418
208.148635864 135.858108521 23.7890472412 28.5563659668 0.959528625011
158.392196655 168.916259766 25.9573822021 31.2374267578 0.944157600403
343.44317627 192.634979248 24.6149597168 31.8463439941 0.942628145218
735.562011719 284.647796631 28.8109130859 36.6733703613 0.934849560261
753.925231934 421.733795166 47.2326660156 54.7229614258 0.932495474815
645.04510498 495.542480469 59.932800293 66.7268066406 0.928817927837
268.556427002 225.652984619 34.5457458496 40.8061218262 0.926446080208
494.911224365 416.255889893 49.3830871582 60.7586975098 0.922376275063
93.7960891724 249.787338257 32.5668487549 36.8450775146 0.910897314548
868.531005859 335.708526611 30.8616943359 35.8494567871 0.881006836891
370.05355835 291.300842285 37.6755371094 42.061920166 0.875335156918
0.0 302.776062012 32.1216678619 63.7006530762 0.873168349266
552.154541016 376.622436523 38.6884765625 47.2016906738 0.860776007175
309.976898193 169.030670166 23.7657165527 29.2340087891 0.859784603119
948.715148926 227.256072998 25.594909668 31.6207275391 0.818178534508
137.547943115 303.250335693 30.628036499 44.6729431152 0.809214115143
