2--Demonstration/2_Demonstration_Demonstration_Or_Protest_2_304.jpg
10
191.900939941 279.420379639 49.0143280029 66.6086120605 0.998626589775
681.164367676 402.428039551 48.3970947266 58.424621582 0.995442032814
372.625244141 363.34777832 36.6588134766 47.0565185547 0.993672251701
520.829162598 345.628570557 50.8617553711 70.2476806641 0.992439627647
429.456695557 378.562591553 45.8971557617 57.9479064941 0.986687481403
763.811035156 287.497406006 103.712646484 122.013824463 0.984463334084
303.374206543 387.442901611 36.384765625 45.0866394043 0.973343610764
78.4213943481 384.12322998 36.0168609619 47.4922180176 0.916602134705
259.875549316 381.878692627 44.7709960938 58.6051025391 0.908667266369
34.7776794434 395.392333984 29.7431182861 42.4434509277 0.866250813007
