2--Demonstration/2_Demonstration_Demonstration_Or_Protest_2_173.jpg
22
671.221130371 279.984680176 49.5255737305 63.7498168945 0.996182501316
49.0566940308 353.390411377 52.132484436 55.5627441406 0.995885670185
653.180114746 207.372543335 34.0815429688 44.2016906738 0.995639681816
845.314208984 290.181762695 52.5121459961 65.9500732422 0.995466470718
774.077514648 187.644577026 32.8638916016 47.0199432373 0.994424283504
865.372070312 210.440002441 46.3848876953 56.3735046387 0.993483364582
169.116012573 313.240722656 43.0566558838 56.445098877 0.992287278175
360.640472412 294.899810791 42.1364440918 57.2515258789 0.99193996191
506.606536865 217.858551025 36.0221252441 46.9817504883 0.991173326969
353.040588379 227.780960083 28.5478515625 39.4955291748 0.990784883499
272.471008301 277.378143311 35.0397033691 42.2816772461 0.989407598972
254.341506958 252.648773193 30.1311187744 41.5971374512 0.987071692944
580.03338623 234.449356079 45.330078125 57.731552124 0.982840120792
109.4974823 248.726303101 36.983795166 49.9131011963 0.977943539619
456.702514648 227.97492981 34.7574768066 45.4033660889 0.971668660641
741.516845703 160.371002197 21.7274169922 30.6547546387 0.966245353222
828.676330566 164.655792236 25.1346435547 31.3864746094 0.963916540146
174.998077393 225.378433228 21.6965026855 29.6635284424 0.951593399048
672.381530762 153.894332886 20.1934204102 28.0832977295 0.927951574326
3.76988482475 216.124633789 13.9944565296 17.3437957764 0.846584975719
450.37902832 208.712509155 22.9096069336 29.7636871338 0.833782076836
546.930969238 167.839981079 14.3118286133 17.2219390869 0.824922323227
