2--Demonstration/2_Demonstration_Demonstrators_2_545.jpg
10
289.658599854 431.61605835 31.8082885742 40.9839782715 0.994194447994
67.2171859741 431.18737793 28.720664978 39.1842041016 0.972173631191
257.162261963 501.153137207 34.1637573242 47.4325561523 0.961282193661
55.7763137817 490.922271729 51.9425430298 65.3104553223 0.957838714123
414.519866943 456.846191406 26.5542907715 34.6265258789 0.953568637371
254.070114136 404.045532227 25.8715057373 32.8182373047 0.953265964985
148.863052368 417.725860596 30.0908660889 37.328338623 0.890360713005
99.5647735596 392.674468994 28.6413574219 34.5776062012 0.854415416718
834.468078613 369.270996094 26.9997558594 33.4341430664 0.831681311131
359.322906494 418.976257324 24.4453735352 31.4125061035 0.804787456989
