2--Demonstration/2_Demonstration_Demonstrators_2_329.jpg
13
250.660751343 94.4487762451 64.6398468018 82.2597961426 0.997963428497
204.016036987 48.2203521729 47.8073120117 61.8907928467 0.996675610542
859.892028809 167.282562256 40.2404174805 47.3771514893 0.996037721634
932.726806641 180.636291504 33.1575927734 39.8018951416 0.990321695805
711.939697266 165.811462402 25.7632446289 36.0238189697 0.987552046776
663.917724609 149.603378296 25.9329223633 34.8983306885 0.987218141556
375.615325928 98.4163894653 26.7767333984 33.392326355 0.982630550861
790.469970703 190.266296387 23.7640380859 29.7612457275 0.944537997246
982.244750977 221.421600342 26.6948852539 32.6513366699 0.92863714695
135.6534729 90.2635879517 47.7455749512 53.8704605103 0.883562803268
28.1898269653 0.0 46.6824569702 51.6603965759 0.881003499031
114.830177307 34.7887115479 36.9735946655 44.2284851074 0.87775272131
956.665283203 191.398025513 26.9352416992 34.5109710693 0.876914143562
