2--Demonstration/2_Demonstration_Demonstration_Or_Protest_2_420.jpg
14
477.945953369 163.249725342 34.6502075195 43.5092010498 0.989856243134
404.059692383 229.091003418 51.4101867676 75.8121643066 0.985160946846
310.135925293 167.5234375 30.8717346191 49.6865234375 0.964972913265
418.694641113 131.888061523 24.1515197754 33.1468353271 0.947840809822
596.145812988 170.264678955 29.2331542969 49.7782592773 0.946878731251
369.619293213 173.730041504 26.376159668 37.0938720703 0.945920884609
808.918945312 185.222564697 29.1689453125 36.287399292 0.894151449203
208.959228516 145.621902466 26.7945556641 38.9018859863 0.886800229549
721.735717773 163.158081055 31.6572875977 45.424331665 0.876935422421
986.887695312 144.695129395 23.8649291992 30.6770629883 0.871561706066
926.959289551 250.603179932 51.0350341797 70.1418762207 0.863831222057
519.287841797 143.4087677 22.5242919922 31.7481842041 0.844238162041
910.238891602 111.999092102 13.9260253906 17.7921676636 0.831161677837
640.045227051 124.02091217 27.1813354492 37.8566055298 0.83109152317
