2--Demonstration/2_Demonstration_Demonstrators_2_188.jpg
10
220.535980225 348.263275146 51.3134765625 57.0708618164 0.998817980289
188.955093384 287.123931885 35.532119751 45.744720459 0.996999263763
225.399032593 241.887741089 34.7593231201 44.5733795166 0.994570195675
285.406646729 335.894287109 42.5274047852 56.792388916 0.993351638317
3.04536819458 422.235473633 37.7553749084 49.6798400879 0.992422878742
480.186767578 382.9425354 43.6075439453 54.6784973145 0.992092311382
153.198532104 409.777862549 44.9104003906 57.203704834 0.991208553314
875.223754883 365.241760254 32.3167724609 41.6569519043 0.989072442055
376.231750488 463.056610107 93.1019287109 116.287139893 0.988334417343
788.509887695 1082.38537598 112.21472168 106.605102539 0.864451229572
