2--Demonstration/2_Demonstration_Protesters_2_86.jpg
56
729.349304199 340.351318359 32.4602050781 41.4106445312 0.999058783054
807.913818359 321.15612793 28.9378051758 34.5437927246 0.997715115547
320.336181641 367.210540771 32.383972168 38.1383666992 0.997569620609
118.185325623 337.953491211 27.4948196411 35.5908203125 0.997326612473
460.797576904 374.102539062 36.2703552246 44.276184082 0.99724650383
282.786651611 334.193908691 30.7354125977 37.0950012207 0.997034192085
969.172546387 352.929077148 31.3255615234 40.0762023926 0.996183931828
45.4665756226 480.748718262 46.9458084106 55.8376464844 0.99601572752
184.416564941 373.655181885 37.1007385254 42.9077758789 0.995887219906
597.57434082 327.741271973 27.1168823242 34.7557983398 0.995397150517
352.478729248 472.510864258 47.3857421875 53.879699707 0.994539558887
185.199859619 314.95980835 23.5166168213 30.1644897461 0.994198441505
218.22543335 330.032348633 26.3314056396 32.5975341797 0.992502450943
493.621795654 316.505401611 24.6491394043 32.0082092285 0.990623176098
680.602355957 413.12701416 33.3092651367 40.8152770996 0.988495707512
805.921386719 426.183166504 36.5136108398 39.4496459961 0.986002087593
38.8909797668 593.705688477 77.4572944641 82.7107543945 0.984035909176
537.956054688 442.330169678 46.8231811523 57.0416870117 0.982959270477
72.2281112671 312.906982422 23.8969345093 29.9063110352 0.974262654781
23.2827949524 295.975463867 23.792263031 28.9378051758 0.968217432499
900.684631348 373.478118896 30.2637329102 35.8811340332 0.967972457409
532.248962402 300.753540039 23.0650024414 28.7734680176 0.964485526085
391.668518066 334.973754883 24.0924377441 27.3298950195 0.960680484772
967.66986084 556.588012695 56.3301391602 61.0836181641 0.959505558014
677.569213867 307.615631104 25.9119873047 33.0911865234 0.953162431717
929.85369873 323.684936523 28.6560668945 32.3484191895 0.951977849007
977.814147949 304.781005859 22.6249389648 28.1819763184 0.933353841305
512.257446289 262.691833496 15.6707763672 19.6464233398 0.932302713394
360.361053467 272.227081299 16.2223205566 19.6031188965 0.931420505047
898.655944824 234.606109619 12.703125 15.5425567627 0.930623412132
247.688339233 255.19694519 15.3646392822 19.6434783936 0.929954707623
328.925994873 264.49206543 15.0232849121 18.979095459 0.924982905388
150.35168457 272.195373535 16.0402069092 20.7341918945 0.908461868763
782.879821777 277.051513672 15.6413574219 21.348815918 0.906342446804
605.625732422 270.023406982 16.7593383789 20.9010009766 0.892435133457
447.261505127 267.053283691 17.6878967285 22.645904541 0.884849071503
462.254669189 248.659988403 13.1015930176 16.024520874 0.8815934062
864.102233887 264.778930664 13.5075683594 16.1599121094 0.880805253983
25.6194877625 264.227264404 14.5982971191 18.5053710938 0.877058982849
680.971130371 269.896392822 16.8837890625 20.2663574219 0.872929036617
771.336120605 249.401138306 13.6864624023 16.6609649658 0.869029402733
654.058959961 278.735321045 22.3243408203 27.3405151367 0.861180961132
306.928710938 233.977859497 11.979888916 14.6036071777 0.858814120293
281.752441406 248.93157959 11.5952148438 14.6001586914 0.853265285492
1008.99993896 260.350219727 14.5486450195 18.5547180176 0.850859820843
815.20880127 264.806549072 13.9295043945 15.8758544922 0.848773777485
134.749603271 232.323074341 13.1885986328 15.6380462646 0.842681765556
129.327850342 272.937835693 16.5526123047 20.4025268555 0.840797007084
763.617736816 299.990692139 22.9645996094 28.2293395996 0.83788728714
881.514343262 251.974487305 14.4707641602 17.6280822754 0.836645722389
121.023460388 297.100189209 21.1253433228 24.9804077148 0.831606686115
620.167175293 255.982162476 14.4169921875 16.967880249 0.823782384396
968.358337402 262.527832031 12.7555541992 16.5880432129 0.823607206345
650.740783691 245.351928711 13.7059936523 16.48046875 0.817100524902
185.344711304 233.909820557 11.4163360596 13.5534667969 0.812588334084
743.03894043 278.619293213 14.9415893555 18.9418334961 0.809535980225
