2--Demonstration/2_Demonstration_Political_Rally_2_746.jpg
12
584.084655762 364.808441162 65.3647460938 77.8656005859 0.998624920845
514.056945801 359.2394104 60.5707397461 75.3631896973 0.997064530849
851.316650391 2260.59277344 61.7575683594 76.080078125 0.99688488245
583.606384277 88.8846130371 69.5367431641 82.9585876465 0.996775567532
962.893005371 118.985404968 43.4268798828 60.463432312 0.987205386162
168.022262573 2369.41552734 88.9307403564 110.584472656 0.984000146389
56.8891677856 2333.79736328 45.6234588623 57.8505859375 0.97748529911
593.651367188 2295.9128418 30.063293457 40.0471191406 0.969789922237
350.44342041 2317.04516602 94.2705993652 112.572998047 0.968611001968
203.360198975 2252.39648438 42.140838623 55.5717773438 0.96450138092
781.749816895 1351.75097656 65.5104980469 96.4025878906 0.935630619526
752.575439453 2326.23876953 32.8095092773 34.447265625 0.931044757366
