2--Demonstration/2_Demonstration_Political_Rally_2_816.jpg
9
797.403869629 555.526306152 62.8322753906 72.8034667969 0.998033702374
232.23765564 433.031433105 67.2791900635 78.2970581055 0.996542274952
506.915618896 38.9884567261 95.9812927246 119.88306427 0.981554150581
151.628311157 404.453033447 51.5781555176 63.8430786133 0.971624314785
703.801208496 494.780731201 53.7265625 66.5685119629 0.969917833805
93.5195159912 445.929229736 89.0703277588 132.902008057 0.901308596134
763.419799805 434.953308105 31.3590087891 37.8739929199 0.893470823765
718.90222168 432.96194458 29.7305297852 36.2288208008 0.865742206573
688.276916504 466.590667725 33.1228637695 45.0364379883 0.80686634779
