2--Demonstration/2_Demonstration_Demonstration_Or_Protest_2_385.jpg
19
756.301330566 471.87902832 25.7484741211 34.695526123 0.995225906372
287.702270508 536.889282227 30.3809814453 43.8295288086 0.991993427277
360.373931885 454.701751709 25.0115661621 31.4361572266 0.989406168461
678.07232666 558.028991699 34.4533081055 40.6683349609 0.987015366554
394.503326416 531.506286621 31.0180053711 37.7893676758 0.986698508263
213.301254272 469.875091553 26.264541626 30.0735778809 0.98175573349
504.583618164 538.888549805 34.087890625 37.0473022461 0.97599709034
582.029907227 455.969360352 22.6682128906 28.438293457 0.974920630455
615.50579834 495.784912109 26.3102416992 28.9546508789 0.953127741814
187.430038452 523.362487793 32.924331665 39.232421875 0.933827221394
32.3598861694 511.957977295 33.1990814209 39.9999084473 0.927448451519
21.7895755768 545.283691406 28.4613208771 42.7294921875 0.92468392849
686.723815918 465.437591553 20.9499511719 27.7317199707 0.909236252308
129.943328857 501.434875488 24.851852417 32.0593261719 0.889589488506
99.9244232178 516.049804688 27.0168380737 33.6004638672 0.835077285767
778.229309082 460.886352539 23.3614501953 28.7470092773 0.834682404995
820.242126465 392.040557861 13.6883544922 17.6048278809 0.815494418144
984.674377441 367.443756104 13.4224853516 15.9014587402 0.80862557888
873.677734375 392.474029541 15.4858398438 18.5966796875 0.805202066898
