2--Demonstration/2_Demonstration_Protesters_2_531.jpg
83
1001.45751953 578.426330566 22.5424804688 29.2978515625 0.976395905018
160.283813477 642.346252441 23.7824249268 28.436340332 0.965421140194
926.589355469 538.812438965 23.6704101562 30.1232299805 0.961503148079
91.6435241699 279.324249268 13.5449371338 16.8812866211 0.959745883942
903.596435547 364.228790283 15.5518798828 20.0301208496 0.94687128067
878.778747559 538.016784668 22.4978637695 28.8296508789 0.943438529968
425.99017334 209.626693726 12.5518188477 16.1597595215 0.940416991711
40.2013053894 286.261810303 13.0118751526 17.0165405273 0.940071940422
889.016418457 193.029403687 13.5992431641 16.8998718262 0.938990533352
364.515319824 583.363891602 22.806640625 28.2335205078 0.938931763172
809.616394043 256.359710693 13.2437744141 16.8944396973 0.937566280365
751.591430664 362.873687744 15.6906738281 18.7932739258 0.936069786549
135.929870605 303.386535645 14.3743896484 17.2524414062 0.932368218899
615.647338867 302.455200195 15.4179077148 19.6271362305 0.931930780411
655.336364746 263.21697998 16.3259277344 20.342590332 0.924459636211
667.006225586 233.608093262 14.0973510742 17.6123504639 0.92116189003
498.456695557 286.707702637 14.2940063477 17.8243103027 0.921123683453
411.114715576 231.81338501 13.6800231934 16.8445587158 0.920441329479
777.096008301 286.156188965 12.6278686523 16.579284668 0.918023049831
585.466247559 207.788360596 12.3400878906 15.4018859863 0.917555510998
848.66784668 196.803192139 13.0722045898 16.7014312744 0.915937304497
841.266662598 263.73651123 15.8444824219 19.609161377 0.914667308331
583.991455078 326.957794189 14.6571044922 18.751953125 0.913902044296
354.070404053 157.37928772 13.5140075684 16.2765655518 0.912505984306
431.513000488 416.19354248 14.9544677734 18.135925293 0.907271802425
201.448669434 296.631591797 14.8865509033 18.5757446289 0.904343903065
410.04699707 158.418518066 13.5004577637 16.5866088867 0.902799904346
681.692687988 246.419296265 13.9594726562 17.6257171631 0.901854157448
293.768890381 651.05682373 23.410949707 25.9431762695 0.89877063036
800.575439453 289.006896973 14.0091552734 17.7075805664 0.89615046978
367.988555908 241.862915039 13.9278564453 16.8875427246 0.8960968256
897.975952148 311.178985596 14.2768554688 18.389465332 0.895755052567
570.194213867 307.512359619 14.9774780273 18.5790405273 0.894617378712
418.53616333 279.848510742 14.3560180664 17.8393249512 0.893524885178
94.5590820312 240.626983643 13.2540283203 16.4144287109 0.887023329735
680.988952637 198.202133179 13.8036499023 17.8963165283 0.884676218033
695.271362305 322.767730713 16.3314819336 20.1252441406 0.88288962841
833.662353516 313.454223633 14.6582641602 17.9789428711 0.871782779694
582.601013184 494.091888428 23.125793457 28.2734069824 0.871476709843
474.664489746 312.32119751 14.2186584473 17.0533447266 0.869169771671
680.919250488 391.26864624 15.9275512695 19.576171875 0.866038918495
990.61151123 264.723358154 13.7095947266 17.7857971191 0.865907967091
888.469604492 382.60067749 15.3473510742 20.0883789062 0.864057600498
98.3611679077 216.140029907 11.549621582 14.8742523193 0.863767266273
496.180206299 193.755706787 13.1728515625 17.0010528564 0.86319488287
273.590270996 184.73260498 12.0965881348 14.8657073975 0.862992107868
474.100219727 408.672363281 14.0559997559 16.9987792969 0.862933278084
268.199645996 154.035827637 11.2840881348 13.4763946533 0.860782504082
264.896820068 276.865570068 13.7363891602 17.3018798828 0.86050093174
399.166534424 252.542114258 14.4279174805 17.433013916 0.857905805111
416.083435059 445.35369873 16.1406860352 19.8542785645 0.857558488846
80.3675384521 458.116149902 21.8624725342 28.5213012695 0.854016244411
606.632141113 331.796417236 14.7174072266 18.5987548828 0.85315912962
153.205673218 286.095123291 14.2244720459 17.7406005859 0.852737307549
369.617614746 382.280853271 14.9167480469 17.6563415527 0.850845456123
123.238761902 538.948364258 21.4818496704 27.6945800781 0.850087404251
899.407165527 264.5050354 13.5331420898 15.9127807617 0.847462356091
535.929199219 319.43157959 14.151184082 16.2117004395 0.846424937248
745.329711914 249.185379028 11.8556518555 14.6080169678 0.846266627312
974.976135254 300.497253418 15.3209838867 18.9391174316 0.843715906143
115.06578064 509.3671875 21.9632873535 26.3571166992 0.843027353287
686.384765625 447.5 14.9528198242 18.6861877441 0.841032445431
959.764282227 315.78427124 14.6884155273 18.2862548828 0.839954018593
962.441345215 422.307159424 15.0982055664 19.283416748 0.838358938694
411.719604492 522.993591309 22.1488952637 28.1157836914 0.835225224495
12.4707698822 567.387451172 21.9948749542 26.414855957 0.833152592182
655.042419434 317.8175354 13.7998657227 17.4305114746 0.832209229469
278.014709473 326.780700684 16.8659362793 21.5325927734 0.832071781158
663.582946777 353.602661133 15.740234375 19.3276062012 0.828025043011
632.960266113 409.919891357 15.0254516602 18.6461181641 0.825342416763
226.664657593 649.627685547 21.2326507568 27.3723144531 0.824833095074
247.247680664 372.324401855 16.1368713379 19.833404541 0.82386136055
808.268127441 357.452972412 16.7647094727 20.2402038574 0.819773674011
312.741271973 489.798248291 20.220123291 27.8675842285 0.819715738297
849.116210938 242.071304321 12.5150146484 15.4941864014 0.819701611996
792.793640137 118.564529419 11.6813354492 15.5101470947 0.81937122345
493.70111084 446.344207764 17.8207702637 21.8125 0.817624092102
635.316162109 238.655990601 14.684387207 18.5040130615 0.817613959312
120.327285767 474.423736572 17.3297119141 21.3067321777 0.814476907253
958.028381348 239.545715332 13.7689208984 16.4779968262 0.812140882015
873.368469238 141.583435059 13.0676269531 16.6770629883 0.810920834541
339.195922852 214.448867798 12.5585632324 15.2431182861 0.809898734093
933.224731445 262.108001709 15.1351928711 17.0927124023 0.802218496799
