2--Demonstration/2_Demonstration_Political_Rally_2_695.jpg
15
762.111572266 552.804992676 61.1208496094 78.2850952148 0.997740626335
583.543212891 366.243469238 34.0815429688 43.5441894531 0.989832520485
805.00390625 225.542755127 25.7958984375 32.9820861816 0.980379104614
440.497283936 345.767059326 29.0129089355 35.4315490723 0.979319632053
424.287353516 469.162109375 35.3650512695 45.8277587891 0.974337458611
44.5630340576 237.766815186 29.3762664795 32.6374511719 0.970585465431
301.950714111 424.88848877 34.4389343262 39.1972961426 0.968430161476
325.453582764 473.234680176 42.3520202637 46.9769287109 0.967910826206
497.82019043 377.077362061 31.3071289062 39.0946350098 0.965300381184
403.864440918 373.739807129 37.4500732422 45.3671569824 0.949848413467
18.8470802307 268.885864258 25.9025421143 31.5885925293 0.941484689713
7.22341108322 431.006164551 44.4462628365 53.2868347168 0.927474319935
1.69492530823 384.233886719 33.0939159393 36.9938049316 0.893704950809
965.120544434 644.705932617 55.9130859375 39.2940673828 0.836344599724
813.755371094 294.441589355 23.591796875 32.713104248 0.805983901024
