2--Demonstration/2_Demonstration_Demonstrators_2_781.jpg
9
255.113555908 171.984909058 48.9066162109 68.5865783691 0.99973732233
545.24432373 141.325836182 56.6676635742 82.0054473877 0.997145354748
691.58203125 221.011779785 50.5319824219 57.1499328613 0.995864152908
391.95614624 196.766311646 24.3437805176 31.5545959473 0.988994061947
534.70111084 213.102539062 33.0783691406 43.0024719238 0.984910190105
461.880493164 201.286010742 42.6478881836 53.9424743652 0.982999920845
928.728027344 229.153320312 28.4963378906 34.3588256836 0.971832931042
928.208679199 270.721893311 33.3234863281 45.559753418 0.963405430317
238.969421387 136.248657227 29.037109375 44.2766876221 0.868543982506
