2--Demonstration/2_Demonstration_Demonstration_Or_Protest_2_140.jpg
17
952.506225586 639.107910156 27.4057617188 31.9350585938 0.979988992214
842.11328125 629.387573242 25.4825439453 32.9182128906 0.932418584824
280.821960449 525.949951172 14.0858764648 17.5454101562 0.88805103302
524.035705566 527.882873535 13.3532714844 15.9262084961 0.884193003178
833.91973877 542.610107422 16.0049438477 19.1542358398 0.883754074574
778.008056641 521.34387207 14.6804199219 18.4495239258 0.875480294228
231.916259766 464.38104248 15.2552642822 20.1372680664 0.87474501133
680.897155762 476.340179443 14.7180175781 17.5247497559 0.868858218193
203.324127197 541.690612793 15.5188903809 19.5150756836 0.849527359009
450.108123779 484.86895752 14.7261657715 18.0230407715 0.8471326828
609.681030273 431.523010254 14.1244506836 17.5343322754 0.844837605953
455.661132812 397.4090271 13.0879821777 16.1382141113 0.840141177177
762.555236816 597.296875 14.4677734375 17.1910400391 0.838329911232
768.183776855 542.276245117 17.610534668 21.1101074219 0.827946543694
806.274047852 568.216308594 16.1329956055 20.819519043 0.805386304855
802.509460449 645.910705566 15.9538574219 19.1773071289 0.803714931011
784.859924316 560.070922852 16.807800293 20.9718017578 0.802242517471
