2--Demonstration/2_Demonstration_Demonstrators_2_547.jpg
11
683.764831543 140.862457275 54.7518920898 75.1660919189 0.999365746975
217.596054077 139.078918457 54.7881317139 70.248550415 0.998233318329
485.372009277 164.484298706 39.3492431641 45.7210235596 0.991769313812
822.397338867 139.307159424 44.5783081055 54.8901824951 0.990250945091
879.246520996 179.023666382 40.5527954102 45.3795318604 0.976058065891
637.978271484 162.088729858 43.0756835938 55.9378662109 0.947116494179
0.0 212.230987549 25.1198368073 41.0419464111 0.918217778206
929.615112305 203.588500977 31.0115966797 40.4570770264 0.899948894978
940.691833496 204.177566528 43.8461914062 58.8882904053 0.880694508553
458.572174072 201.003173828 26.2373352051 34.8978271484 0.828178346157
419.412628174 192.123901367 25.3841552734 30.8697357178 0.809771239758
