2--Demonstration/2_Demonstration_Political_Rally_2_57.jpg
20
211.577423096 146.26802063 34.4109191895 45.8278503418 0.996077597141
79.9402694702 138.837875366 33.6430435181 45.024597168 0.993522465229
895.924133301 254.432846069 32.8588256836 45.5164642334 0.993501484394
481.917114258 306.727600098 53.4965820312 68.5820007324 0.991946518421
492.430755615 168.084060669 33.4154968262 41.2838592529 0.988170266151
527.035644531 156.077362061 33.0970458984 38.6388702393 0.98622584343
779.305419922 147.50541687 34.1604003906 43.3074798584 0.983489632607
278.480407715 144.022720337 27.8242492676 37.3211212158 0.977247416973
757.224365234 144.339797974 30.5277709961 37.2340240479 0.97573786974
943.77947998 171.287124634 29.913269043 35.0612945557 0.965015769005
591.494384766 132.3177948 31.1538085938 46.8784637451 0.961697697639
823.802307129 123.878768921 33.7506103516 42.4990844727 0.959420323372
384.134399414 123.304214478 30.892364502 39.7223510742 0.95706319809
361.290130615 139.653549194 33.0592956543 44.303527832 0.945317208767
916.761779785 168.738815308 27.9564819336 37.2460479736 0.932233989239
662.665283203 180.639755249 32.5270996094 41.5720062256 0.917276501656
272.818878174 205.531051636 34.9627685547 41.8946228027 0.903382360935
6.1123752594 127.820793152 23.6781520844 34.0341567993 0.863566577435
929.494750977 215.477111816 23.7725219727 30.0427703857 0.820783317089
147.768554688 133.647186279 30.6655883789 36.6581268311 0.801933288574
