8--Election_Campain/8_Election_Campain_Election_Campaign_8_118.jpg
16
292.388 166.881 54.1095 70.0392 0.998719
889.103 330.929 58.4164 79.1364 0.998463
405.674 207.067 70.8443 86.8326 0.996548
715.05 367.939 104.385 134.897 0.995238
649.551 200.341 37.5109 44.1165 0.993415
530.503 167.567 37.9374 46.0976 0.990131
214.118 190.742 43.9173 54.3195 0.984041
692.702 242.879 86.0016 120.544 0.974646
995.4 238.862 31.6581 37.4353 0.969433
534.273 299.077 63.4821 100.576 0.953961
360.67 172.663 46.1909 62.0125 0.946449
156.596 205.703 48.8016 60.0876 0.944888
139.617 190.879 50.9776 66.4801 0.942642
957.026 274.428 38.4464 44.4764 0.900202
213.629 282.322 34.6131 48.3907 0.877488
886.348 228.749 25.6423 41.2853 0.829693
