8--Election_Campain/8_Election_Campain_Election_Campaign_8_76.jpg
19
345.567 297.127 34.996 44.4915 0.997082
444.087 227.177 35.2935 45.6035 0.996739
780.623 287.824 34.033 42.9579 0.996506
642.054 231.391 32.3428 41.2583 0.996294
711.106 309.405 31.0549 41.7397 0.996283
412.566 281.395 36.0821 42.6724 0.995032
356.987 229.744 32.1263 37.9753 0.994108
256.568 285.612 36.7902 45.1371 0.993602
840.528 272.619 43.9592 54.1417 0.99351
683.962 288.576 32.2235 43.6138 0.99334
152.461 305.005 38.4834 43.0214 0.992887
71.1722 309.366 36.7051 46.2645 0.991801
511.963 249.322 36.744 45.2392 0.991001
20.7137 294.143 41.8028 47.1643 0.990885
613.466 272.618 33.5085 44.2257 0.989034
553.334 256.088 32.2963 42.709 0.987419
711.299 229.306 26.6029 36.1219 0.985419
296.084 220.86 31.1454 39.7541 0.983667
391.21 235.333 27.7386 36.1462 0.945462
