8--Election_Campain/8_Election_Campain_Election_Campaign_8_412.jpg
33
901.206 353.014 31.8635 42.7837 0.985588
809.48 139.026 27.3823 34.2835 0.981516
425.617 423.737 32.8304 44.041 0.975216
691.717 446.995 42.2161 58.9632 0.974088
967.764 535.582 34.5367 46.6481 0.964658
963.608 206.185 31.1842 35.5197 0.9622
301.731 564.365 45.104 64.6891 0.961379
250.089 170.809 26.5831 34.9014 0.954908
976.931 261.091 29.7709 38.6932 0.949201
278.889 488.337 29.4349 38.4778 0.949083
141.595 301.792 29.7891 39.5494 0.940908
639.64 425.979 37.3748 45.6741 0.928244
272.343 258.107 29.9875 37.1358 0.922834
933.415 317.676 29.334 37.5522 0.922757
546.077 142.978 28.8644 33.319 0.921524
616.985 289.06 28.1406 36.735 0.919446
232.836 71.6341 15.2056 19.2579 0.919107
5.1905 263.419 33.4207 39.0402 0.903187
623.955 387.794 32.8341 43.0458 0.898454
168.712 246.473 25.0233 35.5625 0.897489
304.756 13.4912 13.6948 17.5477 0.884888
726.142 500.121 35.4652 46.9839 0.879921
768.044 591.916 49.0994 59.838 0.876236
401.511 373.692 24.145 31.9262 0.870636
640.062 304.837 32.1831 40.36 0.86728
486.197 256.736 36.1605 41.5706 0.85667
347.554 178.643 24.5593 31.6528 0.855878
862.622 457.584 35.2631 42.2446 0.848522
978.298 318.878 31.2317 41.5886 0.847065
768.857 431.517 31.1609 49.8691 0.825475
359.857 233.492 27.8227 35.912 0.825408
337.89 398.773 34.2336 45.9282 0.819863
15.9037 511.554 32.298 47.6741 0.800761
