6--Funeral/6_Funeral_Funeral_6_696.jpg
25
93.8992 183.536 25.0864 36.5536 0.99973
410.298 90.3738 57.5876 57.0637 0.999578
895.406 129.875 47.0446 60.2703 0.999545
813.873 145.941 51.0519 70.5834 0.999461
562.249 59.3615 63.582 96.3559 0.999359
330.347 176.985 26.6504 35.2879 0.9993
677.868 116.497 62.7723 86.0982 0.999286
58.6559 196.271 27.1048 33.9164 0.999279
967.04 168.431 53.1636 66.5 0.999267
458.857 170.205 62.7113 82.244 0.998387
116.476 187.012 30.5783 39.493 0.998307
158.155 192.156 32.9436 44.3776 0.998284
5.35098 175.611 27.094 32.7081 0.998008
558.211 208.439 60.9389 88.7979 0.997157
364.337 174.58 22.4687 30.6567 0.995901
20.0197 201.045 25.9794 32.7424 0.99228
387.612 144.55 28.8729 43.7132 0.992179
265.711 151.862 26.9776 33.1665 0.989572
219.585 173.107 21.7194 28.8589 0.974803
293.554 164.66 17.4425 23.1471 0.962775
90.0113 155.284 21.9506 28.3762 0.960231
958.756 157.044 24.9879 36.7174 0.956755
548.878 147.849 28.7914 44.1474 0.918011
58.5153 173.653 23.0804 27.782 0.905719
22.4543 162.496 22.9988 28.8743 0.875416
