6--Funeral/6_Funeral_Funeral_6_109.jpg
33
194.989 215.376 30.9523 38.8594 0.999363
302.555 227.955 26.6716 31.2719 0.999305
352.997 226.283 25.9892 31.7253 0.999014
778.296 228.886 17.7535 21.5955 0.998951
458.407 223.89 23.0519 30.2724 0.998772
247.792 220.565 28.1298 35.5215 0.998607
802.095 253.535 20.0215 22.3962 0.998534
422.835 238.317 24.1557 29.4187 0.998468
120.786 215.684 32.5919 41.6012 0.998132
697.05 247.265 18.2656 22.471 0.997797
270.909 224.031 22.8776 31.8387 0.997327
520.876 233.112 19.4178 23.3533 0.996558
646.183 219.89 19.636 23.2799 0.99542
660.025 299.603 20.2981 22.459 0.995382
739.226 253.403 18.4743 20.2915 0.994886
548.305 220.317 18.9312 22.6335 0.994208
715.89 253.562 16.5589 20.0632 0.994097
881.287 236.41 17.4346 20.5397 0.993096
587.89 228.073 20.5424 25.0494 0.992993
619.048 220.466 19.4295 22.747 0.992482
914.668 220.709 19.8528 23.2157 0.991392
302.285 197.715 22.3604 28.141 0.991259
368.424 205.245 21.5069 29.4121 0.989495
500.15 232.141 17.4691 23.436 0.988263
593.067 302.294 24.0766 29.2638 0.98602
717.089 294.388 22.4799 27.8444 0.984252
453.639 301.475 23.2516 28.1583 0.984099
572.686 322.464 23.2896 30.5253 0.982248
488.703 216.844 18.6036 21.425 0.977628
388.902 312.058 26.9705 36.0924 0.972562
410.335 203.889 22.6222 27.3645 0.967117
567.205 212.119 18.2464 20.7216 0.957302
836.225 244.214 17.3364 18.9951 0.878325
