6--Funeral/6_Funeral_Funeral_6_177.jpg
15
782.329 158.244 36.0315 43.6756 0.998844
446.121 259.729 28.1191 40.1829 0.998189
876.735 156.096 31.0816 38.6105 0.997951
898.847 193.14 32.0003 36.7501 0.996918
912.75 151.463 28.5058 44.1232 0.996779
686.832 172.875 28.5925 43.8878 0.996581
490.27 259.009 31.9487 41.604 0.996203
223.959 235.482 28.9452 43.9516 0.99615
538.881 259.858 26.6833 36.1118 0.996053
417.1 258.833 34.472 48.5459 0.995435
627.259 189.942 31.1809 41.6777 0.992194
548.891 210.576 40.0769 62.6766 0.983539
262.948 183.816 31.5542 54.7417 0.965581
516.211 191.349 13.7459 16.983 0.913022
962.389 159.532 24.9791 33.4215 0.89603
