6--Funeral/6_Funeral_Funeral_6_759.jpg
57
801.239 29.0334 26.7811 38.0512 0.999338
727.546 65.359 32.3823 39.1669 0.999296
634.343 27.8302 26.926 32.6488 0.999285
317.961 282.242 39.0055 43.8018 0.999224
566.448 13.8611 29.8534 37.9141 0.99918
127.224 93.6068 31.9211 41.0052 0.999171
461.687 97.595 30.1517 35.7284 0.999158
742.682 351.241 35.8214 42.9715 0.999156
451.132 1.16337 28.0072 33.3208 0.999153
315.644 -4.22948 29.2499 37.4474 0.999115
865.432 122.883 35.356 41.2946 0.999092
70.6535 167.131 36.3984 47.8656 0.998963
363.506 55.874 30.5138 40.2073 0.998932
683.074 12.2606 29.1629 36.9324 0.99888
95.2561 79.578 29.9678 33.8599 0.998858
122.981 10.6971 32.9749 46.1748 0.998751
16.6517 93.0704 31.0258 42.0803 0.998711
776.643 214.323 33.5465 41.9577 0.998678
195.232 -1.499 29.5953 41.6686 0.998623
169.953 67.6507 31.5843 43.8219 0.998567
957.042 217.339 33.4041 42.5366 0.998406
435.051 72.6489 28.0836 39.0277 0.998399
496.936 263.078 40.5154 45.8411 0.998326
691.987 52.0368 29.4454 39.3836 0.998298
651.632 185.114 36.6439 48.8975 0.997834
383.16 17.6844 28.9804 34.9776 0.997787
496.505 30.6579 31.1535 40.2463 0.997761
653.349 133.956 35.7923 42.6743 0.997647
267.371 163.813 36.7081 47.5331 0.997609
910.506 48.7039 31.6725 35.65 0.997531
948.46 146.375 35.0005 43.9662 0.997506
326.267 93.8139 31.4087 36.6383 0.99744
797.023 100.727 29.7213 35.8156 0.997204
380.577 118.259 31.5282 39.4567 0.997197
107.964 268.665 41.8377 57.5214 0.99713
602.495 83.2267 30.6335 37.9614 0.996828
441.839 161.512 35.9316 46.7608 0.996354
199.134 160.9 31.1678 39.1051 0.996329
898.429 289.536 38.7286 49.3935 0.996099
46.7772 146.462 31.6752 45.0106 0.995946
716.315 139.934 32.3446 37.5116 0.995683
336.075 181.451 32.3844 39.8272 0.995597
964.509 97.4777 25.1052 36.3252 0.99489
785.164 12.9772 28.2509 37.8951 0.994511
263.01 117.216 32.6341 37.3105 0.993582
849.197 274.776 29.4069 38.2841 0.991836
365.069 10.5204 23.5042 35.1877 0.991614
975.166 333.247 33.1209 38.8081 0.990717
893.01 -2.71612 26.5939 30.5944 0.989675
250.503 86.2364 27.8487 33.9793 0.984539
955.7 63.7802 25.4734 31.1149 0.978316
547.79 177.852 35.6844 39.0417 0.969103
271.927 64.8766 27.4491 33.154 0.968672
178.786 158.334 28.1885 34.3274 0.965206
60.7282 312.618 29.3277 36.1019 0.951931
204.617 92.5297 25.9078 31.9105 0.936954
660.426 99.7395 30.0721 37.7606 0.881631
