11--Meeting/11_Meeting_Meeting_11_Meeting_Meeting_11_560.jpg
17
193.079818726 572.988342285 50.3101196289 70.9630737305 0.998778164387
323.111999512 427.842498779 36.8312072754 41.7429504395 0.994790196419
558.868164062 400.491790771 26.298034668 32.8099975586 0.990881323814
198.917098999 417.870025635 31.0704956055 37.4701843262 0.989023923874
670.250427246 411.966369629 25.7987060547 33.6444396973 0.986627757549
607.515136719 414.936004639 23.8359985352 32.3771057129 0.981134176254
78.7361831665 456.420166016 31.9962387085 36.4071350098 0.980255484581
398.168212891 407.834381104 24.7421569824 31.4052124023 0.977908670902
525.824157715 415.991943359 25.4656982422 32.643157959 0.977526307106
237.373062134 408.200531006 25.6091766357 36.4614257812 0.967866361141
758.252868652 435.99987793 36.6372070312 47.7253417969 0.961362838745
0.71392250061 463.432281494 33.5659160614 47.1312255859 0.960683226585
487.512817383 399.963500977 23.273223877 31.6394042969 0.955134570599
444.416259766 416.705413818 24.7388305664 30.4210205078 0.947460412979
743.420288086 395.253631592 23.6684570312 31.1006164551 0.944494664669
87.3931503296 503.607879639 42.3760299683 52.4653625488 0.942887425423
639.936889648 396.279724121 23.2730102539 28.9803466797 0.914876997471
