11--Meeting/11_Meeting_Meeting_11_Meeting_Meeting_11_441.jpg
9
462.519104004 275.436035156 25.0374755859 33.3088684082 0.993691205978
553.517822266 280.609130859 27.9957275391 32.5818786621 0.991037845612
401.794586182 278.860137939 26.1918640137 38.6076965332 0.99043905735
649.655944824 291.169342041 29.540222168 36.7742919922 0.989331960678
255.114944458 305.711853027 27.0671234131 47.866394043 0.980359196663
130.876541138 357.25769043 45.7617797852 77.9039001465 0.962660610676
731.457397461 291.890319824 25.2691650391 38.9471435547 0.954479038715
736.491516113 336.006469727 29.3594970703 36.6734619141 0.93691778183
622.165588379 321.508270264 25.7095947266 30.0825805664 0.812408983707
