11--Meeting/11_Meeting_Meeting_11_Meeting_Meeting_11_176.jpg
12
794.548156738 92.4084091187 43.5900268555 60.5419845581 0.996407926083
120.344116211 246.286682129 33.3021850586 43.2654724121 0.995915830135
337.258605957 226.809204102 29.4036865234 36.7014770508 0.994348227978
693.48260498 248.954650879 35.0009765625 45.0044555664 0.983984172344
412.349761963 218.637817383 26.4948425293 33.8551635742 0.981578826904
187.813278198 210.868972778 24.9695739746 32.9447937012 0.980908989906
496.670288086 213.678390503 24.3926391602 29.6676177979 0.979806303978
213.634338379 267.82409668 28.7131347656 34.1136169434 0.969598650932
15.827422142 236.470581055 26.4744386673 31.4736022949 0.965077400208
654.49041748 203.006011963 21.978515625 28.9375305176 0.961735248566
282.541809082 211.707550049 23.0862426758 28.407623291 0.95059132576
570.817443848 211.57673645 21.9216918945 28.2326660156 0.949687182903
