37--Soccer/37_Soccer_soccer_ball_37_907.jpg
15
333.724 113.527 34.913 41.008 0.996005
166.212 51.524 36.3774 44.1441 0.994969
422.624 111.737 37.3483 47.1899 0.994799
13.7719 295.287 34.7199 46.2736 0.994333
257.945 73.5992 34.9858 47.3776 0.992943
125.571 178.816 38.4426 49.8443 0.992884
43.695 61.8611 35.6954 46.8404 0.99151
540.282 80.81 42.8006 55.7077 0.991049
674.295 89.7738 37.4912 48.3296 0.990304
190.293 275.657 36.1728 48.0929 0.984377
918.6 68.1172 28.7959 44.1252 0.979042
22.5445 188.086 38.9871 48.4646 0.966243
147.002 306.204 35.507 43.1087 0.931498
912.432 176.208 40.0205 45.5635 0.87881
1001.1 82.5361 28.0882 37.9863 0.820958
