37--Soccer/37_Soccer_soccer_ball_37_851.jpg
14
365.095 73.7138 49.1672 65.2612 0.999437
644.581 143.929 46.601 60.3892 0.999374
772.74 128.245 44.6992 57.9192 0.998961
868.122 123.472 43.0424 59.7186 0.998868
842.765 201.763 56.8641 69.5744 0.998764
226.388 107.737 53.7026 67.199 0.998526
724.415 206.894 52.4325 67.4893 0.998201
492.025 97.0601 48.1746 56.1809 0.997658
528.332 274.723 55.369 76.8197 0.997639
632.734 247.863 53.8257 71.7406 0.997252
379.015 279.433 59.0119 73.8767 0.997211
270.818 237.497 60.6649 75.708 0.996735
120.875 238.13 60.8832 81.6839 0.996577
824.701 94.2977 42.5466 56.2046 0.996386
