59--people--driving--car/59_peopledrivingcar_peopledrivingcar_59_532.jpg
9
0.0 74.27996875 23.767375 32.224546875 0.998351931572
231.858953125 50.7730703125 24.017046875 32.731984375 0.998305082321
63.7183984375 88.7864765625 26.4863515625 33.8697734375 0.998009979725
171.588625 91.102109375 22.920078125 30.7943046875 0.996242403984
131.944734375 51.1471054687 22.74709375 30.1388554687 0.994641661644
94.8236875 50.5959570313 23.7643359375 29.2767304687 0.990190505981
500.72084375 88.4073828125 16.1475 21.0474375 0.956808805466
735.5419375 73.642796875 23.59175 29.3369140625 0.937326192856
382.26746875 97.6524453125 15.8761875 19.072375 0.866663098335
