59--people--driving--car/59_peopledrivingcar_peopledrivingcar_59_704.jpg
8
862.9295 134.51534375 68.700625 86.557921875 0.999631047249
766.020125 93.6894140625 51.3393125 66.4572734375 0.999169111252
476.96815625 40.320359375 46.3388125 59.788375 0.99909222126
163.90584375 83.283796875 56.21971875 75.863890625 0.998675882816
626.0093125 16.6929492188 53.1998125 73.6332226562 0.998599588871
102.776898437 202.890359375 63.9123828125 75.350484375 0.998284637928
330.7608125 85.73815625 46.45353125 55.029671875 0.998190462589
442.07278125 181.818734375 62.8129375 82.997203125 0.996933221817
