18--Concerts/18_Concerts_Concerts_18_38.jpg
10
759.897216797 393.536468506 29.3115844727 44.1246032715 0.990603268147
66.8112792969 416.182739258 33.4354629517 44.8649597168 0.985661149025
530.448913574 268.201538086 25.9041748047 33.0954589844 0.982203841209
289.879974365 531.219726562 50.7872619629 85.823059082 0.981992840767
897.580688477 336.381530762 50.860534668 71.0269165039 0.973883867264
642.030090332 183.912475586 23.9801635742 32.2124938965 0.953917145729
94.4505996704 391.757598877 28.3629684448 38.7637939453 0.922472000122
147.101425171 325.222503662 24.343460083 34.9044189453 0.851610839367
593.846435547 302.113586426 21.5487060547 30.447845459 0.849065303802
628.049194336 268.321533203 30.1832885742 33.3247375488 0.84135979414
