55--Sports_Coach_Trainer/55_Sports_Coach_Trainer_sportcoaching_55_643.jpg
12
506.4196875 217.302234375 17.5498125 24.001265625 0.999011993408
6.0806015625 295.698125 29.06896875 34.2436875 0.998718976974
421.07565625 268.3754375 15.668625 20.18371875 0.992247700691
472.16303125 234.369984375 17.03828125 22.769953125 0.989279806614
665.68275 258.523828125 14.0881875 20.064703125 0.982884168625
689.336125 260.446640625 12.5585625 19.551328125 0.976447284222
784.841 212.670390625 18.2189375 23.734703125 0.9729783535
429.28403125 244.940609375 15.40578125 17.55109375 0.924138963223
551.7098125 270.28271875 14.09725 21.70621875 0.923243105412
279.72996875 245.6511875 16.92328125 20.569 0.898897230625
294.34859375 261.32940625 22.22590625 27.82640625 0.848431766033
861.754875 247.460578125 14.533625 21.881484375 0.825645983219
