20--Family_Group/20_Family_Group_Family_Group_20_636.jpg
11
346.239 103.218 13.9426 17.555 0.996325
621.782 109.576 16.016 19.8181 0.990929
664.54 118.674 14.9515 18.7332 0.981638
885.421 96.4974 19.0855 21.7019 0.979049
731.357 108.205 14.7884 19.1592 0.966801
269.486 114.081 16.3368 22.1856 0.966185
510.079 107.258 14.345 16.8606 0.962253
836.528 81.0416 15.8474 24.5504 0.931113
947.774 67.4755 17.7666 22.2088 0.89477
465.712 104.289 14.4696 18.5498 0.839244
433.648 115.267 13.3887 18.8882 0.821498
