20--Family_Group/20_Family_Group_Family_Group_20_914.jpg
12
860.003 173.02 28.6824 33.7611 0.998992
816.728 164.706 26.4107 34.561 0.998298
525.479 288.65 29.9055 36.384 0.998029
626.716 226.786 28.369 33.2543 0.997757
589.584 229.732 27.0903 34.7821 0.997269
231.734 194.978 26.4494 31.2585 0.997262
263.367 258.056 23.6291 32.0762 0.996861
387.366 312.29 31.1231 44.0589 0.995983
459.79 203.414 29.8521 39.954 0.995394
159.276 120.683 26.8698 31.6809 0.991686
602.274 370.688 25.7845 29.3878 0.991359
144.818 172.429 25.1213 29.6647 0.973436
