20--Family_Group/20_Family_Group_Family_Group_20_255.jpg
11
785.965 222.756 51.2305 58.6155 0.999548
890.772 372.261 62.4523 70.4403 0.999339
137.322 443.83 68.1288 74.8198 0.999318
657.192 232.753 49.0004 56.3075 0.99906
488.815 409.687 62.7361 80.0369 0.998917
516.281 129.32 51.4807 59.0146 0.998903
604.605 420.468 58.4784 73.2488 0.997854
305.376 444.636 55.8835 66.2048 0.997452
369.256 306.141 46.8274 52.3473 0.997448
196.41 339.786 48.244 53.2144 0.995443
745.071 381.39 56.546 77.4019 0.994765
