20--Family_Group/20_Family_Group_Family_Group_20_101.jpg
16
731.686 71.7696 44.764 58.2735 0.99927
843.573 94.1494 42.2519 57.358 0.999022
893.15 291.465 52.6214 65.8366 0.998937
68.3312 267.435 49.3831 59.1349 0.998432
38.7804 61.3915 41.9644 56.7469 0.997672
135.637 91.583 36.648 46.8334 0.997633
782.92 273.622 46.5752 62.2204 0.99758
968.8 52.6742 50.2194 67.3953 0.997512
555.333 72.4803 35.7266 48.0953 0.997269
559.224 240.306 42.741 56.2294 0.997217
227.397 66.339 37.4521 47.4307 0.99697
203.895 213.103 49.7603 66.8858 0.996895
666.051 261.1 46.3254 61.4992 0.996864
637.687 76.4698 36.3676 48.6931 0.996143
382.688 30.2811 38.2104 49.3611 0.995655
494.652 55.0992 34.071 44.1069 0.995333
