20--Family_Group/20_Family_Group_Family_Group_20_326.jpg
14
345.722 235.57 25.7155 35.7601 0.99901
393.237 248.796 26.8884 33.7585 0.998426
217.452 221.61 31.8067 38.7874 0.997449
149.206 216.46 33.6498 40.1648 0.997385
701.939 224.824 35.4118 42.7181 0.997243
450.665 278.608 26.1887 29.9821 0.996573
816.238 226.524 25.7395 32.4601 0.995743
436.694 234.067 27.5661 36.0725 0.995593
804.295 289.089 25.7425 31.6802 0.9936
860.196 201.432 29.3822 35.9171 0.993437
422.151 377.688 22.1956 27.4149 0.99325
514.356 249.255 22.8167 29.7099 0.992103
630.181 195.827 38.5434 47.0711 0.990101
870.615 337.028 22.4524 27.3862 0.989398
