20--Family_Group/20_Family_Group_Family_Group_20_540.jpg
29
276.703 524.181 43.6021 55.8081 0.998857
129.535 235.271 36.3462 45.259 0.99871
778.111 212.406 33.2715 41.84 0.998594
571.494 238.613 31.5136 36.7864 0.998586
394.035 238.159 30.6399 39.4781 0.998569
653.236 214.693 33.2941 42.7554 0.9984
894.204 229.662 34.9512 46.7268 0.998242
140.894 554.745 39.991 44.2599 0.998202
812.662 224.867 32.5106 44.6371 0.998084
706.131 203.931 33.061 43.698 0.997943
744.89 554.384 31.189 35.563 0.997926
498.23 221.391 34.2274 44.7902 0.997747
188.167 251.837 36.0235 45.5068 0.997699
48.3426 278.53 36.2482 45.4506 0.99696
972.578 243.564 34.4336 45.8521 0.996771
252.694 233.846 35.4611 47.9466 0.996526
755.359 253.45 30.6828 40.5751 0.995587
576.624 489.094 31.1845 41.238 0.995113
382.537 329.893 29.4064 39.7271 0.994664
460.023 510.194 34.3044 40.5469 0.994019
458.344 251.534 26.9888 36.8275 0.993939
330.484 242.594 29.4378 36.6561 0.989812
-6.80233 536.807 44.1538 53.032 0.988224
29.8411 232.79 37.448 47.4422 0.97305
316.711 269.924 30.0413 40.4792 0.972484
573.858 346.984 27.6998 35.1198 0.961182
334.632 552.117 36.2816 41.5624 0.957746
554.566 317.56 28.2915 32.8631 0.952581
447.637 246.878 24.5911 33.7258 0.917166
