20--Family_Group/20_Family_Group_Family_Group_20_22.jpg
13
344.628 252.312 29.1939 37.5281 0.998536
544.308 242.971 25.8454 31.934 0.998375
761.027 265.946 33.0672 43.1028 0.99813
247.512 275.77 32.4818 42.0748 0.998024
621.38 228.017 33.2626 42.9518 0.997926
310.279 245.68 30.3601 38.2963 0.997632
639.374 294.081 30.974 38.4987 0.996895
714.39 280.834 33.1527 40.8398 0.996425
609.011 522.987 23.6294 29.2433 0.996344
178.283 288.753 29.7837 38.267 0.996334
406.932 256.495 26.3471 31.8905 0.995192
469.461 222.006 29.5287 39.2756 0.992528
242.354 323.303 23.9742 27.7928 0.875198
