20--Family_Group/20_Family_Group_Family_Group_20_759.jpg
12
102.132 252.387 51.4656 64.2527 0.999326
759.137 227.735 51.366 65.5781 0.998565
99.1425 104.803 45.3338 57.8532 0.99811
444.481 307.313 44.9301 54.3371 0.998004
359.644 65.6653 45.6204 61.7481 0.997587
796.387 99.8669 47.0083 57.934 0.997016
656.324 116.034 45.4326 60.104 0.996953
572.219 294.864 48.3519 61.9373 0.996944
501.626 80.5696 42.7416 57.8711 0.995877
307.83 287.999 52.6577 66.1852 0.994252
220.366 156.912 43.5885 55.0376 0.991997
599.015 378.051 44.3834 55.4851 0.975412
