20--Family_Group/20_Family_Group_Family_Group_20_339.jpg
12
146.109 163.986 37.8099 43.1587 0.999327
238.795 131.122 42.1562 55.6987 0.998391
30.3684 91.092 46.2335 53.555 0.99836
697.5 165.412 35.1231 43.3812 0.998258
446.678 171.548 35.4661 40.9463 0.998239
362.68 131.356 39.9845 48.3735 0.99778
524.126 195.527 30.016 38.2916 0.997688
618.767 181.503 30.2134 39.7177 0.997108
766.055 144.752 42.4531 54.8186 0.996081
855.172 102.646 44.4216 51.7283 0.995627
829.89 175.178 27.8985 35.1068 0.972825
665.548 214.086 24.7359 29.7827 0.901734
