20--Family_Group/20_Family_Group_Family_Group_20_294.jpg
24
464.589 304.446 31.3784 37.1229 0.99961
842.31 255.039 32.6655 39.7928 0.999562
117.719 268.741 30.2383 31.4642 0.999485
277.625 219.352 36.3654 43.8545 0.999137
677.633 259.619 32.9518 38.2974 0.99911
484.027 206.294 34.0006 44.2927 0.999096
173.212 184.232 34.2221 40.204 0.999063
582.628 230.071 29.3764 34.1929 0.999018
550.845 362.429 29.3999 33.8973 0.998585
699.949 196.83 30.8699 37.8847 0.998367
562.445 277.615 31.6297 37.2789 0.99813
533.225 176.878 32.48 39.901 0.998096
653.855 219.148 30.1796 36.0281 0.997906
213.673 236.835 37.9467 44.0882 0.997745
743.223 247.358 30.077 42.5096 0.997323
790.708 190.011 35.02 45.4221 0.997283
651.412 362.343 31.6689 36.5756 0.997228
136.658 389.824 38.0596 48.8768 0.996987
237.923 335.637 31.2552 36.7155 0.996643
352.874 231.18 35.5709 48.2405 0.996043
380.277 226.051 33.6268 45.464 0.993225
386.087 313.175 31.2096 37.7617 0.992834
395.735 185.243 32.3825 38.3231 0.991423
775.786 270.507 34.3596 42.8085 0.990208
