20--Family_Group/20_Family_Group_Family_Group_20_556.jpg
20
121.278 311.485 46.7521 61.9137 0.999394
126.204 239.788 51.5279 64.39 0.999381
268.746 325.474 47.7487 57.1181 0.999354
432.409 254.905 43.9123 62.7374 0.999338
778.078 267.909 34.4536 38.7689 0.998652
504.07 281.353 38.3706 48.5737 0.998605
672.063 256.766 37.2754 47.9944 0.998093
355.564 260.907 44.5509 53.5566 0.997961
625.354 275.535 40.0272 48.3982 0.997946
208.652 490.664 46.0723 54.9462 0.997353
729.557 354.722 43.8041 53.3311 0.996993
930.552 237.244 44.2526 52.4077 0.996898
604.166 438.322 40.9453 45.2249 0.996871
414.546 358.721 46.3168 55.9609 0.996622
239.001 296.768 37.6356 45.1671 0.996418
349.763 318.383 33.7044 38.4154 0.996313
701.175 495.707 44.2784 52.2579 0.995757
179.449 231.792 43.4094 58.9567 0.99552
741.938 230.462 43.0225 55.7992 0.994957
246.306 557.839 44.8658 51.501 0.992397
