20--Family_Group/20_Family_Group_Family_Group_20_64.jpg
23
615.283 390.581 72.7704 96.9006 0.99967
758.794 485.763 74.6411 86.604 0.99945
652.611 123.045 52.6823 65.2093 0.999408
171.449 306.399 54.6222 63.7252 0.999005
316.914 161.54 48.0682 55.5873 0.998866
4.1226 371.008 67.2636 71.8848 0.998788
487.251 168.313 52.348 63.9741 0.998672
463.439 320.522 61.9805 84.9863 0.998609
718.547 326.974 58.8124 74.7014 0.998473
886.258 309.19 52.429 62.595 0.998169
307.369 322.797 66.0485 82.0379 0.998167
796.539 56.6777 46.9162 52.1384 0.997966
338.99 283.308 52.0622 58.8761 0.99746
610.507 320.061 48.801 58.2094 0.997383
50.0825 135.557 54.0755 62.3066 0.997274
175.949 432.27 56.4639 67.6629 0.997103
753.625 279.699 52.1961 63.8974 0.996365
277.437 31.1329 39.301 46.4046 0.994627
151.215 230.164 47.723 50.5974 0.993635
846.661 481.48 54.6987 55.7589 0.993519
252.696 185.725 36.1628 39.7805 0.99017
977.898 209.606 26.4409 44.9677 0.977015
539.214 164.421 44.8509 58.2904 0.971009
