10--People_Marching/10_People_Marching_People_Marching_10_People_Marching_People_Marching_10_240.jpg
19
242.319961548 307.408599854 63.7707672119 83.1096191406 0.996738135815
130.683517456 211.523742676 27.155380249 33.9230499268 0.994760811329
221.93838501 270.163818359 33.97605896 45.0628662109 0.994512796402
379.248504639 254.395507812 25.6407470703 33.7185668945 0.992302298546
913.312744141 427.633392334 110.687255859 133.006256104 0.991697430611
610.338439941 232.511657715 47.8048706055 60.0281066895 0.990358889103
411.941497803 309.141296387 107.32131958 139.735229492 0.989165008068
217.2706604 226.434555054 25.0809326172 29.9420623779 0.987903296947
1.091599226 238.14263916 32.0696671009 40.8487854004 0.986311256886
419.01763916 238.821136475 39.6592102051 49.5899963379 0.985948324203
292.073181152 268.566070557 35.7677307129 50.1192321777 0.98350507021
328.053741455 231.595504761 27.1884765625 38.9030303955 0.983029663563
714.671875 243.355804443 25.0549926758 32.1789245605 0.978927373886
836.080932617 263.851470947 29.5220947266 37.5932617188 0.97727316618
796.355895996 308.079498291 36.727722168 45.3536376953 0.935965657234
743.675292969 216.545440674 14.3578491211 17.7733764648 0.875655472279
689.231872559 259.867431641 27.2920532227 35.9221496582 0.869635641575
518.057434082 246.739089966 26.0200805664 32.2820587158 0.869298577309
553.617675781 226.285125732 21.5364990234 27.0693969727 0.807805776596
