24--Soldier_Firing/24_Soldier_Firing_Soldier_Firing_24_601.jpg
11
472.769 307.316 31.0296 36.1589 0.998958
392.784 309.894 31.3791 37.7947 0.998376
734.642 321.8 37.1026 42.6333 0.998183
597.636 310.016 35.4781 40.0478 0.998032
85.0807 315.517 31.5092 36.0088 0.996938
175.663 324.907 33.3246 37.8083 0.993192
24.7044 329.503 15.5298 19.0053 0.992337
296.165 320.515 29.6849 37.161 0.991918
859.543 303.288 36.021 40.2134 0.991117
984.667 337.505 13.2928 16.5493 0.970917
979.545 295.122 13.4865 16.4601 0.954777
