29--Students_Schoolkids/29_Students_Schoolkids_Students_Schoolkids_29_21.jpg
25
612.019 57.0923 53.9775 68.5193 0.99979
742.031 199.185 127.928 173.31 0.999679
72.4882 140.773 71.9075 89.2114 0.999594
451.618 57.3013 46.1566 58.448 0.999514
461.652 156.593 106.281 132.757 0.999505
207.198 106.757 54.8783 66.6968 0.99935
765.205 59.4541 56.5014 69.0688 0.999232
313.726 92.077 58.3311 77.2348 0.999218
151.762 81.178 50.5712 66.2794 0.998955
945.12 62.2277 57.0698 68.7613 0.998897
727.749 38.2041 35.6604 46.5146 0.998467
876.337 15.0438 38.916 47.7477 0.997736
113.553 53.207 42.1829 53.5872 0.996417
805.449 21.7825 29.8204 36.9263 0.995163
404.686 51.5216 26.0717 34.8609 0.995128
580.674 15.7394 28.6396 35.8849 0.994822
579.301 54.1234 34.7289 47.9746 0.993885
73.2226 64.5658 37.3965 48.5677 0.992814
10.2297 71.7353 28.4948 36.6215 0.992787
663.615 29.1914 28.6484 36.2517 0.991167
432.195 33.83 33.9086 45.934 0.990515
923.285 35.0266 44.0485 55.9581 0.98957
467.775 23.8427 28.3301 33.0983 0.987934
990.904 33.0277 32.249 39.6366 0.971369
496.299 86.1628 63.9738 78.314 0.828472
