29--Students_Schoolkids/29_Students_Schoolkids_Students_Schoolkids_29_66.jpg
13
398.159 106.696 35.1211 47.0246 0.998882
645.568 127.284 35.1425 46.2183 0.99751
191.074 92.285 28.4851 43.2099 0.996717
321.564 198.094 30.2381 50.6196 0.994565
16.0407 143.02 25.1344 43.7229 0.993055
474.47 130.257 29.1069 44.5649 0.991907
320.045 110.181 36.1164 49.4028 0.9916
700.924 205.329 25.8849 46.8864 0.98566
447.352 171.617 37.0651 46.4067 0.98384
109.478 128.293 27.1179 50.2092 0.975225
815.87 179.094 22.6225 36.9572 0.940493
170.792 148.275 23.51 44.0263 0.908081
283.843 120.021 24.4009 42.5097 0.902912
