29--Students_Schoolkids/29_Students_Schoolkids_Students_Schoolkids_29_10.jpg
14
525.76 318.451 17.7371 22.1887 0.999656
657.463 368.086 25.7745 30.6935 0.999354
525.125 377.574 23.5594 28.9649 0.998758
575.812 336.877 23.0245 28.7403 0.997924
458.341 294.723 18.2418 22.0337 0.995362
482.329 367.452 22.4701 31.3178 0.994054
557.65 280.645 14.1001 17.1401 0.993666
423.359 354.632 23.9219 30.1158 0.992615
465.35 331.245 18.6077 23.9279 0.97524
484.676 303.485 14.0258 15.9843 0.960827
629.383 354.302 19.7356 22.4528 0.949197
944.516 136.414 14.7747 17.8763 0.869348
614.095 323.387 17.8267 20.9827 0.829193
524.893 277.886 12.0767 14.9951 0.828408
