29--Students_Schoolkids/29_Students_Schoolkids_Students_Schoolkids_29_358.jpg
18
573.312 391.435 17.4634 21.8918 0.999851
672.081 390.646 18.136 21.7776 0.999325
489.729 381.858 17.6635 22.1721 0.99917
434.037 401.457 16.9526 21.5028 0.998761
546.231 381.101 16.9479 21.4273 0.997814
361.913 424.319 16.9509 20.4333 0.997788
268.296 363.218 17.6047 22.2647 0.995815
498.271 423.442 17.6737 21.2244 0.995005
712.76 375.202 18.9972 22.2549 0.98659
341.785 442.474 16.3037 20.3282 0.982253
844.396 409.582 21.4474 28.3057 0.978671
769.674 391.615 18.2995 23.5042 0.969269
310.091 439.737 14.9872 19.3086 0.968512
623.882 378.978 18.709 23.0196 0.951773
473.066 434.513 16.5619 19.158 0.949556
941.653 423.572 19.5711 22.3489 0.948689
251.317 433.064 16.1496 21.4849 0.904246
886.132 400.959 18.7253 23.1145 0.814598
