29--Students_Schoolkids/29_Students_Schoolkids_Students_Schoolkids_29_489.jpg
12
441.553 231.614 118.683 148.269 0.999586
619.439 135.326 86.8559 111.133 0.998711
819.027 56.9428 59.3054 74.2044 0.998246
516.845 10.515 44.1123 59.0739 0.997851
312.317 10.3417 29.8088 44.8493 0.995723
107.65 25.0219 48.5853 54.8604 0.995543
286.093 20.0138 32.5431 49.6796 0.988469
401.307 67.0306 35.7654 49.0466 0.98012
585.912 0.373012 26.7903 48.7389 0.975967
959.498 37.8734 32.3158 51.0864 0.95333
893.718 -15.1066 38.1237 44.9081 0.949826
17.199 179.67 56.2234 103.783 0.941285
