29--Students_Schoolkids/29_Students_Schoolkids_Students_Schoolkids_29_251.jpg
21
48.9558 561.125 73.9784 82.0648 0.999827
733.216 298.571 71.7404 87.2216 0.999762
214.449 268.64 70.9806 70.6307 0.999742
905.625 218.096 66.954 69.4145 0.999631
747.433 496.4 71.084 85.5676 0.999493
382.168 483.043 68.4297 73.1705 0.999429
898.565 96.1348 47.5475 59.3347 0.999279
549.974 353.1 71.992 75.2592 0.999169
656.746 270.132 61.7501 75.0491 0.999113
408.134 110.901 53.577 62.3355 0.999011
263.284 467.754 69.2651 83.7613 0.998977
636.827 169.923 60.2583 75.3384 0.998964
375.552 274.723 54.4694 60.0149 0.998953
49.8531 314.274 59.9247 66.6027 0.998694
112.426 197.138 60.9308 71.5055 0.99865
499.956 217.477 68.8493 88.1936 0.998549
483.998 471.652 58.9385 73.0891 0.998445
316.414 331.644 56.043 69.3884 0.997143
219.44 195.046 48.2008 52.947 0.992871
383.264 209.574 48.1654 53.1561 0.984776
507.423 142.188 49.8158 66.675 0.95667
