29--Students_Schoolkids/29_Students_Schoolkids_Students_Schoolkids_29_316.jpg
21
166.992 158.686 104.42 122.473 0.999626
26.8155 134.957 77.9128 88.0641 0.999534
937.593 -9.17353 68.7545 84.9584 0.999488
256.68 16.9375 71.1916 83.4762 0.999375
407.874 -5.66689 46.2876 58.5922 0.999267
634.103 182.24 110.803 142.86 0.999266
827.852 14.0792 82.0686 88.9514 0.999136
97.5823 -3.11318 58.387 68.3151 0.998987
290.63 129.038 76.8405 92.5327 0.998791
885.277 100.125 83.5649 95.3698 0.998459
558.571 -6.06281 50.5716 67.4865 0.998144
549.95 104.246 87.4496 112.33 0.998127
157.186 22.0812 52.1759 58.5698 0.997451
322.554 19.698 60.9096 71.7658 0.997075
761.274 -11.3617 52.8084 70.6873 0.996947
202.594 22.1862 46.7225 59.1806 0.996759
707.56 -24.01 62.4865 77.0911 0.995656
-11.9708 58.9732 69.9864 77.1658 0.995031
500.544 -33.3583 73.2373 92.8338 0.990927
654.037 -0.00449219 34.5615 44.1713 0.986883
61.5605 -22.3062 44.6357 61.3031 0.972777
