11--Meeting/11_Meeting_Meeting_11_Meeting_Meeting_11_385.jpg
12
940.613 246.438 55.015 86.6943 0.998717
159.156 212.08 28.1965 44.7718 0.990307
830.924 90.4604 26.495 33.6766 0.973638
280.06 179.386 24.3036 34.9511 0.973236
711.906 167.991 25.4813 38.2712 0.961257
659.009 161.312 22.8813 30.1016 0.956064
837.11 222.021 35.0067 41.5782 0.94872
769.937 218.661 43.1243 42.5106 0.934349
30.298 259.705 52.9329 72.5396 0.934104
802.48 175.494 25.8101 36.9758 0.904468
909.896 160.671 17.8251 20.9962 0.838436
293.176 167.746 23.3509 30.2105 0.833956
