5--Car_Accident/5_Car_Accident_Accident_5_177.jpg
13
747.192 185.413 16.0561 21.4883 0.997258
696.152 198.879 17.626 23.8495 0.995925
301.895 211.119 18.9264 22.1372 0.995667
393.223 208.478 18.2284 22.8763 0.992832
833.293 217.86 23.7531 26.1264 0.990071
807.571 275.577 25.0529 30.3606 0.985628
596.691 131.861 15.9934 18.1323 0.96721
903.885 161.173 14.6737 19.4561 0.966191
868.901 253.142 21.775 30.4048 0.959001
892.143 217.776 19.0341 22.4067 0.956476
975.094 214.402 17.0099 25.2618 0.951901
989.454 190.743 18.4819 23.0573 0.932252
859.033 348.19 21.8756 34.2002 0.867024
