8--Election_Campain/8_Election_Campain_Election_Campaign_8_218.jpg
14
602.104625 340.89496875 47.9756875 56.02296875 0.999769866467
842.885125 251.135203125 97.8274375 128.720140625 0.999437391758
691.6494375 330.34675 53.940625 64.3315 0.999276340008
433.8649375 322.33521875 56.052625 75.22440625 0.998989760876
535.5746875 340.71128125 53.995625 61.71703125 0.998896718025
789.533125 259.679734375 56.51225 64.927171875 0.998339414597
673.856125 551.3556875 56.947375 79.043 0.998255550861
121.698757813 282.27746875 49.8430390625 69.9103125 0.997402608395
175.1505625 383.4760625 80.911078125 96.875875 0.996708631516
396.75309375 335.05084375 31.3011875 42.47390625 0.990658164024
289.1145 333.2683125 72.6340625 86.22278125 0.99065476656
79.952015625 316.02165625 63.525484375 80.34840625 0.990535199642
150.147265625 338.5788125 48.184109375 59.61690625 0.968039274216
470.060125 333.338375 31.51834375 49.342 0.960069596767
