8--Election_Campain/8_Election_Campain_Election_Campaign_8_452.jpg
8
646.2085625 295.61384375 72.361125 76.27615625 0.999598801136
152.0444375 446.39721875 46.642375 53.02540625 0.99869209528
424.2754375 386.62925 51.660375 72.01190625 0.997808516026
72.2148984375 447.18590625 48.5906875 52.550125 0.997365295887
782.6325625 317.809125 93.3019375 103.87009375 0.996180415154
970.95825 392.60315625 53.01775 71.70903125 0.995958507061
365.8343125 403.13996875 41.30290625 59.95665625 0.98575925827
243.091546875 414.8201875 44.317828125 60.05984375 0.948002755642
