8--Election_Campain/8_Election_Campain_Election_Campaign_8_412.jpg
88
808.036375 138.305859375 29.56325 37.7718125 0.999248445034
899.4020625 351.61675 33.2085 45.01578125 0.999065339565
557.2446875 550.97475 49.22 61.2000625 0.998709201813
5.34095898437 262.043859375 33.6456738281 40.255734375 0.998663187027
486.142375 256.900078125 35.48309375 42.285078125 0.99864500761
166.04025 245.303859375 29.11028125 39.174640625 0.998505830765
621.051 389.113875 34.526875 45.2813125 0.998219430447
269.8574375 257.11996875 32.79946875 40.837625 0.998106956482
975.78225 260.84628125 32.524125 39.53940625 0.997841596603
963.58825 205.608796875 33.0775 38.978171875 0.997790694237
424.638875 421.1836875 35.44434375 47.64290625 0.997722923756
727.8136875 499.01375 34.3663125 50.1530625 0.997601091862
250.95725 170.56478125 27.82653125 36.128203125 0.997580647469
636.8971875 426.30890625 39.426875 47.6733125 0.99744874239
860.26325 455.9764375 37.982125 47.35309375 0.997043788433
668.7426875 239.364 27.52875 36.83059375 0.997037172318
645.140375 305.99803125 31.2273125 42.50965625 0.997010111809
699.2295 204.855578125 27.722375 36.611375 0.996885597706
768.0814375 434.17 34.2203125 45.4499375 0.996885001659
905.122625 592.597 49.6928125 61.6345 0.996253728867
692.7723125 449.31840625 42.9928125 58.2618125 0.995963573456
333.0345625 398.56446875 37.7440625 49.35496875 0.99535381794
356.7314375 234.002421875 31.53371875 39.091453125 0.995060861111
798.4311875 355.16225 33.9325625 43.89375 0.994972467422
930.3929375 318.9575625 31.3649375 42.125125 0.994871795177
567.9465625 216.664125 25.7883125 31.978375 0.994679331779
507.96978125 181.153125 26.14846875 31.400140625 0.994057893753
548.7004375 148.96409375 27.9910625 33.653984375 0.99334102869
264.00071875 540.160375 49.58725 65.1215 0.992080509663
615.3195 291.24290625 27.082 36.249625 0.991802513599
104.5025625 350.25803125 39.389375 41.42184375 0.991477310658
773.7360625 595.92825 48.078125 60.06675 0.990333139896
300.4071875 556.1843125 46.08184375 75.6536875 0.98943066597
493.5570625 218.12840625 29.0418125 35.67409375 0.989328920841
860.3525625 348.3914375 32.66575 40.7839375 0.989201426506
239.032625 123.775875 25.58925 30.509328125 0.988613843918
773.6591875 125.698585937 24.161 30.9455546875 0.988514959812
138.349484375 300.4915625 33.187765625 45.550625 0.987371563911
825.86925 620.5516875 46.5516875 62.4323125 0.986426353455
488.338625 137.3579375 25.089375 29.50271875 0.986386179924
79.554875 530.1315625 41.9314609375 67.281875 0.986251354218
145.134625 548.4416875 44.457390625 61.733 0.986047148705
14.3677783203 505.1246875 33.8603193359 54.103375 0.985487222672
616.004125 511.62409375 45.756875 69.33703125 0.984792947769
556.0184375 112.857085938 18.47425 22.5783359375 0.983922481537
369.17271875 499.8278125 35.3589375 44.576 0.983398318291
977.2378125 317.87228125 31.279375 44.21634375 0.982391774654
273.081375 488.3195 38.86890625 44.4266875 0.982382714748
481.17628125 577.206125 37.16221875 46.2463125 0.980521559715
966.55775 535.146625 33.8629375 46.9233125 0.979001998901
841.4371875 317.96359375 29.83825 41.61565625 0.973151624203
29.803140625 460.02303125 24.17665625 34.28875 0.97197240591
463.8466875 27.0881367188 19.936875 22.6521914062 0.971199691296
460.54634375 252.645484375 32.3938125 46.426234375 0.970126926899
276.34134375 16.1296816406 16.66046875 20.3633613281 0.966151118279
371.14815625 65.4615820313 22.44265625 26.0495976563 0.965841770172
270.01040625 217.588796875 25.76178125 27.637046875 0.959853410721
778.95275 153.857203125 24.8264375 30.326 0.958746910095
622.5373125 255.859953125 30.4020625 37.064640625 0.954973101616
671.051125 182.873609375 22.93975 30.00828125 0.954092800617
755.848875 213.351453125 30.379 35.76340625 0.953380048275
554.4576875 374.4616875 38.8190625 49.2835625 0.95046120882
81.344859375 123.947296875 27.0211953125 37.23840625 0.947959125042
794.35825 534.959375 42.9495 59.304625 0.947834551334
359.10540625 143.00415625 24.2304375 29.9210625 0.940280616283
623.727875 142.324109375 23.9898125 28.426609375 0.935093224049
424.6233125 137.699421875 25.05584375 36.8138125 0.919372677803
523.26928125 82.2005546875 16.88971875 19.9048203125 0.91497862339
371.0293125 42.7670234375 14.51175 16.52684375 0.912735939026
863.885625 262.51925 26.91 39.890875 0.911610782146
565.70475 462.4676875 33.0149375 51.7665 0.911445915699
694.7196875 85.559015625 17.162875 21.146859375 0.897936463356
943.9855 188.6675625 23.0389375 31.681859375 0.895887434483
400.80765625 366.35828125 30.71615625 42.567625 0.888201653957
524.9475625 30.6361679688 14.5129375 20.037015625 0.879678487778
660.3739375 274.52240625 25.468625 31.5959375 0.878027141094
319.5725625 131.9081875 22.882625 28.903625 0.877960443497
636.129625 118.524515625 18.4199375 21.80803125 0.873636126518
788.5084375 267.4785625 26.1350625 29.8683125 0.860176742077
534.180125 262.119546875 26.5720625 36.179359375 0.859702289104
212.59978125 270.26775 23.895984375 33.074125 0.858873128891
394.98925 113.8525625 15.32328125 19.842875 0.850609302521
367.6925 97.584875 15.96071875 18.71521875 0.847529232502
1003.2036875 318.4355625 20.7723125 43.43540625 0.832507133484
854.1203125 573.412875 33.7834375 44.263375 0.830142140388
89.99534375 459.53428125 25.8375625 33.2776875 0.824972629547
582.1530625 85.6029921875 15.09075 19.79540625 0.811337709427
607.1795 76.61675 22.618375 27.9645546875 0.810216069221
