8--Election_Campain/8_Election_Campain_Election_Campaign_8_252.jpg
22
853.73775 301.68290625 15.3780625 17.7905 0.999593198299
876.2630625 312.14134375 16.5033125 19.14140625 0.999146223068
412.53028125 393.80040625 27.667375 34.23040625 0.999004662037
293.61446875 443.99878125 52.1728125 67.64096875 0.998954296112
922.5938125 311.57903125 28.774125 35.51940625 0.998404204845
143.15096875 452.892625 81.953625 93.693 0.997943580151
885.3428125 333.26615625 18.81975 23.0675 0.997812986374
491.16746875 380.406375 28.713125 34.0175625 0.997163951397
669.898 349.900875 17.7913125 20.733875 0.996927559376
365.927625 389.2544375 27.52053125 30.82784375 0.995884358883
107.803632812 422.4156875 15.9285 18.59171875 0.990737497807
788.4645 336.5310625 17.80825 20.02603125 0.989528596401
826.336 350.75703125 21.6325 30.887375 0.987934231758
754.349625 336.08203125 14.255375 16.71590625 0.978459954262
988.4716875 289.64346875 19.799875 23.158875 0.968530893326
88.2607109375 453.55121875 17.274765625 23.82296875 0.967299163342
647.98 349.062125 14.7096875 17.5718125 0.962715268135
895.4809375 298.12678125 17.0435 20.45684375 0.941129803658
950.0474375 313.1838125 17.04275 25.2961875 0.938389480114
843.889625 327.5945625 20.5154375 21.53371875 0.930011928082
608.038125 366.51565625 15.4325 18.06034375 0.916609048843
710.658625 294.66759375 19.318625 21.1725625 0.866224586964
