8--Election_Campain/8_Election_Campain_Election_Campaign_8_32.jpg
16
222.216125 262.2055 27.817421875 34.8061875 0.998954892159
33.119953125 260.934765625 26.6497734375 35.345171875 0.998466908932
467.066375 280.626625 27.7185 34.2048125 0.998459935188
561.048125 305.373125 23.08975 30.67190625 0.998280644417
722.4575625 277.72490625 24.5295625 31.0484375 0.998211026192
615.366625 293.77353125 24.2500625 30.29921875 0.99819880724
951.2054375 272.9398125 26.5245625 32.06121875 0.997854650021
361.92165625 286.9524375 26.17815625 32.478625 0.997779667377
872.15 288.24728125 26.2115625 32.03671875 0.997776567936
321.4375625 291.21215625 24.025375 30.19921875 0.997743368149
911.6798125 263.159625 32.374875 37.786125 0.997167289257
108.4106875 240.013328125 28.78084375 35.845421875 0.996380746365
662.6270625 274.97984375 26.3191875 33.0098125 0.996260166168
792.0650625 290.03003125 25.9661875 33.0868125 0.99433785677
956.677875 253.37090625 24.9693125 30.70275 0.982796311378
988.079625 254.5409375 23.6569375 30.8761875 0.83848798275
