8--Election_Campain/8_Election_Campain_Election_Campaign_8_174.jpg
79
741.80175 443.8808125 31.0800625 34.1355625 0.999558985233
207.80475 433.834375 33.682765625 41.18975 0.99952507019
386.48403125 538.3255 68.20071875 85.9765 0.999478757381
953.4475 418.342875 26.7206875 36.9948125 0.99947565794
165.879015625 523.62990625 77.931796875 87.27571875 0.999468743801
129.301375 413.98075 35.849625 44.177875 0.999373733997
579.33175 414.01821875 31.770625 34.11953125 0.999224424362
309.6730625 441.40509375 32.45759375 35.9191875 0.999215841293
69.0758125 470.766125 44.230515625 54.9058125 0.999192535877
90.9493671875 394.2316875 23.684953125 29.12453125 0.999134600163
166.34709375 423.6760625 30.49778125 35.6355625 0.999036192894
7.8143984375 481.60446875 46.4196757812 56.27946875 0.998930513859
260.204171875 421.667 29.234203125 31.52675 0.998890817165
850.0199375 385.72778125 19.8895 24.64209375 0.998788893223
584.1735625 459.2128125 41.2118125 44.23190625 0.998728692532
266.74575 453.24115625 31.93290625 40.20078125 0.998555004597
951.2315 465.6935 44.6759375 53.936 0.998518288136
822.2145 440.2095625 34.8853125 42.2624375 0.998481690884
420.152 427.59859375 29.72996875 34.83253125 0.998429238796
167.31371875 455.62253125 36.3761875 40.99546875 0.998321831226
737.832375 486.590875 63.1685 67.225375 0.998160660267
692.221875 398.68959375 19.6673125 22.398375 0.998147130013
896.8473125 509.15734375 60.5784375 69.79059375 0.998028695583
817.4128125 578.7068125 89.4128125 104.2771875 0.998022913933
929.50125 417.6880625 31.255125 43.17153125 0.997971594334
610.30275 417.7794375 22.9880625 29.23471875 0.997886478901
34.459609375 383.58184375 24.1658554688 33.07021875 0.997877597809
454.259125 448.96659375 40.68315625 44.50478125 0.997736215591
621.7285625 503.03575 43.6359375 54.75425 0.997718214989
727.8266875 399.137 17.347375 21.29828125 0.997675597668
435.27646875 446.60746875 29.91015625 41.21625 0.997658014297
670.377625 602.515375 67.2371875 63.8815 0.99759298563
878.4373125 463.106 40.12525 46.69678125 0.997582912445
655.50975 421.87921875 23.3460625 28.813875 0.997515678406
989.785875 334.062 14.6173125 15.7874375 0.997073054314
200.86265625 479.03815625 35.75415625 44.770125 0.99705862999
755.01975 372.505 16.885875 21.440875 0.996943533421
298.86059375 485.14359375 44.53334375 55.74959375 0.996919870377
434.032 383.05721875 18.551125 21.81 0.996830403805
502.27940625 343.199375 32.65634375 41.05890625 0.996069788933
769.962375 380.3519375 19.47475 23.47603125 0.995730578899
212.62778125 403.2993125 23.7225625 27.1815 0.994449853897
642.42375 382.73175 15.6365 18.8379375 0.994302272797
161.378328125 606.105625 98.552890625 76.878375 0.992947697639
344.55940625 392.8944375 14.4174375 18.50003125 0.992752313614
760.503875 414.15321875 25.79475 27.55775 0.991738915443
172.62265625 374.08853125 14.374171875 17.6989375 0.989213049412
115.1043125 342.23221875 13.1076796875 17.06778125 0.988691568375
980.202875 405.98840625 24.0874375 30.3275 0.988247215748
578.651375 377.6624375 16.6034375 19.2875 0.987683236599
654.806125 396.72790625 23.7233125 27.20246875 0.986672282219
613.0400625 360.2356875 13.638375 16.4133125 0.986270904541
805.018875 413.7121875 22.00975 26.53359375 0.986110925674
886.00325 389.45490625 20.7220625 28.53465625 0.985258579254
542.2341875 374.5815625 17.7176875 20.38171875 0.977115511894
306.77528125 418.10109375 25.93946875 27.43721875 0.97304803133
296.373 378.577625 14.956875 18.42553125 0.968702018261
52.5005078125 408.97603125 21.226125 22.297875 0.968005716801
930.6289375 398.32140625 24.1179375 27.35321875 0.967774569988
48.4035625 427.47603125 25.3778828125 28.56378125 0.967475652695
335.1905 379.02846875 13.7811875 15.64321875 0.962114930153
428.127 502.86375 46.6679375 61.5170625 0.961298167706
674.0868125 384.36621875 16.30675 18.17859375 0.96019077301
970.380375 338.9465625 11.6703125 14.361875 0.956893384457
853.0035625 306.58709375 13.061125 15.37884375 0.95528793335
318.367125 475.5484375 38.39584375 47.36871875 0.95203512907
288.27365625 426.10640625 22.08984375 29.11559375 0.945210516453
147.965296875 390.29575 19.48878125 22.05696875 0.940225183964
755.232875 440.8710625 28.4765 32.799 0.939385712147
46.4150546875 447.88225 34.4465234375 41.3111875 0.933755874634
556.535375 358.3195625 12.1881875 16.01040625 0.930381417274
246.197546875 417.39903125 23.808265625 32.009625 0.925059437752
424.099 617.6645 95.28165625 65.3195 0.920405030251
639.2285625 341.01403125 12.6103125 17.23759375 0.901263296604
795.017 398.3749375 20.25825 21.145875 0.893652796745
934.277375 339.9525625 19.4954375 21.7165 0.889995217323
895.2566875 339.018875 12.0369375 13.8246875 0.882930696011
578.083125 342.9691875 12.821 15.598125 0.88156068325
799.8038125 376.35503125 16.2013125 17.43465625 0.831378698349
