8--Election_Campain/8_Election_Campain_Election_Campaign_8_76.jpg
23
150.817453125 304.27996875 40.587375 44.71684375 0.999373614788
344.5468125 295.3318125 35.6659375 46.663 0.999313116074
356.81109375 230.29090625 32.30775 38.44753125 0.999178826809
511.9740625 247.059453125 37.3865625 48.136359375 0.999100446701
414.078125 281.14575 33.9759375 41.89034375 0.999093770981
710.39325 229.178875 27.241 37.295 0.99899238348
712.1133125 310.4380625 30.7316875 40.51978125 0.998928964138
554.767625 257.44078125 29.7785 38.97653125 0.998888909817
641.624375 231.0944375 32.9926875 40.0781875 0.998833596706
613.305375 271.975625 34.4639375 44.7915625 0.99870288372
684.3075625 289.349125 32.695625 43.55475 0.99868196249
444.6713125 228.051390625 34.587125 42.724765625 0.998525321484
780.7041875 287.46453125 34.740625 43.3241875 0.997888982296
255.019859375 284.505875 37.278953125 46.34821875 0.997655272484
842.075625 274.73725 41.1290625 48.77621875 0.997360646725
69.1494765625 308.5695 40.0903046875 48.02353125 0.996996045113
20.0009023437 293.6044375 41.8956679688 48.23490625 0.996821880341
298.3446875 222.0598125 28.7016875 39.38059375 0.994761288166
391.389125 236.465140625 26.0374375 33.704640625 0.976791262627
578.6975625 244.258265625 27.3025 36.805609375 0.969191789627
205.516265625 235.783328125 28.0468125 34.911546875 0.964505493641
269.05353125 268.6783125 30.05425 40.0561875 0.902446091175
605.2493125 220.16009375 26.90525 33.95184375 0.808804094791
