8--Election_Campain/8_Election_Campain_Election_Campaign_8_84.jpg
19
309.95140625 495.05009375 25.85075 33.20121875 0.999009490013
490.18134375 190.822234375 17.34065625 23.60503125 0.998757362366
33.6235078125 526.6508125 30.8835 37.544125 0.998705506325
208.709234375 507.31075 26.078015625 39.5275625 0.998159587383
121.123671875 541.703875 46.106 58.6008125 0.997963905334
288.88928125 500.01646875 23.2204375 31.61478125 0.995820403099
74.41396875 503.03296875 21.4800234375 29.69690625 0.992175281048
445.23640625 186.297078125 16.57109375 20.82859375 0.990112602711
976.7015625 488.02746875 24.999375 30.16703125 0.989642560482
879.27575 507.17690625 21.342 28.58646875 0.980096399784
127.843875 485.71165625 19.174375 23.52725 0.976555407047
630.42125 203.97821875 19.3576875 23.081625 0.976302266121
92.508421875 502.45290625 22.03528125 32.26934375 0.968748927116
255.595921875 429.03309375 22.449515625 26.9055625 0.962240874767
672.543375 248.737828125 16.113125 20.883515625 0.955134272575
918.920625 595.8741875 40.474875 66.3308125 0.935593366623
185.16953125 488.7595 16.70375 20.6255 0.929429292679
536.8988125 517.3744375 19.884625 23.4404375 0.916658401489
524.932 176.2374375 14.5474375 20.151125 0.829541563988
