8--Election_Campain/8_Election_Campain_Election_Campaign_8_118.jpg
17
716.3198125 371.804625 107.72375 134.16078125 0.999618649483
406.89690625 211.806484375 70.677 84.268796875 0.999533295631
212.044078125 188.30640625 47.369890625 56.142015625 0.999422073364
649.274875 202.133703125 37.739125 44.269921875 0.999159693718
292.647375 165.694171875 54.38421875 68.6649375 0.999035716057
994.547875 238.91990625 29.428125 38.94875 0.998655796051
889.5949375 330.6001875 59.078875 75.37196875 0.998280882835
530.3818125 168.044 38.2224375 47.36346875 0.998066723347
362.38665625 176.9235625 44.27015625 60.57590625 0.997985005379
43.22828125 192.381921875 30.5353671875 47.510203125 0.9972012043
531.6709375 295.11428125 66.2899375 99.91653125 0.997010946274
174.57696875 216.051328125 37.67203125 48.290109375 0.996245920658
695.8561875 242.671109375 83.1935 113.724890625 0.996218860149
140.57321875 192.610453125 45.65328125 62.145390625 0.994355857372
959.4525 274.61171875 39.47875 44.22696875 0.992662549019
213.932328125 282.81621875 33.85396875 47.15796875 0.980482459068
892.7126875 233.464140625 17.9206875 23.201734375 0.803805708885
