55--Sports_Coach_Trainer/55_Sports_Coach_Trainer_sportcoaching_55_122.jpg
16
344.63 288.033 26.775 36.8114 0.992464
100.954 278.833 31.1781 37.7819 0.989969
725.99 375.071 36.3337 44.8284 0.988718
58.6693 373.628 36.3915 43.7725 0.987449
871.489 393.593 36.5529 48.0995 0.986847
181.621 279.65 27.7101 33.8284 0.981934
865.859 304.701 29.7048 37.5958 0.98167
812.916 270.447 29.8026 39.0514 0.980341
25.746 218.459 27.4843 33.7358 0.978662
259.837 271.174 26.5544 33.2833 0.978468
17.3113 248.921 33.9194 41.2781 0.9726
37.6728 172.115 27.9334 36.0554 0.967616
562.359 299.963 29.9269 37.9219 0.962312
528.276 291.564 24.5662 29.3568 0.940583
360.421 246.487 23.337 30.7893 0.836767
630.752 268.312 26.5408 33.0147 0.815192
