55--Sports_Coach_Trainer/55_Sports_Coach_Trainer_sportcoaching_55_789.jpg
23
728.739 332.134 44.371 60.7101 0.998411
270.471 227.176 47.114 64.0418 0.998369
364.271 285.58 43.8222 60.6736 0.998277
450.839 244.071 46.0223 62.5654 0.998273
631.249 280.124 45.796 59.4977 0.998266
145.695 216.982 50.755 68.3016 0.997679
821.969 320.506 43.2643 55.8841 0.997552
928.228 329.015 46.8878 60.1506 0.997271
541.115 258.368 42.6035 55.782 0.996665
461.675 157.676 44.4194 59.5321 0.996303
388.18 223.227 44.7056 56.5323 0.996263
919.287 161.589 45.7123 59.9217 0.995903
759.247 165.964 46.1235 60.1918 0.995841
228.736 187.089 46.1593 60.3511 0.995076
63.3744 241.299 45.7205 60.678 0.994365
670.582 198.167 42.6268 58.3818 0.992644
85.6121 171 46.0553 55.5981 0.989855
198.563 148.272 37.3731 48.0628 0.98773
587.347 218.273 42.2003 57.2798 0.987651
423.633 129.792 35.5165 47.6274 0.98129
611.627 117.338 42.6436 56.2093 0.964402
326.08 134.534 36.2861 48.2368 0.954383
47.6483 124.324 45.0695 59.5835 0.948613
