28--Sports_Fan/28_Sports_Fan_Sports_Fan_28_327.jpg
10
163.104972839 273.018447327 100.674955734 128.734526154 0.999094367027
827.679305054 185.32986731 89.1510963745 105.026635681 0.998929679394
86.4469759598 244.396047363 44.4841272507 52.6963110962 0.997712492943
91.7436914978 304.326747803 39.0893438339 46.0478433533 0.996701061726
734.093299988 273.655875732 36.3520402832 42.0637279968 0.993624091148
952.135545044 245.032878159 23.037552124 33.0107147522 0.993444800377
651.498136963 267.639048111 42.2894198608 49.5913490448 0.992916703224
980.50360199 126.322773857 43.2623980103 76.9434937973 0.977766990662
0.0 271.601632416 23.8495873699 35.4965694275 0.961134374142
998.348660522 273.45067337 25.4173394775 51.3199629517 0.959794521332
