28--Sports_Fan/28_Sports_Fan_Sports_Fan_28_487.jpg
79
617.3546875 318.33396875 33.91325 39.61571875 0.999498844147
339.0111875 555.0705 35.3888125 38.83225 0.999373614788
46.0317265625 441.54796875 42.7320859375 59.37384375 0.999243378639
603.408125 181.9993125 36.7590625 47.14296875 0.999165534973
666.721875 157.225203125 35.0110625 40.928546875 0.999158143997
708.0665625 323.82571875 39.947 46.081625 0.998915314674
108.958007812 268.1835 38.0921484375 47.83040625 0.998887717724
823.4846875 493.599 36.742875 50.2944375 0.998827636242
664.5460625 490.91209375 42.5854375 58.63759375 0.998825132847
511.564 434.4268125 38.0263125 45.82878125 0.998795151711
568.6326875 341.2703125 36.1538125 45.25059375 0.998747110367
548.3003125 505.4939375 39.7174375 45.07975 0.998741567135
620.8600625 95.2705 32.1420625 40.221734375 0.998612642288
909.2334375 450.69609375 39.980375 46.7046875 0.99844712019
130.308046875 445.64484375 37.33396875 44.05353125 0.998436272144
327.11571875 64.9492382813 35.92028125 42.2127070312 0.998391211033
955.3438125 353.3050625 39.3456875 43.75415625 0.998246192932
797.5019375 400.9273125 34.821375 46.1528125 0.998200774193
458.94109375 507.9986875 42.8233125 56.225625 0.998002588749
158.318671875 275.359625 35.51740625 41.7338125 0.997941315174
968.367 283.43240625 38.3074375 46.00425 0.997866928577
881.8165 307.33721875 39.8911875 45.399375 0.997820496559
619.9713125 537.550625 36.28875 40.7936875 0.997772037983
745.1539375 560.8451875 38.320375 43.8013125 0.997714996338
555.705 242.523875 32.9668125 41.67584375 0.997611761093
937.2996875 146.34996875 36.8810625 42.251921875 0.9975695014
963.276125 483.27515625 39.9135625 52.16728125 0.997515916824
673.799 276.0516875 37.0066875 45.93346875 0.997494339943
732.6414375 284.7336875 35.9359375 45.01734375 0.997471451759
785.284625 81.073125 33.632875 44.240484375 0.997294843197
990.264375 336.10590625 33.711625 44.41996875 0.997170627117
872.4295 166.74059375 39.2891875 42.761875 0.997124969959
261.192265625 550.1480625 42.601671875 57.410375 0.997005999088
417.0614375 260.38053125 32.510375 44.26396875 0.996965110302
990.61325 105.999046875 33.36275 43.25721875 0.996929705143
197.1035625 311.47009375 33.812765625 40.44259375 0.996769070625
737.505875 239.393890625 39.173375 41.751453125 0.996682941914
856.7803125 421.56334375 43.551875 53.11525 0.996609091759
593.0906875 384.5488125 39.4251875 42.94821875 0.99645113945
786.405125 218.29840625 40.6939375 44.365640625 0.996152222157
915.5871875 529.9829375 39.8140625 50.7755625 0.995973050594
422.48303125 195.9503125 32.93909375 39.433296875 0.9959602952
818.1436875 276.4959375 39.6903125 47.48625 0.995945632458
673.779 10.6696669922 31.7655625 37.2333173828 0.995943963528
161.769359375 145.516734375 36.989265625 42.797546875 0.995843350887
470.4798125 35.9474960937 32.274625 43.1779257813 0.995576143265
549.697 565.920125 46.346125 54.298875 0.995410740376
797.872625 0.0 32.8751875 38.74965625 0.995190620422
407.3085 584.6305 39.74834375 39.9855 0.995044112206
594.9526875 439.950125 38.1031875 41.83578125 0.995037972927
726.11125 591.387125 33.975 33.228875 0.99468767643
857.266375 240.264265625 39.0168125 43.222015625 0.994417190552
454.28359375 287.82009375 39.91465625 45.237 0.994116544724
343.9120625 0.0 33.9771875 36.5400585937 0.994076728821
667.3114375 79.8331328125 31.967375 43.2227421875 0.994061052799
58.1726835938 383.162625 38.9937851563 50.07009375 0.993967890739
461.9014375 206.375875 40.1981875 46.553734375 0.993418753147
714.3918125 109.476273437 32.7835625 38.0662421875 0.993302106857
839.645625 350.0451875 36.0128125 42.677375 0.992628455162
488.01196875 374.36471875 44.46409375 56.83315625 0.990999519825
820.0148125 560.40425 45.4655 57.9815625 0.990730702877
425.6745625 470.8643125 47.0464375 54.6125625 0.990362942219
1000.0243125 413.23171875 23.9516875 57.0405625 0.990342378616
955.144125 210.7565625 37.939625 43.1049375 0.989806115627
429.10896875 67.275203125 29.60234375 39.3151484375 0.989565730095
410.2565625 27.8044257812 29.8876875 33.616359375 0.987133622169
0.0 459.33821875 31.1013359375 46.98825 0.984758496284
161.4446875 2.03712060547 28.787609375 36.8116567383 0.982568264008
0.0 339.17240625 22.6605917969 40.9054375 0.982309758663
483.1151875 256.6528125 32.2189375 35.11203125 0.981738865376
543.6216875 11.9547431641 27.92875 35.3563974609 0.979651868343
171.05803125 507.90525 38.52665625 48.33175 0.979363739491
38.1196445313 83.50325 36.1294101563 41.8385859375 0.966112375259
211.804390625 108.89584375 35.71890625 44.41196875 0.963725864887
206.904859375 16.0551494141 25.181234375 34.4537529297 0.958493113518
219.78565625 194.37490625 35.51871875 42.29740625 0.949362277985
142.634984375 230.075171875 29.619796875 36.249234375 0.939315080643
184.962578125 390.72690625 37.98809375 40.653875 0.932900011539
48.5899921875 116.897851562 32.031296875 46.8903515625 0.912352621555
