28--Sports_Fan/28_Sports_Fan_Sports_Fan_28_267.jpg
14
359.0554375 257.041203125 18.39540625 21.711984375 0.999064981937
352.95315625 227.509609375 19.01246875 21.235953125 0.997290670872
419.0305625 240.4463125 22.764125 27.50709375 0.991480588913
502.06634375 342.6875 21.99446875 28.1105625 0.990604698658
345.5090625 328.1445625 20.69559375 27.08840625 0.988522410393
595.1733125 403.213625 18.7568125 23.3153125 0.982922911644
326.584 274.9854375 16.58040625 19.5369375 0.978614389896
436.62746875 385.6990625 22.92846875 26.07153125 0.972546458244
627.042625 283.26246875 18.718375 21.56821875 0.959797024727
443.7255 223.209671875 22.0720625 30.18225 0.947996854782
403.25659375 204.35334375 18.49096875 20.30878125 0.947136163712
632.32125 344.35090625 21.3503125 27.44046875 0.942761719227
312.42671875 218.02346875 16.7956875 21.86503125 0.914062142372
284.7638125 261.529265625 17.5508125 23.334421875 0.901162087917
