28--Sports_Fan/28_Sports_Fan_Sports_Fan_28_118.jpg
10
11.9650029297 203.275859375 73.2166923828 87.344828125 0.999607145786
638.2354375 312.2635625 93.874 113.260125 0.999132573605
47.0440117187 80.6530625 33.3659414063 40.9658359375 0.997757136822
486.0308125 314.41421875 88.688625 128.19284375 0.997137665749
0.0 363.9254375 87.02875 107.69525 0.996908009052
711.8764375 205.1885 33.8505 52.7725 0.994787454605
327.4830625 165.47096875 33.75628125 49.93653125 0.993874013424
541.9054375 220.0281875 47.488875 60.8405 0.993743360043
840.2239375 442.33078125 60.6415 76.286625 0.985757052898
95.1496484375 126.966351562 30.0861640625 36.8557109375 0.976568698883
