10--People_Marching/10_People_Marching_People_Marching_2_34.jpg
24
863.127 723.12 30.0944 36.8868 0.997247
714.469 704.46 24.2034 29.9795 0.996831
623.852 719.24 35.1654 45.4771 0.996394
370.136 642.494 12.7002 14.8635 0.995018
669.618 710.62 24.3988 31.4335 0.99334
590.754 689.6 23.293 30.2019 0.992632
524.212 711.797 31.2708 40.9518 0.992217
400.633 660.714 14.3565 17.5243 0.988439
994.125 723.93 29.9097 40.7306 0.984906
760.374 747.633 28.1785 33.1051 0.975224
403.769 723.164 16.0688 21.8513 0.974244
454.441 637.751 13.7876 16.5328 0.952033
342.835 644.469 13.3064 16.7723 0.944177
217.707 671.459 11.8504 15.3926 0.943902
836.31 671.311 18.7121 23.5405 0.932527
448.866 686.833 14.4446 17.0286 0.932091
100.767 684.425 15.9998 20.3051 0.915243
304.663 718.146 18.3841 20.9804 0.914675
809.984 640.824 13.7472 15.6939 0.900892
419.444 691.724 14.1929 21.0234 0.866262
1000.83 655.522 11.1058 17.1545 0.862004
84.4529 735.595 23.3235 28.7433 0.812974
663.333 669.337 15.2261 17.8365 0.811438
512.847 688.799 21.2508 30.7836 0.803308
