10--People_Marching/10_People_Marching_People_Marching_2_27.jpg
21
704.549 204.773 33.1852 38.682 0.999381
913.537 214.591 28.6015 36.1364 0.998896
831.674 225.928 31.8493 40.8847 0.998116
211.208 204.467 24.8213 29.5431 0.997846
538.591 199.624 29.3699 38.2253 0.997595
859.677 204.214 27.3966 36.3492 0.996996
363.065 184.014 28.4444 36.542 0.996811
519.363 195.954 23.4114 32.9521 0.996492
264.792 195.262 25.0168 30.7622 0.996396
914.245 269.203 34.0841 45.7069 0.996184
574.363 192.341 35.6425 45.9423 0.995488
17.0333 189.321 25.5255 34.5852 0.995175
789.305 231.591 26.563 33.4844 0.992683
646.44 182.526 27.0356 35.0208 0.991322
609.605 212.392 31.2778 36.2268 0.988586
483.501 196.364 23.3649 28.2119 0.984161
432.997 187.539 27.1806 37.1343 0.981098
37.0323 206.185 28.2919 36.708 0.980797
653.38 221.957 25.3639 32.4565 0.956243
989.276 206.96 23.3664 34.6304 0.948449
304.206 183.542 35.1413 40.069 0.947205
