10--People_Marching/10_People_Marching_People_Marching_10_People_Marching_People_Marching_10_69.jpg
223
423.971 490.353 18.4429 22.0537 0.9999
869.123 543.654 18.3514 22.6749 0.99988
425.854 450.946 16.329 19.4779 0.999858
401.32 525.817 17.8342 22.3863 0.999854
484.742 269.427 12.229 14.8696 0.999851
885.714 482.766 18.3581 21.4454 0.999775
483.823 311.114 12.7548 15.8938 0.999753
933.006 446.504 16.1904 21.4051 0.999734
358.452 456.607 16.6265 21.3417 0.999718
688.897 328.715 13.7085 16.2571 0.999714
180.759 164.575 11.6836 13.9138 0.999703
161.51 513.942 17.0767 21.7405 0.999659
630.827 495.647 16.683 21.1924 0.999641
728.485 501.71 18.1735 22.1978 0.999631
436.475 294.893 12.2653 14.7183 0.99963
491.532 546.142 18.0368 23.4543 0.999596
732.07 416.352 15.7812 19.8239 0.999592
441.759 475.19 15.8625 20.9305 0.999541
842.834 477.886 16.3124 21.4185 0.999513
821.46 370.526 14.0165 17.2167 0.999449
476.854 562.419 17.0622 21.3769 0.999364
950.368 477.243 18.7243 22.1858 0.999348
682.315 419.395 14.6503 18.3143 0.999344
785.589 406.758 15.0274 18.5564 0.999293
181.398 447.748 17.8174 21.2769 0.999188
294.482 457.722 18.0857 22.7316 0.999173
652.964 458.484 17.2903 22.065 0.999171
559.359 319.832 13.0035 16.2629 0.999162
686.121 392.279 14.7575 17.7897 0.999144
697.565 485.471 17.302 23.0759 0.999093
740.173 330.093 11.7837 14.6171 0.999076
461.152 215.432 11.8743 14.3084 0.998937
48.8085 592.899 22.7193 28.5549 0.998897
198.422 190.038 11.3472 13.7959 0.99879
689.151 659.989 22.1825 27.7903 0.998725
538.168 376.848 15.1283 18.8827 0.998676
359.127 535.469 17.0395 22.1566 0.998651
91.8404 245.167 13.168 16.7613 0.998607
137.492 196.373 12.8404 14.9939 0.998543
251.102 406.516 15.4092 19.4228 0.998442
502.003 435.072 16.2502 20.0865 0.998434
222.473 517.684 17.0625 20.4985 0.998333
875.75 648.458 22.3838 30.6204 0.998251
298.723 423.487 15.3244 18.5885 0.998158
163.886 180.427 12.5219 15.6312 0.998116
467.357 299.965 13.5803 17.1881 0.998085
392.087 596.498 19.6536 22.9973 0.998052
133.558 664.344 25.5375 27.0963 0.998045
109.041 220.069 13.82 16.0713 0.997948
156.626 414.612 14.593 18.2058 0.997929
679.174 252.224 12.5021 15.6108 0.997845
876.862 396.185 14.1391 16.8696 0.997784
308.038 502.26 18.2051 21.6723 0.997779
931.963 577.712 19.9312 24.4998 0.99773
779.069 503.088 15.9639 19.4668 0.997672
651.585 345.89 14.0251 18.0199 0.997549
380.756 352.578 14.8343 17.7908 0.997476
298.718 199.383 11.9543 14.2837 0.997453
448.097 269.714 11.9926 15.0264 0.99724
97.4339 196.012 12.6835 15.4907 0.99723
622.337 280.479 13.4795 16.0825 0.99722
149.308 147.497 11.7592 14.0195 0.997137
959.78 630.435 22.6195 29.2763 0.997028
627.042 327.902 14.6089 17.4395 0.996791
645.228 585.119 20.0219 21.2975 0.996728
319.704 195.265 12.661 15.8529 0.996581
170.055 488.941 17.3095 22.9563 0.996511
794.585 543.88 18.6814 22.6196 0.996487
979.338 336.44 14.0699 16.8853 0.996469
257.701 637.439 19.6734 22.2735 0.996411
880.03 575.861 21.3865 28.74 0.996192
118.182 616.489 22.5314 28.097 0.996148
607.217 554.687 19.4014 22.7748 0.996136
536.912 466.848 18.182 21.47 0.995943
884.115 445.628 16.6961 21.0622 0.995915
504.936 496.455 16.6191 19.7775 0.995847
319.725 549.707 15.8306 21.6481 0.995817
513.306 565.651 17.8232 22.4235 0.995789
4.80697 611.274 23.1418 28.2073 0.99536
358.32 628.207 23.1918 29.4191 0.995352
143.793 229.396 13.1089 15.4879 0.995169
767.41 445.645 16.5134 20.479 0.995113
456.715 467.959 14.4038 18.0776 0.995034
395.16 504.448 18.1612 20.7527 0.994892
721.413 385.937 13.6982 16.6142 0.994742
106.42 251.319 14.1523 18.0672 0.994727
560.561 373.423 14.8465 18.0984 0.994709
401.806 576.285 18.5837 22.3733 0.994559
690.217 273.242 13.7341 17.3344 0.994533
709.04 305.365 13.5175 16.3981 0.994276
209.573 608.954 19.0747 23.4539 0.994248
517.896 166.673 11.515 13.8153 0.994172
743.974 393.776 13.3038 16.1781 0.99413
130.006 477.037 16.5596 20.1909 0.993828
599.848 659.051 22.5695 27.3318 0.993491
302.789 605.445 18.2447 23.1595 0.993454
806.573 398.888 13.8511 18.6249 0.993435
712.145 181.224 11.2786 14.0215 0.993168
601.026 310.682 12.7549 15.1149 0.993163
660.701 262.914 12.2902 14.5956 0.993122
439.441 618.987 19.5299 21.4591 0.99263
237.549 355.76 15.4051 19.8909 0.992625
111.986 107.452 11.303 14.0796 0.991704
549.45 579.012 18.1203 22.1278 0.991498
716.633 357.64 14.8721 19.0764 0.99148
465.751 411.552 15.9744 18.0397 0.991298
533.139 610.969 18.0904 24.4993 0.990865
-4.88249 659.223 26.1724 29.3951 0.990668
819.442 163.689 11.4949 14.1498 0.990377
715.918 539.959 22.3051 28.6139 0.990058
176.996 651.796 22.2921 28.754 0.989567
188.232 131.045 12.1414 15.1547 0.989511
705.234 340.57 14.4326 16.5424 0.989295
301.639 481.808 17.0699 19.9981 0.988991
760.397 506.901 17.623 20.1887 0.988943
241.77 156.071 11.4731 13.901 0.988863
450.571 324.828 14.1389 18.6153 0.988554
87.1309 511.28 19.8696 22.7434 0.988248
527.702 205.705 12.0959 15.0056 0.988192
745.656 576.318 19.7915 23.441 0.987954
587.95 447.619 14.6951 19.1054 0.987885
217.479 196.131 11.9297 14.8892 0.987813
214.93 659.501 23.2242 27.3646 0.987359
997.691 596.087 16.2633 22.1803 0.98668
628.805 372.811 15.6611 18.5318 0.986555
449.535 370.069 15.8376 19.4614 0.986533
774.265 359 13.2034 15.2374 0.986477
817.073 528.614 17.1987 20.0011 0.985571
162.876 556.276 22.7456 28.4211 0.98513
995.758 528.526 19.3411 20.7216 0.985112
271.036 196.581 12.0526 14.1487 0.984751
511.499 239.972 11.7085 14.3934 0.984594
793.159 377.974 13.0275 16.1749 0.984049
909.118 471.735 12.9069 18.6891 0.982976
165.636 210.759 13.2176 14.8034 0.982695
563.416 534.383 18.0091 23.7334 0.981862
839.087 613.66 22.7173 28.0351 0.980907
326.424 359.985 12.9372 16.517 0.980031
367.963 497.448 17.3377 21.7744 0.979993
379.669 410.149 17.1034 17.8218 0.979629
427.885 314.583 12.8294 15.3999 0.979495
307.419 170.684 12.1096 14.7082 0.978651
977.222 602.118 22.2695 26.2894 0.978067
754.803 616.946 22.766 28.5514 0.977687
583.649 627.875 18.8276 21.8868 0.976234
598.168 511.252 18.626 19.8414 0.976106
93.8989 642.541 23.5361 29.3014 0.974106
130.479 155.888 11.55 14.2624 0.973925
529.914 158.156 10.9919 13.5201 0.973865
580.995 350.16 14.3975 16.2847 0.973355
680.336 190.248 11.503 14.2586 0.97135
97.4861 564.759 21.7123 27.8239 0.969676
268.211 415.241 15.5401 19.6263 0.969662
230.908 551.849 18.6791 20.5784 0.967581
74.9326 228.214 13.2372 15.3502 0.967267
493.046 141.411 11.4249 13.5077 0.965323
73.7474 190.736 12.5576 15.3866 0.964568
639.821 313.074 12.6438 14.5122 0.963503
507.431 280.851 12.7979 15.3573 0.963156
339.338 375.103 14.2623 16.9205 0.961871
115.042 331.152 15.9954 19.5363 0.960372
541.647 541.15 17.762 20.589 0.959641
585.218 231.07 11.9284 14.8964 0.958927
884.643 325.282 14.8234 16.798 0.956444
658.902 290.519 12.8065 14.3569 0.955007
292.267 108.655 11.1058 13.2477 0.954502
566.426 267.766 13.6097 15.8463 0.950494
913.84 171.667 12.7311 16.0721 0.949684
629.984 418.112 14.4266 20.279 0.947896
462.278 276.57 12.4893 15.1513 0.947657
271.27 569.32 19.3803 20.4091 0.944564
683.966 229.81 11.619 14.2191 0.94258
469.47 503.53 17.7255 19.6648 0.942377
377.679 383.866 13.6318 16.4405 0.941271
428.554 659.278 23.2988 26.7028 0.937256
227.21 488.086 15.5321 18.9195 0.936162
733.676 311.396 12.8999 15.0604 0.934721
233.609 141.048 11.4374 13.2565 0.932983
505.585 671.766 23.636 28.3171 0.932844
658.348 230.823 12.0844 13.8742 0.932201
373.352 179.807 11.6557 14.4909 0.930605
721.512 443.719 13.6506 19.2296 0.92838
771.26 150.352 10.9921 13.5054 0.927153
265.744 181.845 11.8059 14.0978 0.925105
496.963 158.589 11.2137 13.4887 0.923946
714.985 214.874 11.5034 13.8214 0.917423
576.309 493.712 16.1555 18.5122 0.913763
1001.11 203.671 13.3431 15.3657 0.913169
386.074 386.326 13.8501 15.8435 0.910815
758.497 649.902 23.5755 27.2881 0.900665
265.143 129.948 12.8369 14.5405 0.898168
311.425 149.113 11.5308 14.1187 0.892754
846.348 418.751 15.1271 18.4684 0.891882
817.503 668.968 24.7069 26.3313 0.890667
427.265 170.629 12.0434 13.9103 0.886259
195.841 215.598 12.6364 14.906 0.885508
727.582 475.855 14.898 17.7609 0.884088
313.595 673.241 23.6 29.0136 0.882391
736.851 140.817 10.9843 13.6972 0.881769
697.923 124.023 11.1842 13.5175 0.881761
435.72 129.446 12.247 14.71 0.880317
565.817 297.987 12.8191 15.5839 0.87949
64.6923 312.253 14.0189 17.5946 0.876203
118.805 204.276 11.985 14.2929 0.869606
282.246 186.326 12.2209 15.1948 0.869113
694.93 638.396 18.8032 20.8203 0.868365
853.685 149.735 11.8816 14.2687 0.866174
646.234 331.12 14.1284 16.0243 0.857647
404.943 163.716 12.1164 14.4507 0.854838
184.373 99.3255 11.2393 13.5449 0.852178
632.19 247.095 12.2475 14.7183 0.85212
552.371 425.985 14.0513 16.9548 0.844284
660.1 306.691 12.3665 16.2672 0.841873
491.877 187.843 12.9444 14.7349 0.833476
384.903 196.438 11.6529 14.1973 0.8324
202.171 90.8481 11.3337 14.1195 0.831647
126.394 82.5303 11.122 13.1468 0.821671
98.6534 123.796 11.7783 13.8015 0.81894
294.568 175.655 11.8383 14.068 0.813107
199.852 137.641 13.048 15.0487 0.812379
244.455 613.04 18.823 19.348 0.811646
404.833 98.3949 11.2808 13.1085 0.810651
501.581 636.97 18.583 19.4928 0.80058
