10--People_Marching/10_People_Marching_People_Marching_2_131.jpg
16
840.113 329.182 34.5698 43.0933 0.999174
563.545 267.97 33.487 45.6068 0.998801
469.135 365.835 44.9387 57.0396 0.9987
728.675 321.859 36.5525 46.6901 0.998178
283.59 313.259 35.201 45.7659 0.998107
512.448 304.529 35.1862 45.0838 0.998024
683.18 259.683 33.8665 43.819 0.996074
143.49 306.228 37.0147 48.0666 0.996062
341.587 389.651 37.4774 47.0096 0.994173
621.157 316.963 38.0969 46.4167 0.994019
407.362 298.304 38.0738 46.7614 0.993672
447.943 237.867 36.5802 43.3352 0.993389
611.102 371.774 42.374 54.0558 0.993247
735.364 396.852 42.6411 53.8583 0.993151
201.772 373.269 41.4105 46.2069 0.992919
325.74 214.223 35.7573 47.2255 0.990874
