10--People_Marching/10_People_Marching_People_Marching_2_401.jpg
44
331.799 403.093 68.5097 86.3076 0.999627
639.203 531.595 75.0855 98.0666 0.999584
566.328 264.632 29.7009 38.2572 0.999141
193.652 353.112 52.8901 66.2728 0.999113
89.3912 512.811 66.9454 78.1966 0.998894
18.0195 409.422 60.2879 67.0464 0.998805
850.83 503.646 91.4173 121.471 0.99872
496.279 269.232 28.9601 40.4219 0.998705
541.094 241.327 24.3078 32.1961 0.998611
101.369 282.046 30.2801 38.3592 0.998425
62.7231 317.862 30.0716 38.2747 0.998285
795.63 280.506 48.2651 55.6291 0.998228
284.082 294.946 23.4042 29.3692 0.998109
727.897 302.814 35.5349 46.6676 0.997866
554.172 501.948 56.5326 59.416 0.997721
625.666 250.17 28.0368 36.9263 0.997619
660.824 267.431 33.4538 41.8853 0.997614
477.766 265.385 21.5586 32.1359 0.997544
757.135 263.808 25.3337 35.6802 0.997382
45.613 289.297 25.6736 32.2111 0.997218
779.514 351.207 52.4396 80.2569 0.997123
385.888 249.944 18.7311 22.8012 0.996434
252.137 272.631 22.6057 30.0442 0.9964
308.178 329.012 25.5235 31.0012 0.995987
422.558 240.39 23.3796 28.9274 0.995956
348.995 335.91 32.0439 38.133 0.995411
922.725 267.733 26.0661 35.3209 0.995291
382.532 312.666 27.2754 33.3601 0.995
352.282 275.698 21.7071 27.5568 0.991919
508.067 243.026 19.804 21.7489 0.991489
206.494 302.758 27.3826 31.2586 0.990861
189.02 267.73 25.3945 29.5929 0.988497
725.166 386.16 37.818 49.4382 0.985842
102.288 392.185 35.7119 44.1707 0.985199
355.929 253.259 14.3532 17.3055 0.982484
667.796 419.72 43.7588 54.8456 0.98087
740.235 251.001 21.4167 28.1689 0.977214
849.092 252.715 34.4556 48.4322 0.974394
315.087 269.98 19.1833 22.7689 0.95995
613.274 237.141 16.8611 20.9045 0.955224
818.735 246.512 25.5775 31.0212 0.949773
327.614 290.177 22.0157 27.4056 0.913408
745.657 230.451 16.6606 20.45 0.903364
702.464 241.616 15.4799 19.4133 0.845932
