10--People_Marching/10_People_Marching_People_Marching_10_People_Marching_People_Marching_10_People_Marching_People_Marching_10_1024.jpg
33
860.176 1782.78 41.9949 46.8673 0.999594
210.558 1963.08 80.1884 93.7893 0.999247
611.815 1989.87 78.7794 85.6295 0.999173
-0.258393 1689.57 63.6719 67.3191 0.999043
364.956 1896.51 74.5704 81.6526 0.998524
797.341 1785 44.9463 50.8487 0.998504
511.093 1843.41 45.525 51.826 0.997928
913.155 1787.48 49.6891 55.0024 0.997633
902.708 1080.49 41.729 50.4184 0.996762
548.64 1780.12 35.3308 40.1789 0.996655
174.168 1751.06 48.3913 53.2891 0.996634
660.883 1805.9 36.2558 42.7433 0.995433
596.245 1764.56 35.586 39.8345 0.993912
610.899 1833.25 44.7281 47.5122 0.991883
953.904 1930.85 58.9394 63.0561 0.990939
266.944 1750.02 46.1992 51.8099 0.9884
77.5689 1711.6 46.3956 52.3384 0.980266
578.93 1900.35 47.8502 50.3857 0.975463
405.422 1790.91 50.5528 54.2789 0.974363
727.283 1857.66 48.4184 51.0392 0.966555
488.072 1719.84 35.2396 43.6799 0.966444
340.597 1755.26 36.2906 45.9439 0.96437
218.065 1752.33 37.422 49.0796 0.948593
883.597 1684.62 36.2347 44.0718 0.935358
705.972 1072.92 34.7272 45.2561 0.930667
982.59 1761.2 46.7851 48.8547 0.918104
858.244 1724.24 36.5159 39.7556 0.904756
459.791 1043.77 31.0126 37.2997 0.889882
761.669 1739.51 36.158 42.1765 0.865047
451.039 1832.21 38.7575 43.3702 0.852387
202.185 1054.59 31.5092 37.6392 0.848553
995.297 1093.54 33.669 39.456 0.827823
278.547 1047.48 28.0034 33.8205 0.804387
