10--People_Marching/10_People_Marching_People_Marching_2_668.jpg
15
540.112 293.181 31.9236 38.2266 0.998874
192.433 301.898 37.2673 44.4903 0.998641
768.178 315.319 27.2817 30.8621 0.99864
296.023 352.123 37.1769 42.8289 0.998628
656.839 310.573 33.6766 38.7594 0.997614
99.6717 265.862 32.7348 40.2506 0.99708
408.701 306.639 47.2669 53.2927 0.995947
603.687 306.357 23.9315 28.8733 0.995664
856.837 316.061 23.5686 26.4663 0.993988
985.033 332.856 14.4679 16.8808 0.992479
921.452 336.126 18.1314 20.0047 0.99175
513.31 317.066 18.7968 21.9539 0.990438
459.083 319.724 27.3346 33.2323 0.986493
370.083 331.285 22.3575 27.2739 0.980104
957.221 328.799 14.7271 18.1089 0.949813
