10--People_Marching/10_People_Marching_People_Marching_10_People_Marching_People_Marching_10_368.jpg
13
859.995 177.899 69.3405 79.914 0.999539
185.831 93.7217 66.0655 90.4238 0.999412
728.873 114.167 63.3984 79.0512 0.99938
598.632 138.63 62.2271 76.432 0.999054
334.459 148.43 60.1796 85.7988 0.998993
448.543 188.097 58.207 68.2756 0.998758
41.9947 100.719 65.6666 79.1382 0.99837
396.29 155.065 47.1946 61.4367 0.997834
522.148 221.404 47.1106 57.6351 0.997166
659.801 186.783 47.7719 57.8714 0.990279
267.241 188.94 54.2261 60.474 0.975991
925.801 230.368 36.6044 48.7225 0.950027
-14.1427 180.367 48.7102 57.4102 0.940977
