10--People_Marching/10_People_Marching_People_Marching_2_259.jpg
38
747.535 417.39 13.4164 15.6785 0.995322
563.842 464.701 15.0384 18.2802 0.994937
393.604 467.402 16.4003 18.6428 0.994883
883.248 465.874 16.4385 18.4611 0.993756
802.528 408.001 14.0824 17.6667 0.989943
52.1441 365.894 14.8714 19.6376 0.988342
621.418 468.07 14.0515 17.2658 0.986849
787.081 465.361 14.8073 17.0188 0.986083
327.336 250.891 13.7594 16.4538 0.983533
92.516 467.052 15.6266 17.6638 0.978472
689.085 415.669 13.3386 15.1459 0.971253
148.148 405.963 15.5125 19.6052 0.966993
337.693 475.169 15.226 18.0279 0.966326
283.742 473.216 16.3399 19.3566 0.964996
533.334 415.683 13.5346 16.5776 0.96067
226.262 464.066 16.2574 18.5985 0.953635
176.446 369.172 14.215 16.3119 0.94685
397.617 369.74 13.1331 15.11 0.945879
370.08 410.653 13.9914 16.8582 0.943925
505.224 467.162 15.2628 17.8437 0.942637
208.141 410.002 14.3413 16.9963 0.938263
679.64 465.963 14.4972 18.0392 0.936534
450.434 473.062 15.1771 18.3238 0.936259
734.057 466.435 15.6785 17.4922 0.924535
166.635 463.189 16.835 19.6834 0.92248
363.914 205.248 11.0997 13.7495 0.898857
711.074 277.908 14.2714 19.3426 0.897127
853.432 406.762 14.6903 17.0932 0.867861
682.733 359.724 14.4226 16.9412 0.866832
313.873 409.435 14.0869 16.3718 0.866806
475.167 410.748 13.6536 15.8048 0.864813
611.573 367.166 15.2242 17.2839 0.863703
445.983 361.799 12.6101 14.8559 0.859954
281.334 205.598 11.6563 14.3552 0.848221
557.862 286.658 11.9979 14.1694 0.82266
942.871 414.421 14.1005 18.7429 0.819821
469.817 328.35 12.0909 15.0934 0.817543
471.174 189.047 11.395 14.7099 0.815921
