10--People_Marching/10_People_Marching_People_Marching_2_498.jpg
24
346.419 421.032 25.5805 27.4279 0.999037
411.999 585.6 26.4846 29.7229 0.998642
786.62 543.217 24.0103 26.5876 0.996017
190.803 28.0322 25.1702 29.1802 0.995764
27.7955 15.6245 23.2665 28.5159 0.992288
543.528 5.25444 24.1987 26.4437 0.991605
894.481 418.124 22.3633 29.148 0.991596
955.301 544.931 23.3504 29.8484 0.98806
37.4386 615.644 25.7348 27.2856 0.985534
704.379 -2.80263 22.9599 28.4348 0.984766
69.2339 146.274 23.024 28.7881 0.984362
875.689 9.06661 25.5596 29.1488 0.983598
721.853 420.464 25.0818 27.8663 0.982727
772.954 134.451 23.3734 26.4057 0.982623
361.678 28.9308 23.8107 28.4799 0.982469
608.424 130.686 23.8762 25.716 0.981052
290.768 287.555 25.608 26.3062 0.975721
1002.24 276.133 23.3569 26.8621 0.970304
539.833 440.492 25.3701 31.4166 0.966239
239.92 138.76 24.9394 27.464 0.963651
575.756 598.436 22.9589 30.2423 0.963304
835.118 275.141 22.6841 28.8252 0.958813
163.96 428.748 19.493 22.7109 0.928271
942.037 126.004 23.9967 26.9407 0.88759
