10--People_Marching/10_People_Marching_People_Marching_2_678.jpg
17
305.145 290.887 23.6755 27.3886 0.997911
350.573 277.999 26.471 32.3903 0.996803
215.972 296.157 25.6842 30.2664 0.996159
722.645 272.621 25.7553 31.8134 0.996037
254.035 290.494 27.637 33.2199 0.994329
900.442 206.878 13.799 17.3248 0.992015
448.687 296.03 23.4454 29.2959 0.990091
622.063 294.342 22.0866 28.7717 0.985521
842.575 303.962 23.6345 27.7894 0.984197
885.158 294.137 22.4071 26.6204 0.982815
115.918 335.629 12.692 17.7336 0.975657
786.129 307.16 18.4869 22.0089 0.969916
65.8385 254.413 11.517 15.2525 0.968905
945.047 208.336 13.25 16.2314 0.949682
24.1763 318.655 11.7688 17.7624 0.913379
513.184 303.111 23.6846 27.5779 0.911037
804.076 308.444 15.4651 21.8945 0.9018
