10--People_Marching/10_People_Marching_People_Marching_2_40.jpg
49
830.139 238.974 57.1899 73.4692 0.998854
353.645 127.248 28.8529 36.7241 0.998793
400.95 158.851 29.4443 34.7957 0.998542
516.031 87.6115 18.9599 23.8478 0.998497
795.541 67.048 12.6319 16.5622 0.998204
92.6504 89.9704 25.5028 31.2558 0.998111
711.155 85.0351 16.071 19.9437 0.997548
516.184 513.13 105.944 109.456 0.997289
563.849 65.2085 15.8299 18.0335 0.996903
584.007 270.081 45.1861 56.7283 0.99685
712.581 268.13 55.8206 69.2683 0.996531
265.609 118.416 28.4396 34.3493 0.996453
714.508 53.2855 14.714 17.6668 0.996184
81.266 444.595 103.345 132.343 0.995975
47.3027 136.22 38.1262 46.1036 0.995048
680.329 98.2017 18.7693 23.4612 0.995019
821.189 55.0769 13.5214 16.1044 0.994629
664.584 204.243 43.7366 55.5944 0.994178
757.36 49.8648 13.0269 15.6025 0.994124
496.55 149.059 28.8741 32.33 0.99407
410.553 46.5812 13.821 16.3213 0.993899
686.754 247.857 41.6926 59.2394 0.993154
942.783 243.487 47.9744 60.9449 0.992831
316.03 146.589 31.0041 37.6769 0.991654
741.388 64.8003 13.5983 16.7537 0.990173
588.03 130.476 25.6414 40.3113 0.988842
95.082 134.032 29.0572 40.1675 0.988163
511.228 49.5286 13.2378 16.3025 0.987536
767.179 215.74 38.8754 34.4353 0.987496
816.432 145.422 23.2386 37.0771 0.986594
769.965 87.8023 17.8717 19.9561 0.985732
157.119 214.802 46.1312 57.8434 0.984193
229.276 92.756 22.4471 27.0898 0.982857
420.031 101.331 22.4459 28.7343 0.9817
788.599 119.684 26.1974 33.2804 0.978312
852.958 52.1406 13.7531 17.2635 0.971077
473.697 110.043 19.3594 23.8655 0.970651
252.765 86.777 19.2468 20.9053 0.969432
708.303 356.46 46.8153 68.1347 0.966163
136.064 79.7769 24.3111 30.9273 0.965766
221.734 200.337 29.7191 39.0496 0.9621
574.092 45.6473 13.7858 17.7314 0.961466
799.347 114.699 24.7674 31.5572 0.952341
944.978 301.169 54.0942 63.1953 0.923886
698.892 43.9141 13.9307 16.1997 0.922625
665.29 101.848 15.054 21.6094 0.920003
941.523 207.284 35.0001 45.7599 0.916168
978.764 334.705 55.4926 76.7028 0.877838
48.0337 345.868 58.6774 67.9081 0.838717
