10--People_Marching/10_People_Marching_People_Marching_2_36.jpg
32
697.944 307.098 27.8991 35.1 0.99949
502.004 322.858 26.0967 34.651 0.999404
558.281 325.662 29.4835 35.6629 0.999399
257.899 324.686 26.3085 34.357 0.999017
753.009 320.198 26.5314 31.9932 0.998986
468.148 309.807 25.505 33.0344 0.998886
306.02 339.425 28.5734 35.1179 0.998744
222.633 319.337 24.9978 33.0679 0.998698
648.948 308.789 25.1576 30.093 0.99867
829.571 293.415 16.5666 20.0573 0.998572
32.755 286.781 17.2714 21.9225 0.998186
813.973 331.942 31.8248 37.5619 0.998101
949.953 337.099 34.1461 40.9756 0.997578
853.16 292.25 15.8687 18.4595 0.997035
50.0385 408.357 14.604 16.7215 0.996288
427.509 305.815 25.6019 31.2423 0.996276
384.036 296.235 25.6807 31.1062 0.995099
153.91 308.784 23.7052 32.5866 0.994352
188.469 312.861 24.3959 32.5546 0.994325
813.526 294.16 15.4806 18.4764 0.989393
973.082 295.209 14.0225 17.0618 0.988522
672.993 272.436 14.594 19.2866 0.98544
903.977 303.953 12.2174 17.9018 0.96627
960.878 279.789 13.5676 16.4798 0.962948
595.506 276.514 15.9196 18.7423 0.962751
1006.36 293.03 14.3406 18.542 0.956081
929.377 294.072 14.6994 19.3819 0.948624
57.3498 238.292 16.0407 18.8667 0.930043
13.7061 312.738 16.1221 18.2714 0.912681
92.5576 309.565 15.2654 19.6781 0.858175
113.397 291.072 18.5476 23.0597 0.841775
638.622 293.477 14.7413 19.1115 0.808496
