10--People_Marching/10_People_Marching_People_Marching_2_277.jpg
19
46.4493 186.545 49.9287 68.4348 0.999401
620.723 189.374 30.2461 37.1898 0.997771
368.822 184.218 27.6078 33.0166 0.995246
837.068 186.754 25.3228 29.4263 0.994814
971.955 192.129 19.631 22.2027 0.992251
413.481 180.239 37.5159 46.6263 0.990867
755.312 190.765 25.941 31.6609 0.989367
257.808 168.698 23.234 28.9066 0.98863
502.146 194.975 24.6054 29.8874 0.987111
328.353 179.713 23.1396 30.3499 0.978991
868.448 194.053 18.0634 22.1707 0.97678
557.588 178.5 14.1519 16.0593 0.974343
1008.01 184.651 15.9368 20.363 0.973668
913.174 183.993 23.7617 27.788 0.971383
670.976 193.564 22.9981 29.4786 0.961553
228.906 173.698 18.0517 23.1305 0.948906
940.379 184.962 15.8841 20.0111 0.944596
817.552 190.228 18.9951 23.6168 0.909637
469.492 178.835 15.0011 18.8678 0.840425
