58--Hockey/58_Hockey_icehockey_puck_58_244.jpg
16
800.250427246 483.416931152 32.1001586914 37.7495117188 0.998146295547
706.245178223 469.815429688 33.3676757812 39.5896606445 0.996021091938
234.265823364 482.276000977 35.3245391846 43.3300170898 0.995974123478
460.327850342 253.649856567 26.5913391113 35.7211456299 0.994338929653
402.309112549 469.889648438 28.4673461914 35.6499633789 0.994231462479
362.55480957 271.159759521 29.5929870605 38.9135437012 0.993741095066
455.797790527 505.042449951 27.3600158691 33.5043640137 0.992435991764
586.77142334 466.480163574 27.4713134766 32.4961242676 0.991372942924
408.241119385 418.774536133 28.5788574219 35.7205810547 0.991328537464
451.765136719 454.4972229 26.7748718262 33.3724060059 0.990921795368
495.315216064 416.607055664 24.4424743652 30.1661376953 0.987998366356
673.03137207 437.347839355 27.3141479492 32.3473510742 0.985136508942
629.670532227 459.238983154 28.3458251953 36.6853942871 0.980313718319
534.271484375 408.963897705 23.444519043 28.762298584 0.979775905609
539.769958496 277.568511963 27.3001098633 35.4734191895 0.977344930172
519.251281738 507.63470459 26.6001586914 33.0755615234 0.953150808811
