0--Parade/0_Parade_marchingband_1_556.jpg
10
968.108276367 257.251647949 30.6776123047 37.3204956055 0.994073808193
347.956573486 255.259765625 27.4496459961 33.5540771484 0.992143034935
638.282775879 257.612792969 31.7752685547 38.074798584 0.991699337959
496.43536377 283.608520508 29.0783081055 34.2159423828 0.988498866558
744.926086426 237.07875061 33.1036987305 37.4640350342 0.979881048203
149.178192139 286.431121826 33.4468078613 46.4042663574 0.979849338531
450.195587158 278.929626465 21.7635498047 28.082244873 0.960150122643
562.692382812 302.814788818 42.5214233398 54.8375854492 0.951807320118
82.4288787842 262.570953369 26.1803970337 33.0366210938 0.951486110687
721.231201172 235.76133728 22.5292358398 27.9023284912 0.854908287525
