0--Parade/0_Parade_Parade_0_377.jpg
10
256.653747559 508.356323242 67.8111877441 88.3284912109 0.990554273129
854.432800293 360.478240967 66.8583984375 75.2418212891 0.96913343668
573.366638184 306.614654541 29.408996582 32.3059387207 0.951495051384
92.6215744019 363.353546143 55.1399002075 64.1671447754 0.932154536247
727.796142578 311.45904541 26.9425048828 29.0344238281 0.882172465324
245.557434082 338.824432373 32.3563842773 38.8196105957 0.879683315754
144.241424561 311.245025635 46.3098144531 62.4809265137 0.857187092304
9.73419380188 263.176239014 52.3843631744 72.0363464355 0.844769954681
355.319946289 272.224456787 26.5457763672 32.5303039551 0.807821929455
975.809143066 339.850830078 22.2482910156 27.9878234863 0.803208708763
