0--Parade/0_Parade_marchingband_1_410.jpg
44
561.63671875 467.19519043 26.8818969727 37.6403198242 0.984031498432
693.034362793 482.520812988 33.0523071289 46.1547851562 0.982851028442
464.029663086 486.317382812 25.3043823242 37.9939575195 0.97183483839
783.176269531 225.258132935 12.6395263672 15.7439880371 0.94694852829
877.468200684 450.385864258 32.9962768555 46.4557800293 0.941431343555
177.311569214 258.109863281 12.4014282227 15.1634521484 0.936874747276
382.988128662 476.725982666 26.1148376465 37.588470459 0.932159602642
266.132568359 480.832519531 13.6683654785 16.6134643555 0.929420232773
97.8007888794 146.210250854 12.6200027466 15.275177002 0.920382201672
241.20489502 239.909072876 13.0407867432 15.7978210449 0.914009273052
313.242645264 414.610870361 12.4805297852 16.0573120117 0.911045014858
58.93957901 462.958496094 14.5854988098 17.6599731445 0.90201997757
727.624023438 350.546966553 14.3158569336 18.6186828613 0.901877105236
48.4355049133 487.263427734 14.5604515076 18.1431274414 0.900470256805
548.030456543 150.122146606 12.5902099609 15.6588287354 0.891032993793
72.0126647949 244.734451294 15.6567306519 20.0224151611 0.872452318668
832.52557373 175.151153564 13.3740844727 16.8308258057 0.869630396366
704.966552734 191.838394165 13.1251831055 15.9598083496 0.868122816086
249.438720703 37.5801467896 12.6676025391 16.0108375549 0.866744220257
73.3591156006 85.5628128052 13.9381027222 16.4008178711 0.863473415375
467.950408936 128.494857788 13.4291687012 16.1054840088 0.863352656364
39.5877037048 345.309173584 13.8653259277 16.2744140625 0.858172416687
567.037780762 334.709503174 14.4780273438 18.1715393066 0.855648636818
122.582679749 336.419952393 12.588218689 15.1398010254 0.855494022369
225.854187012 137.334869385 12.2363891602 14.8793334961 0.851290166378
659.075744629 216.940246582 13.995300293 17.4573516846 0.846301674843
199.362548828 216.643722534 12.7928619385 15.6438751221 0.842803835869
1008.88238525 341.806091309 14.1381835938 17.6429748535 0.840374588966
575.804504395 111.683349609 13.3861694336 16.7164916992 0.839912354946
940.416992188 216.439880371 12.3341064453 14.7371826172 0.837685346603
275.273254395 436.787475586 13.6245117188 17.654296875 0.8341614604
139.23739624 368.567871094 12.135635376 15.1364440918 0.828533291817
220.671630859 480.764526367 22.5930023193 30.9522705078 0.827592730522
769.344665527 118.81312561 14.2285766602 17.7843017578 0.826900362968
169.741394043 463.335357666 14.8868713379 17.9797668457 0.826367914677
208.671524048 41.1556243896 12.6750793457 15.3065795898 0.824563920498
236.229858398 296.0652771 12.8234710693 15.6487731934 0.823395729065
115.595069885 214.36416626 13.3943328857 16.470123291 0.813272058964
936.836181641 28.6450691223 14.7105712891 18.2156524658 0.811707854271
722.093200684 162.601699829 11.8770751953 14.0666351318 0.807106852531
49.0800590515 130.036331177 13.132976532 16.3589324951 0.806062042713
651.718505859 398.206604004 15.0490722656 18.3924560547 0.801180839539
968.651550293 336.475280762 11.8973999023 14.7002868652 0.800633966923
808.775634766 273.255126953 13.7420043945 17.0786437988 0.800206780434
