0--Parade/0_Parade_Parade_0_639.jpg
8
637.665100098 574.61114502 48.6287231445 70.8109741211 0.999050676823
591.693725586 100.299743652 28.9616088867 34.117767334 0.980465531349
713.133728027 78.0653686523 27.1086425781 31.7901992798 0.970638692379
516.298217773 162.125396729 24.5233764648 30.5314483643 0.967359960079
338.592285156 210.757781982 34.9283752441 39.8454284668 0.961435675621
438.948822021 271.361083984 29.2347412109 34.8066711426 0.851243555546
972.106140137 535.816101074 51.8938598633 99.5527954102 0.810377776623
951.289245605 421.544311523 16.1948242188 22.5064697266 0.805719614029
