0--Parade/0_Parade_Parade_0_873.jpg
35
818.383544922 505.749359131 63.6712646484 83.4731750488 0.999139428139
319.608184814 461.098693848 50.4125366211 63.8013305664 0.998338460922
608.75958252 492.386566162 50.7020874023 71.8248596191 0.992888510227
727.161987305 483.817626953 47.6706542969 67.6791381836 0.990785121918
399.456237793 323.792480469 27.2010498047 35.8594665527 0.990705430508
149.682510376 409.855529785 34.0364532471 40.0514221191 0.988157093525
852.81036377 327.65222168 23.5886230469 29.2356567383 0.986254692078
337.054168701 368.4815979 26.1332397461 32.8153381348 0.978924453259
956.39642334 343.698760986 30.5737915039 37.8117980957 0.971314609051
744.030334473 353.164550781 26.1552124023 34.155090332 0.970452606678
771.453979492 357.70715332 25.6330566406 31.0700683594 0.969449102879
665.679504395 395.149505615 28.1655273438 37.0415649414 0.966595292091
625.838256836 364.669494629 25.7390136719 31.6782226562 0.966515779495
924.646484375 400.478942871 49.2565307617 58.2636413574 0.962383389473
896.068786621 349.883453369 27.9417114258 35.7673034668 0.959981799126
452.021606445 525.743286133 68.9749145508 80.5969238281 0.957572698593
715.825317383 409.280761719 33.6386108398 42.0102844238 0.95689624548
450.806610107 397.95892334 34.5143432617 44.7073669434 0.952633440495
28.1305122375 436.291717529 30.9097480774 38.2850036621 0.946000158787
130.290557861 383.819610596 29.0193939209 35.2301635742 0.936117172241
95.0855178833 579.525390625 78.8373184204 107.474609375 0.926034867764
817.27557373 318.741577148 24.614074707 30.4201660156 0.92491710186
318.191619873 404.910247803 33.7091674805 44.8374633789 0.92281472683
300.044281006 354.451934814 22.999420166 28.6318664551 0.920662283897
901.056213379 376.351806641 24.7897338867 34.7701721191 0.905323982239
534.337402344 357.161590576 25.6358032227 32.9594421387 0.896704614162
805.331604004 351.40133667 26.1287231445 30.7623596191 0.888329863548
808.349487305 264.205780029 12.4581298828 16.0557250977 0.887108981609
934.600341797 271.480499268 14.1920776367 17.6307678223 0.869656205177
979.354370117 462.462188721 44.6456298828 69.9928894043 0.866015791893
442.791320801 371.036102295 28.6565551758 33.7691955566 0.85879945755
743.892578125 314.904785156 20.7940673828 27.233581543 0.856514155865
78.8096237183 370.996856689 25.0301971436 30.6714782715 0.840219080448
23.7266731262 300.181610107 14.0999183655 18.5569152832 0.834985852242
932.528320312 298.538208008 22.5070800781 28.2118530273 0.801200270653
