0--Parade/0_Parade_marchingband_1_267.jpg
14
315.573059082 222.166061401 26.7080078125 35.8249969482 0.996819972992
165.359008789 246.075210571 33.9366912842 40.6304168701 0.995776593685
465.907409668 222.430267334 34.0445861816 38.4490356445 0.99524974823
423.878814697 202.871398926 25.8790283203 34.2779541016 0.994120419025
354.632965088 236.251373291 26.6670532227 34.0308532715 0.989232420921
0.0 221.683883667 31.2421951294 45.1960296631 0.982587754726
508.706176758 234.526794434 27.2863769531 33.2825317383 0.969566166401
583.00958252 225.962860107 25.7405395508 34.0711975098 0.962216794491
680.762023926 144.892868042 14.1200561523 15.9828186035 0.90466427803
505.237579346 194.772506714 22.180267334 27.4089050293 0.891919374466
623.703369141 175.502288818 15.6519775391 19.4961547852 0.871369302273
832.303833008 146.096084595 14.5751953125 17.4054718018 0.857661962509
565.89263916 140.517288208 15.9763183594 18.573638916 0.832574367523
926.464172363 147.063903809 15.4514770508 18.4078063965 0.825217485428
