0--Parade/0_Parade_Parade_0_850.jpg
10
833.91607666 292.879516602 29.8887939453 43.8006591797 0.992268502712
623.346862793 287.792633057 31.0073852539 40.4346008301 0.991401016712
485.680267334 298.986785889 24.2476806641 31.5940551758 0.988429784775
941.522277832 285.43661499 28.1932373047 34.5329284668 0.985257327557
748.379577637 302.544067383 25.267578125 30.1473693848 0.928717970848
364.022735596 308.813262939 24.2225952148 30.1523742676 0.910458147526
128.899627686 318.864532471 13.1749420166 17.1086425781 0.902369737625
190.20451355 318.861968994 14.3647155762 17.9595336914 0.875496268272
248.033874512 314.889312744 22.4719848633 26.7858581543 0.840869128704
33.3822288513 319.331878662 16.3510437012 19.7162780762 0.810869991779
