0--Parade/0_Parade_marchingband_1_606.jpg
8
257.756530762 139.615371704 32.6116027832 37.9311828613 0.992881774902
485.024291992 134.317642212 36.2495117188 43.9264526367 0.992412507534
841.218505859 153.309509277 30.7989501953 36.5432434082 0.99192070961
43.7946624756 158.515274048 32.7988967896 40.2490539551 0.989985346794
615.521972656 192.895858765 27.2291259766 32.1212463379 0.98862016201
703.085388184 174.619659424 27.1943359375 33.3068237305 0.988490104675
783.99597168 155.57182312 40.1830444336 44.3946533203 0.977264404297
130.836120605 210.846725464 25.8888092041 29.7880249023 0.901180386543
