0--Parade/0_Parade_marchingband_1_620.jpg
9
911.647399902 326.424713135 32.7153320312 37.6703796387 0.996000826359
798.260131836 412.365600586 32.6837768555 39.3740234375 0.995419979095
765.848937988 339.401092529 30.3914794922 33.6055603027 0.95623087883
662.720031738 336.735198975 30.6815795898 34.8003845215 0.932122647762
843.246582031 350.919342041 26.9650878906 28.6906738281 0.912646055222
819.354980469 251.384002686 23.1458740234 25.7895812988 0.852445185184
191.70866394 176.104553223 24.7903594971 27.6581573486 0.841823577881
118.943984985 273.693939209 22.225402832 29.2112121582 0.813180029392
436.751739502 238.280715942 25.7224731445 30.1056365967 0.802264392376
