0--Parade/0_Parade_marchingband_1_649.jpg
26
969.076599121 151.958206177 33.0567016602 41.2421569824 0.99714076519
859.803039551 152.893386841 31.6512451172 38.50831604 0.996560275555
172.864471436 281.57019043 43.7833404541 53.9377746582 0.995693027973
4.7779750824 127.158721924 28.3143520355 36.7749633789 0.995592772961
650.545776367 146.397216797 29.9495849609 38.0310211182 0.994694411755
409.984436035 86.6974334717 37.0848083496 44.2881011963 0.994371533394
23.3409519196 200.008987427 38.5094547272 47.6342010498 0.993788659573
292.023529053 284.768768311 46.1123962402 58.2411499023 0.993497848511
341.576049805 118.234443665 32.3211975098 40.9639968872 0.991950511932
699.132263184 293.563446045 39.217956543 46.8470458984 0.991662621498
762.242980957 151.892547607 27.4978027344 35.0110015869 0.991094410419
813.392272949 203.512619019 34.7353515625 45.2197418213 0.990818440914
246.095108032 191.117401123 38.1058807373 48.9064025879 0.990809082985
942.693664551 208.708953857 38.1052246094 43.8221740723 0.990704119205
490.62902832 123.153152466 36.1383056641 44.4595947266 0.989079415798
55.2527122498 120.299835205 29.3171043396 35.3135223389 0.988987267017
556.09552002 82.5898284912 35.5806884766 48.7518768311 0.98887860775
797.363586426 286.048797607 40.0286254883 49.3314208984 0.986455321312
249.422561646 144.157821655 29.6310577393 34.1955871582 0.985949039459
661.133544922 217.771820068 36.6748046875 42.9026184082 0.982824087143
894.906311035 323.269866943 37.9411010742 47.9866638184 0.980319976807
130.531036377 235.893005371 36.8486785889 45.5751647949 0.936459958553
103.37122345 137.589233398 24.233291626 29.5131835938 0.935281813145
905.107971191 178.493988037 24.2971801758 29.4447479248 0.901091456413
530.200866699 131.038864136 30.0596923828 38.5865478516 0.856875598431
703.016601562 174.298690796 23.590637207 30.7727508545 0.843127250671
