0--Parade/0_Parade_marchingband_1_74.jpg
28
187.979034424 363.684814453 36.3417205811 44.7699584961 0.993970990181
840.579528809 376.798553467 13.3242797852 16.1624450684 0.938972234726
546.639221191 345.046234131 13.4092407227 16.3903198242 0.938232898712
769.032470703 343.698944092 14.680847168 17.0971069336 0.923400223255
744.104125977 368.396636963 15.4440307617 18.8941955566 0.907225906849
673.505493164 392.936004639 13.8869018555 16.7911071777 0.888733327389
526.712341309 360.631256104 14.3301391602 16.7343139648 0.882715582848
466.59197998 374.927276611 13.4989318848 15.6834411621 0.878939092159
314.233886719 329.4012146 14.6541137695 17.8774719238 0.878296971321
758.573059082 392.471679688 17.1993408203 19.951171875 0.870556116104
497.159545898 360.502807617 12.9935913086 15.2811279297 0.869886040688
782.801635742 384.316162109 15.7443237305 18.5933837891 0.862238526344
352.220397949 346.020324707 12.1015014648 14.8614807129 0.860919892788
605.902038574 408.42098999 16.0522460938 18.0379638672 0.860448658466
401.067321777 329.125518799 14.6327819824 17.2347717285 0.857125222683
672.69354248 325.341339111 13.7124633789 16.618927002 0.851669669151
529.99420166 406.617431641 12.8197631836 15.315612793 0.850544214249
803.518737793 360.777923584 14.6668701172 17.7910766602 0.849244534969
502.438873291 384.374267578 14.5707702637 17.5257873535 0.847770035267
513.120910645 344.982086182 12.9491577148 15.4280700684 0.837463855743
409.632385254 359.104553223 12.7739868164 15.0745544434 0.835222423077
583.251098633 392.114929199 15.0512695312 17.7514038086 0.83477807045
347.698455811 312.160339355 13.5076904297 16.470916748 0.82774078846
505.291748047 314.025665283 14.7896118164 18.611114502 0.825425326824
910.21496582 376.170013428 14.251159668 16.613067627 0.820685863495
248.993728638 308.586730957 14.7062530518 16.9912719727 0.814174950123
929.634887695 366.848815918 12.8915405273 15.5525512695 0.812760293484
465.090209961 341.455627441 13.1632080078 15.8354797363 0.807858884335
