12--Group/12_Group_Team_Organized_Group_12_Group_Team_Organized_Group_12_778.jpg
58
343.311 291.496 24.4659 29.8184 0.995079
847.167 130.665 22.9786 30.3156 0.994101
585.759 298.714 25.3772 33.6058 0.994071
405.823 309.163 23.8069 31.2184 0.993568
226.183 280.862 25.546 30.216 0.992949
709.508 304.736 25.848 31.3001 0.992909
931.306 149.747 30.5309 37.0868 0.992511
59.6246 281.757 26.5918 31.8961 0.992316
170.721 284.999 24.8986 31.0282 0.992049
765.326 116.93 23.5852 29.38 0.992009
782.189 303.422 25.1665 29.8805 0.991635
645.343 299.504 24.9404 32.6271 0.990895
817.413 141.214 25.6755 28.8788 0.990153
466.481 295.115 23.3625 30.8834 0.989723
892.141 166.233 25.2316 31.2722 0.988999
107.781 283.712 26.1337 30.8614 0.988749
177.049 212.77 22.1168 28.7995 0.986759
850.229 191.897 24.9113 29.6501 0.986645
234.432 222.609 21.9324 28.0905 0.983823
464.259 65.7446 22.0235 28.2992 0.983241
718.406 119.94 23.1736 29.4223 0.982132
286.621 292.921 23.9415 28.9399 0.981955
498.198 89.4513 23.5669 27.7541 0.981907
368.549 81.5029 22.6047 30.038 0.980684
902.637 139.198 24.8665 30.9649 0.979981
516.033 295.625 26.1073 31.5806 0.978806
653.91 229.573 22.4359 29.0331 0.978174
383.094 227.403 21.0821 28.1982 0.977382
580.958 99.7498 23.0183 29.1681 0.975761
493.748 224.522 21.3001 28.5172 0.975626
662.271 89.9368 22.6741 28.7253 0.97558
875.953 132.907 24.2709 29.3206 0.96542
439.23 226.35 21.3544 29.2212 0.965138
830.298 98.2241 22.7107 28.2136 0.964124
274.994 228.26 23.6362 28.1306 0.957949
328.456 228.619 22.715 28.662 0.956889
693.122 120.938 24.01 29.6365 0.955863
345.079 55.1818 22.2443 27.2917 0.95282
805.25 76.4428 23.6808 29.7664 0.95191
208.653 49.9974 22.3205 28.514 0.950506
433.758 84.5671 23.7927 29.1584 0.949739
555.33 227.469 22.1417 28.0036 0.946326
318.028 73.8407 21.855 28.3982 0.945346
610.884 230.766 22.2053 27.4491 0.943194
293.909 101.728 22.8048 28.2621 0.936015
229.846 96.6165 23.0974 28.9751 0.934023
746.427 92.5452 23.7625 28.5284 0.922868
162.486 93.1316 23.4545 28.0764 0.91837
249.66 77.1833 22.0175 27.7831 0.916582
706.509 53.8308 22.4918 27.5158 0.906881
510.254 58.7896 23.2776 30.055 0.902561
715.149 89.142 22.4158 27.4064 0.892687
622.586 89.9795 22.8417 27.8387 0.890699
282.349 62.7865 22.7487 27.8923 0.879423
539.501 66.6342 21.2672 26.8293 0.877146
579.554 58.3461 21.0934 27.7579 0.836863
689.019 75.0034 20.8286 26.5181 0.836016
412.278 56.83 22.3304 28.0322 0.809561
