12--Group/12_Group_Large_Group_12_Group_Large_Group_12_276.jpg
21
353.354 40.0192 54.9953 71.5117 0.999456
572.516 204.005 57.5992 72.6713 0.999262
698.062 158.162 55.4323 65.621 0.999246
216.935 242.432 59.1651 67.1415 0.998923
848.306 85.6937 61.9291 73.4008 0.99857
225.29 64.1231 52.4801 58.6018 0.998557
592.764 91.6724 54.9741 67.2989 0.998481
518.318 82.6885 52.3066 60.912 0.998457
664.57 262.03 70.9122 81.871 0.998184
437.117 70.8459 53.2692 63.0488 0.997893
438.306 234.261 60.12 76.6762 0.997442
324.817 230.087 53.4711 66.3453 0.997086
103.844 290.268 66.7846 73.1448 0.995775
490.428 -2.42132 46.4021 60.2692 0.994992
294.915 8.84619 44.7333 53.818 0.994045
709.289 77.8945 46.415 56.7219 0.993334
579.859 29.3555 43.5021 52.7013 0.992308
137.652 10.5259 46.0287 53.3382 0.989629
650.772 63.9402 44.8757 55.4396 0.984335
-17.131 70.4564 53.7915 69.1221 0.963537
977.895 24.2079 21.9873 30.0257 0.830905
