12--Group/12_Group_Large_Group_12_Group_Large_Group_12_43.jpg
19
340.234 216.005 30.812 39.2516 0.99811
475.323 268.681 31.7468 40.7504 0.997165
816.262 252.888 29.4169 33.915 0.997011
704.605 268.152 32.9198 42.0991 0.996706
185.473 209.361 36.226 42.2012 0.996521
645.883 270.779 36.3967 46.3232 0.995096
452.206 224.106 27.5732 35.2493 0.995088
616.065 233.792 27.6979 34.45 0.994596
99.517 237.016 44.5938 51.1603 0.993743
383.531 280.834 34.8061 42.7701 0.993066
543.731 246.331 29.2451 37.7362 0.992896
897.466 283.745 39.3552 43.063 0.992207
742.5 251.343 31.4681 36.4508 0.990351
777.748 293.906 33.1151 36.8499 0.988163
563.716 270.76 38.9341 48.4189 0.988147
223.53 233.846 41.1726 46.7526 0.984118
684.525 215.154 24.679 31.2879 0.976696
487.174 207.325 22.3425 27.7675 0.942961
545.243 208.635 21.3038 25.732 0.895026
