12--Group/12_Group_Group_12_Group_Group_12_227.jpg
31
636.917 152.655 30.9841 38.3823 0.998966
695.157 218.026 31.2292 39.6359 0.998773
566.629 184.826 28.7211 37.7975 0.998416
338.438 156.762 28.1923 34.5398 0.997815
240.633 180.614 29.6379 37.1693 0.997411
444.423 151.414 29.5521 38.6132 0.997354
386.941 308.347 35.7595 42.6646 0.997353
605.01 219.762 33.9745 42.0629 0.997277
299.165 181.997 30.5511 38.4543 0.997104
395.537 181.574 31.6688 39.5802 0.996733
182.011 259.569 35.8708 45.1035 0.996706
648.92 205.788 31.6229 38.3974 0.996558
239.345 274.822 35.7807 45.5637 0.996492
646.526 276.178 31.791 42.4348 0.996491
423.984 226.134 33.4319 40.2964 0.995819
326.464 218.952 32.6844 42.6846 0.995129
472.363 123.369 29.2608 38.8756 0.995018
380.147 126.969 27.2314 31.8791 0.994794
838.11 195.11 28.9713 36.5963 0.994464
716.834 145.632 29.2196 39.7858 0.994386
731.463 187.178 31.1084 37.2137 0.994322
549.486 280.985 31.4838 42.519 0.9941
591.553 279.051 43.1372 57.1793 0.993947
554.433 135.847 28.3042 36.4049 0.993792
478.612 274.261 32.7231 42.4764 0.99372
388.896 242.645 36.9454 45.7608 0.99334
298.847 258.726 35.101 42.6126 0.992856
731.013 269.096 36.8861 42.9288 0.9923
510.798 226.039 32.3173 40.7969 0.990631
808.694 257.956 32.4399 42.623 0.990049
486.564 201.175 27.0685 33.5383 0.984454
