12--Group/12_Group_Group_12_Group_Group_12_379.jpg
31
295.293 166.993 28.8332 38.7885 0.999098
893.731 227.202 34.6847 45.592 0.998701
79.4886 232.028 33.6073 42.8103 0.998627
523.235 111.89 29.276 37.891 0.998505
614.557 112.247 27.0853 34.979 0.998224
536.218 234.818 32.7032 41.0295 0.998049
791.796 106.315 28.4464 36.6019 0.998042
480.438 117.235 32.5188 42.9582 0.997934
430.191 153.184 33.9475 43.1953 0.997707
532.312 164.75 34.8556 40.8951 0.997694
188.117 101.328 35.655 44.4615 0.997574
868.475 170.325 32.1644 40.6761 0.997444
155.558 243.793 32.4527 41.8041 0.997325
284.83 111.825 28.8281 36.8454 0.997259
360.058 154.612 29.1735 37.7531 0.997227
628.914 230.967 36.6475 42.9955 0.997052
732.987 219.998 35.0265 42.3981 0.996937
330.702 243.931 33.1255 41.196 0.996726
424.846 247.577 35.1497 43.0175 0.996671
383.353 116.396 29.094 35.6971 0.996654
242.534 234.926 31.1915 40.3698 0.996614
799.324 241.67 33.0751 41.915 0.996583
664.812 124.983 28.9156 35.3168 0.996054
579.92 134.737 30.5493 36.7719 0.996032
845.286 114.393 31.7136 40.6639 0.994357
762.444 153.482 30.6458 41.0337 0.993427
637.239 178.275 30.0399 37.7377 0.991912
416.237 98.5358 31.1451 36.2047 0.98868
156.063 187.218 31.6465 37.693 0.988264
226.547 174.981 27.6457 34.7639 0.98032
728.489 133.71 28.166 31.6976 0.978323
