12--Group/12_Group_Team_Organized_Group_12_Group_Team_Organized_Group_12_707.jpg
13
387.119 271.393 33.2451 41.6572 0.998591
719.174 300.742 37.757 47.1553 0.995469
489.627 282.184 35.5253 44.7492 0.995306
279.666 257.871 34.8566 46.993 0.992865
390.931 165.96 33.8658 41.3323 0.992446
605.096 138.641 33.1 45.0782 0.992001
176.484 270.738 43.5034 54.1413 0.991954
599.98 276.665 40.999 46.241 0.991552
297.834 159.938 34.7718 44.4586 0.988635
501.07 137.335 33.7116 44.9885 0.987241
209.531 153.746 36.3226 46.601 0.986337
792.615 126.365 37.6599 45.2835 0.98618
684.405 150.142 35.4454 45.6217 0.982218
