12--Group/12_Group_Team_Organized_Group_12_Group_Team_Organized_Group_12_28.jpg
11
926.36 241.509 26.8851 35.0931 0.994781
432.247 261.834 29.8171 38.9252 0.99447
213.164 -24.9057 55.79 72.4009 0.992556
679.4 49.8861 46.9325 60.0037 0.989695
520.481 258.807 40.0592 48.7477 0.989613
600.996 270.286 26.3707 32.8565 0.986088
986.275 286.73 29.3213 38.8688 0.985937
137.378 267.431 28.1982 34.741 0.914756
826.476 277.073 23.6765 32.1021 0.906139
467.8 258.997 24.2466 29.2418 0.88683
11.6497 219.345 28.5161 29.3827 0.883212
