12--Group/12_Group_Group_12_Group_Group_12_28.jpg
22
169.386 38.3136 33.2449 43.3281 0.997734
384.229 197.807 44.235 57.5006 0.997134
303.549 133.863 35.6611 44.8351 0.996869
243.747 255.289 44.5987 54.4499 0.996555
461.289 233.35 35.2794 45.7689 0.996085
610.919 97.3388 44.1936 57.2457 0.995386
125.705 124.558 44.5094 59.2074 0.993286
209.229 105.817 36.0595 46.9387 0.992863
902.859 108.468 46.6477 57.3892 0.992216
178.288 201.473 36.6034 44.5631 0.992182
513.08 59.5689 34.3116 44.1245 0.991699
260.943 152.247 40.3164 47.9987 0.989227
519.724 254.666 38.6503 46.6533 0.989182
702.896 85.82 44.0084 54.7126 0.985166
73.2593 22.8992 38.4786 46.5147 0.983962
550.957 111.224 39.9929 47.8103 0.982489
107.477 71.3103 38.7408 45.6399 0.979632
660.432 56.2707 43.0222 58.4322 0.978553
791.054 79.0467 36.9343 47.9783 0.975819
616.795 52.3153 36.7892 44.138 0.945645
232.473 77.624 36.1417 46.1885 0.93996
804.368 139.722 38.986 48.2627 0.910263
