12--Group/12_Group_Group_12_Group_Group_12_249.jpg
15
488.046 566.537 75.3887 81.1611 0.994732
403.431 391.63 52.9449 61.7193 0.994615
339.611 283.252 55.6841 59.449 0.982856
884.57 479.243 33.2374 37.6617 0.974949
937.524 551.992 38.2847 41.1017 0.974873
881.767 531.38 35.2584 37.4907 0.969431
981.926 609.928 36.9757 37.5675 0.955103
456.911 199.177 41.9305 46.1761 0.947323
614.551 373.797 50.2975 54.4963 0.937895
825.695 422.586 33.0652 33.9966 0.931044
591 308.803 38.3484 42.8749 0.928089
719.005 331.63 27.863 32.1682 0.926613
137.881 20.2017 82.8097 68.1589 0.890135
469.852 141.781 30.5787 35.344 0.881433
549.054 249.022 49.8453 53.4967 0.803898
