12--Group/12_Group_Large_Group_12_Group_Large_Group_12_253.jpg
44
546.244 334.367 30.2722 40.5308 0.997083
485.232 365.147 33.3558 44.4147 0.9967
678.271 321.774 28.7976 36.7009 0.996555
88.442 243.486 28.9981 36.2773 0.996361
971.382 390.075 33.9431 41.0154 0.99633
244.713 401.351 31.5764 40.3502 0.996004
161.416 264.913 32.1705 40.1511 0.995664
22.5662 435.913 32.9811 43.1986 0.994271
132.736 418.777 35.7174 45.1102 0.992944
39.2972 265.274 34.4209 41.7459 0.992844
356.461 227.026 28.9897 37.4604 0.992394
351.511 422.386 30.9275 40.1432 0.991373
657.112 385.997 32.3331 36.604 0.990458
935.269 261.333 26.7611 32.8641 0.988111
616.787 285.932 29.8583 35.415 0.988047
870.538 384.412 33.5717 41.0063 0.987733
860.307 252.37 28.1448 36.4588 0.985273
409.826 237.346 28.1314 33.8937 0.985039
281.61 262.712 27.1864 35.3782 0.983925
607.473 322.65 26.9973 34.3246 0.98309
709.942 247.345 24.5494 32.6625 0.982294
160.518 211.824 26.5616 34.5137 0.98105
796.952 232.716 26.2122 33.1292 0.980899
589.968 423.315 27.4124 33.8228 0.979232
120.521 200.262 22.6565 31.4724 0.973712
30.2219 201.652 26.356 35.421 0.973467
462.015 235.066 24.8252 30.7223 0.968584
298.701 229.673 25.2272 31.9395 0.96756
260.225 220.113 25.1841 29.3705 0.962182
896.209 240.396 23.1744 31.3533 0.96197
559.864 204.519 24.8904 30.0087 0.953962
213.139 269.708 29.4139 33.9454 0.951725
331.894 200.587 23.2037 30.5443 0.950455
759.828 372.607 27.6147 33.6133 0.949923
498.59 211.853 24.0896 29.3265 0.949187
681.462 239.049 23.1267 28.5045 0.949164
206.796 198.524 24.7399 30.133 0.945735
-4.40204 241.527 26.0131 32.2879 0.937634
637.996 226.34 24.3203 30.2288 0.933024
393.388 200.211 25.2892 30.5328 0.910458
766.649 201.361 23.6777 28.5315 0.902853
732.279 232.958 22.8462 30.5509 0.835208
860.35 223.432 21.8456 27.13 0.816003
613.31 210.425 23.5403 28.8495 0.803425
