12--Group/12_Group_Group_12_Group_Group_12_112.jpg
35
317.667 458.941 40.3159 43.0557 0.997111
700.362 206.379 33.4584 42.112 0.996868
85.7607 302.757 36.6269 40.4269 0.996385
786.074 456.152 36.4174 40.6973 0.995239
860.504 152.904 34.9746 42.5225 0.994822
144.376 172.99 34.4301 38.7771 0.994465
785.974 122.701 34.3204 42.8708 0.994271
720.141 450.749 36.504 41.9027 0.994062
366.456 155.057 32.6306 38.3033 0.993952
256.637 116.484 40.4383 43.4825 0.993848
180.847 307.292 40.0586 42.5233 0.993822
922.745 318.886 37.137 42.6741 0.993762
741.332 319.226 35.5717 40.2939 0.993045
542.526 482.636 37.2277 40.4437 0.992747
363.19 263.274 29.5986 39.5652 0.992281
369.085 318.525 35.3282 37.8424 0.992216
186.794 483.432 36.4785 39.0137 0.992007
671.996 275.809 34.5631 37.6498 0.99143
488.838 265.082 36.9749 41.5421 0.991013
147.921 231.892 34.8937 41.8621 0.99093
398.84 255.093 30.5876 36.4869 0.989821
791.5 198.302 36.5302 39.6019 0.989042
454.684 479.075 39.5714 42.3427 0.989024
639.983 485.488 37.0479 38.9333 0.988131
448.012 236.459 35.4095 39.5784 0.988121
265.952 238.018 34.5504 38.8271 0.987832
257.112 315.89 36.0482 43.0461 0.987283
467.002 149.214 35.4294 40.4401 0.986597
581.045 256.706 34.6263 42.3133 0.986441
579.073 143.344 34.7378 40.8414 0.986096
850.757 246.253 37.3185 42.2438 0.983606
729.375 249.07 33.1122 38.2766 0.982339
525.985 214.319 36.8463 41.631 0.975331
232.877 274.72 37.5181 40.204 0.962841
611.935 238.173 29.6835 36.8636 0.946222
