12--Group/12_Group_Team_Organized_Group_12_Group_Team_Organized_Group_12_283.jpg
30
134.201 331.755 26.2628 32.6559 0.986884
234.939 345.716 25.7314 32.692 0.984699
559.7 238.762 22.1799 28.7441 0.984079
359.339 340.079 23.6214 29.6414 0.981014
233.667 257.072 23.5696 28.6016 0.979649
440.483 330.333 22.2181 27.8824 0.97874
63.7598 320.419 25.5516 30.5912 0.96411
888.751 266.433 21.6923 27.5031 0.961617
430.754 246.383 23.9651 29.3249 0.960093
296.367 348.154 22.795 28.445 0.935301
69.9891 232.77 22.7797 29.8677 0.924612
732.804 284.746 22.6128 27.826 0.921272
841.854 246.496 21.144 31.0754 0.920289
587.739 234.885 21.5789 28.9547 0.917253
519.991 261.11 15.8501 21.2621 0.910145
177.082 229.062 13.972 17.6651 0.904719
573.028 356.689 25.2294 30.4961 0.904218
264.593 247.749 22.6213 27.5824 0.900719
518.782 346.458 22.5885 29.1074 0.887121
735.825 230.366 17.0042 22.3871 0.883305
799.997 241.126 21.3875 26.4145 0.87301
248.627 234.948 14.6331 18.3885 0.871118
477.867 268.136 23.0376 29.0519 0.867094
766.786 243.148 21.0427 27.1745 0.859962
135.314 235.52 17.0835 20.6485 0.858258
391.496 259.867 17.4275 21.2316 0.849936
96.753 261.627 17.9459 21.1339 0.831523
306.335 265.777 20.8295 27.0591 0.806327
672.065 358.671 22.5876 26.448 0.804372
521.66 223.362 16.1923 19.4509 0.802165
