12--Group/12_Group_Team_Organized_Group_12_Group_Team_Organized_Group_12_503.jpg
33
490.342 74.4948 34.2435 41.2064 0.997941
655.891 78.941 34.2576 44.0242 0.997666
267.547 104.62 33.0082 40.2644 0.996777
299.364 55.7438 28.7532 36.504 0.99673
408.97 75.5556 34.3951 41.693 0.996015
952.316 206.279 38.3884 44.3825 0.995902
328.306 89.1498 36.3729 43.0084 0.995677
645.841 208.414 32.8262 40.6792 0.995579
575.675 80.5318 33.5974 39.5425 0.995551
798.547 93.7436 34.8362 39.5415 0.99552
626.406 50.0095 31.2489 42.8302 0.995241
228.889 45.4922 27.0163 32.8322 0.995197
723.946 100.635 34.8574 41.2877 0.995053
429.639 189.462 36.3596 46.2176 0.992222
541.824 178.751 42.0043 53.1354 0.99212
749.458 65.2895 26.3225 32.8583 0.991712
866.084 199.329 39.0948 46.5087 0.991471
95.2844 104.171 37.4485 41.6926 0.99119
882.278 112.931 35.4463 43.1499 0.990714
487.274 26.5326 29.1623 34.1382 0.990697
367.653 45.7929 30.2379 35.8376 0.990044
25.0479 180.222 43.6187 52.2964 0.988373
189.789 95.9086 34.8674 43.7302 0.987822
242.511 196.304 35.4819 43.4012 0.987047
158.79 50.3009 28.3402 35.9339 0.985756
558.037 40.167 28.7416 35.4462 0.985265
756.073 202.478 38.1117 44.1725 0.985084
136.602 174.934 39.6789 44.55 0.984845
435.989 41.0642 25.2104 32.4264 0.976206
336.295 204.323 37.4111 44.4421 0.967073
884.058 67.9217 32.4435 36.6423 0.949226
830.818 65.372 26.4099 32.784 0.937899
689.54 65.3773 29.9502 35.9846 0.936148
