11--Meeting/11_Meeting_Meeting_11_Meeting_Meeting_11_702.jpg
27
748.443603516 319.578460693 59.5090942383 73.3495483398 0.999426245689
440.754516602 297.835754395 52.4151000977 64.1600036621 0.998961567879
623.481079102 192.667068481 31.086730957 38.7843475342 0.996747493744
822.607971191 152.606536865 27.5350952148 33.263168335 0.995589494705
407.493499756 201.215423584 29.0840759277 37.5081634521 0.994920194149
887.719787598 242.49508667 49.6206665039 56.120513916 0.993159115314
578.781494141 178.587661743 24.7590332031 30.6670074463 0.990369141102
419.443878174 239.008132935 37.0483093262 46.1577606201 0.988969564438
891.129821777 162.144119263 34.7177124023 38.8435821533 0.988716244698
681.36895752 256.725799561 42.2592163086 53.7354736328 0.987620651722
792.446228027 187.758575439 37.0527954102 43.1003875732 0.98615950346
374.457672119 185.461212158 25.4041748047 31.0765991211 0.985404074192
960.65057373 182.391235352 39.1235351562 41.5819396973 0.979747056961
719.648986816 163.960281372 26.7896118164 34.0636901855 0.973364293575
667.377197266 149.117507935 24.9478149414 30.6744537354 0.972440600395
4.10607433319 300.229125977 39.6842775345 38.7624511719 0.952664017677
544.467529297 159.609924316 21.7840576172 27.4749755859 0.947023153305
912.993225098 120.148460388 22.279296875 26.8997116089 0.945287168026
751.197509766 112.010887146 15.142578125 18.0155105591 0.912236452103
121.389213562 212.847320557 26.0037155151 28.8242340088 0.905541419983
768.78918457 134.441101074 23.5661010742 29.501159668 0.898294687271
942.75378418 143.58190918 25.8912353516 29.3067779541 0.87965130806
616.151123047 137.764816284 23.08203125 27.9220428467 0.879164218903
982.760742188 125.918754578 27.1383056641 31.4866409302 0.871918737888
698.358337402 105.926811218 14.2473144531 17.4750747681 0.863625586033
478.9581604 129.532180786 15.908203125 20.1997680664 0.83545923233
0.0 213.722595215 18.7829608917 31.0629882812 0.820392787457
