11--Meeting/11_Meeting_Meeting_11_Meeting_Meeting_11_574.jpg
16
957.488586426 333.201263428 34.635925293 43.0546264648 0.995257675648
849.797241211 294.752655029 29.1872558594 36.871673584 0.992331027985
712.295959473 322.483581543 29.388671875 36.8415222168 0.988542199135
972.41973877 289.216278076 31.7736206055 38.0184631348 0.98051148653
198.09197998 289.486206055 23.8090820312 31.6500854492 0.977312684059
640.000732422 284.741973877 25.0354003906 31.3221435547 0.973444700241
261.519042969 297.871582031 21.9860534668 30.5841674805 0.968401432037
800.93359375 266.387664795 21.2763061523 28.8536071777 0.947462022305
347.590026855 299.767547607 23.9563598633 30.1456298828 0.936021089554
592.145751953 231.450942993 13.5161132812 16.7851715088 0.880927443504
494.539703369 223.54145813 15.0025939941 19.6663513184 0.872166395187
513.48248291 208.759155273 15.1430664062 18.8298187256 0.857367932796
453.764953613 219.571029663 17.0010681152 21.3233032227 0.836161077023
508.784912109 238.36277771 16.0678710938 19.5693511963 0.818643391132
587.171020508 192.356185913 13.3378295898 16.8220825195 0.814411520958
862.497924805 239.638183594 23.522277832 28.9806518555 0.807262897491
