11--Meeting/11_Meeting_Meeting_11_Meeting_Meeting_11_529.jpg
14
539.140441895 353.822174072 62.2962646484 77.2230834961 0.998664855957
828.636413574 316.87701416 52.671875 67.1343994141 0.998171925545
634.282775879 283.714355469 47.758605957 61.428894043 0.998131215572
9.5501871109 315.259643555 54.713965416 66.1619567871 0.996802449226
456.639343262 283.474487305 47.7219238281 57.1122741699 0.993222236633
66.4589996338 230.522705078 34.3449783325 41.0129394531 0.990416407585
10.5788192749 247.953308105 47.6110115051 61.4679870605 0.988382518291
730.16015625 293.286804199 29.7260742188 38.2194213867 0.979500770569
665.943725586 458.331085205 69.9973144531 90.8106384277 0.9738073349
420.909423828 122.907546997 35.5249023438 43.6935424805 0.970409393311
171.805587769 303.743743896 45.7967987061 56.6825256348 0.964348912239
355.569519043 402.938201904 50.1893615723 65.0612792969 0.964169442654
846.74230957 413.242950439 74.1019897461 91.7721862793 0.954955160618
775.698303223 288.844024658 29.3700561523 39.0869750977 0.857098996639
