26--Soldier_Drilling/26_Soldier_Drilling_Soldiers_Drilling_26_262.jpg
24
1001.69 266.372 28.7299 34.3618 0.991329
917.391 282.179 29.8292 35.6229 0.985189
573.136 273.31 23.8947 31.0557 0.971641
692.328 277.645 23.5857 29.1078 0.96485
619.07 317.133 24.3015 30.5416 0.963729
758.352 326.802 23.7469 29.6802 0.962214
801.808 286.299 23.6503 28.9059 0.955709
610.103 272.882 22.2993 30.6697 0.947749
474.693 311.537 22.5776 28.2923 0.947659
274.062 295.077 23.671 29.2675 0.920272
724.898 283.056 24.3804 29.5728 0.91175
74.5211 259.925 27.1832 30.2081 0.911143
446.867 272.264 24.2394 29.0966 0.907117
953.677 294.275 24.7823 29.6127 0.904105
89.8079 214.674 15.2384 17.3208 0.902284
851.817 291.064 24.4297 28.783 0.896758
168.071 265.466 25.1177 29.9244 0.884763
303.27 212.812 15.0418 18.1006 0.880352
249.825 216.635 13.669 16.9615 0.85796
531.099 267.672 26.6772 28.3497 0.855925
592.544 242.097 14.4863 17.5456 0.846714
762.241 248.124 21.9899 28.0789 0.841707
472.796 228.507 14.7722 18.6688 0.828885
59.3229 256.186 21.6974 27.6336 0.803196
