50--Celebration_Or_Party/50_Celebration_Or_Party_houseparty_50_432.jpg
19
716.690063477 36.3225708008 61.639465332 83.3671875 0.999317526817
567.136108398 828.181884766 30.8544921875 39.1549682617 0.996328651905
628.637145996 827.061279297 30.3634033203 39.6224365234 0.995863676071
335.330566406 284.882080078 31.6600646973 44.2117004395 0.995786488056
720.367126465 842.281494141 36.3098754883 45.1851806641 0.990415334702
415.72265625 64.6624755859 26.1840515137 35.9482269287 0.986080467701
630.018615723 76.7500762939 37.4146728516 48.0346832275 0.984547436237
402.634643555 603.459777832 25.3558349609 31.1803588867 0.981402695179
311.525848389 60.5202178955 25.9689941406 41.1735992432 0.97995442152
249.125762939 612.234130859 27.6373596191 39.1789550781 0.979244947433
511.44039917 842.255737305 37.3128967285 45.4884643555 0.976010143757
617.391357422 278.665710449 22.2241821289 30.4820251465 0.975383460522
495.604003906 68.6486740112 42.9017333984 65.3452835083 0.9706158638
469.721984863 320.100128174 24.1642456055 34.440032959 0.969248712063
312.56048584 614.412109375 25.9657897949 31.8236083984 0.963262617588
538.088500977 289.172790527 21.9307861328 31.3864746094 0.962624251842
693.390441895 272.557891846 24.756652832 31.0577087402 0.90841704607
568.308654785 87.47215271 21.9193725586 33.8815536499 0.888402163982
374.496765137 55.1603775024 21.2881469727 28.4195861816 0.806172728539
