50--Celebration_Or_Party/50_Celebration_Or_Party_birthdayparty_50_283.jpg
11
248.194076538 374.69519043 51.6737823486 71.4320678711 0.999101758003
120.385131836 453.284088135 59.4296722412 81.0932922363 0.998780310154
811.196838379 179.757064819 36.9002075195 43.5193634033 0.996552824974
362.854858398 356.251525879 35.8650512695 53.9339294434 0.992361009121
595.344909668 310.109161377 37.7717895508 45.3148193359 0.991339743137
440.468597412 271.21182251 25.1674804688 33.7196960449 0.989861726761
17.7080192566 466.58984375 68.8992729187 104.528747559 0.977348089218
888.849487305 295.076751709 30.4514770508 40.2678222656 0.971321821213
654.683044434 171.732635498 39.9254760742 44.2352600098 0.962082266808
457.583221436 314.35559082 23.6835021973 28.3238830566 0.897932648659
773.245361328 329.422241211 40.5726318359 57.1305236816 0.884624660015
