50--Celebration_Or_Party/50_Celebration_Or_Party_birthdayparty_50_18.jpg
10
233.017547607 376.762176514 25.2485656738 32.2431335449 0.986880660057
846.2109375 374.277191162 29.4817504883 37.9617004395 0.967743098736
335.89440918 364.725524902 25.6842956543 31.4677734375 0.951315939426
132.304122925 403.391021729 28.1039581299 38.561706543 0.940040767193
611.577514648 343.66998291 22.9375 30.996887207 0.933813452721
761.75592041 397.596069336 22.4412841797 35.2830200195 0.926626622677
806.400756836 345.518981934 22.6770629883 29.4779663086 0.895617306232
717.969909668 334.254730225 21.7581787109 28.4356994629 0.849792122841
638.664123535 337.693359375 22.9063720703 29.063873291 0.831308305264
661.605834961 396.10534668 23.9296264648 35.5093688965 0.810229003429
