13--Interview/13_Interview_Interview_Sequences_13_717.jpg
11
298.928 160.413 172.083 234.416 0.999272
627.047 147.937 83.705 113.307 0.99777
681.083 448.662 16.1567 25.5603 0.992313
71.2521 309.562 18.4893 22.277 0.983718
132.228 307.777 18.4947 21.1263 0.983625
901.072 323.684 18.9829 22.2012 0.978895
650.274 464.963 23.4434 31.3999 0.975516
604.233 406.827 23.6909 30.9051 0.973955
844.824 282.879 19.0711 22.0521 0.956683
832.5 462.001 26.2709 37.1003 0.951756
163.256 421.967 16.7505 22.5341 0.939284
