13--Interview/13_Interview_Interview_Sequences_13_2.jpg
17
741.994 292.965 80.0492 87.2926 0.9994
945.987 20.118 49.1514 56.9864 0.999199
492.63 171.624 51.6833 64.0924 0.998905
120.991 270.103 56.5342 64.9311 0.998721
264.681 188.992 56.4879 70.6267 0.998562
655.793 28.7752 36.9119 44.7389 0.997859
638.053 238.404 55.0326 74.3983 0.99729
325.092 30.5427 31.2181 41.3698 0.997238
568.177 32.2838 39.6615 46.8679 0.996706
546.316 202.314 31.3265 42.4343 0.996021
236.456 30.9068 38.169 45.1602 0.994782
916.745 222.125 36.9845 47.3476 0.992494
226.396 190.758 27.6955 40.2499 0.989829
643.964 148.357 29.6536 39.1838 0.979964
-12.1516 25.0549 36.3959 43.6622 0.970481
315.383 138.704 25.6912 35.2713 0.969944
13.4868 244.218 19.447 23.1421 0.94328
