19--Couple/19_Couple_Couple_19_743.jpg
11
125.641015625 317.63428125 30.43125 38.55503125 0.999530315399
401.98078125 305.24915625 34.77065625 39.5668125 0.998928248882
801.522125 302.09596875 36.26325 40.183875 0.998848080635
858.465 301.5555625 33.2085625 41.99978125 0.998820006847
522.78396875 277.72359375 35.40009375 40.99078125 0.998694598675
696.2700625 412.4356875 31.217625 36.81753125 0.998647868633
668.4706875 395.38071875 29.112125 32.64775 0.998023748398
180.2873125 473.622625 23.81759375 36.17803125 0.997803628445
155.86559375 310.96203125 29.967171875 35.93225 0.997733354568
448.2673125 307.61825 28.760625 36.73865625 0.993398666382
275.91003125 414.5535625 24.946625 40.0598125 0.954530417919
