17--Ceremony/17_Ceremony_Ceremony_17_171.jpg
25
22.7822628021 220.37828064 60.1613101959 73.85206604 0.997866690159
196.647384644 236.6587677 57.1778869629 74.3431854248 0.996668636799
330.747375488 142.030578613 55.7359619141 67.5390625 0.996176838875
476.657714844 164.403259277 51.7004394531 67.6879730225 0.996072411537
290.879882812 31.6232414246 31.2346191406 40.9075889587 0.992536783218
8.49582290649 132.323898315 35.3540802002 43.7503967285 0.991486251354
581.03326416 2.08313989639 32.1115112305 40.3088049889 0.991165459156
152.283172607 48.8840713501 31.6064605713 42.9557800293 0.989358007908
651.034912109 304.072540283 91.299987793 140.437225342 0.988877475262
658.070922852 73.2165985107 49.8698730469 59.9039764404 0.987839639187
937.88293457 377.000732422 86.1170654297 149.926940918 0.986621677876
253.142410278 242.411972046 69.7368011475 89.189743042 0.985899984837
266.795318604 58.030292511 34.9881591797 45.2125740051 0.98581635952
94.7081375122 125.842735291 33.0624465942 44.8372116089 0.985550284386
525.968383789 21.8120288849 36.1120605469 45.636220932 0.976958692074
632.121948242 157.925521851 51.8668212891 61.6147918701 0.974741399288
522.404296875 323.071350098 87.0323486328 116.143890381 0.966425955296
246.505325317 152.158843994 37.2170257568 49.0084838867 0.96625995636
717.295288086 72.2169723511 47.2864990234 62.8584365845 0.966117739677
395.117706299 301.630859375 88.5728759766 107.224273682 0.963536679745
763.603637695 54.9776878357 47.0867919922 65.3718605042 0.950145542622
953.861083984 157.577987671 70.1389160156 108.76423645 0.926501631737
517.280456543 85.8488845825 39.6135253906 45.2233352661 0.868296563625
147.610656738 236.769165039 50.0940551758 61.6035766602 0.825745224953
303.393096924 160.878494263 36.0401916504 46.724105835 0.81218713522
