18--Concerts/18_Concerts_Concerts_18_151.jpg
17
33.746 79.0466 15.5131 19.3204 0.946394
897.226 201.55 21.3347 28.0388 0.940813
105.05 56.3756 14.3303 18.7258 0.937839
870.87 257.287 22.8871 28.5769 0.9245
119.621 331.306 22.5292 27.3893 0.919079
753.998 259.828 22.4325 27.1956 0.912319
726.914 318.961 22.1056 28.6446 0.882975
871.586 146.122 21.616 28.7945 0.877694
472.227 259.752 17.7414 21.1784 0.84196
331.32 262.481 21.9989 27.5064 0.833214
590.192 324.3 22.5377 28.3984 0.833145
345.071 79.9917 17.6163 19.6114 0.829934
721.122 60.9216 16.6976 22.36 0.82775
399.678 150.209 17.015 22.0354 0.826961
63.5786 75.8484 15.196 19.5254 0.818725
582.933 269.152 16.6877 19.5609 0.81006
88.7971 284.518 17.2829 20.6609 0.802433
