18--Concerts/18_Concerts_Concerts_18_127.jpg
15
272.217 234.671 51.5774 83.3497 0.998611
357.385 227.393 58.1639 83.3238 0.99829
662.466 173.669 50.8739 71.2821 0.996815
150.789 268.06 66.2312 91.9274 0.993607
172.059 162.552 48.3047 71.0837 0.991595
240.531 132.875 42.3754 59.1272 0.990691
528.408 228.1 54.3408 63.4818 0.989284
573.608 188.388 33.3353 43.7766 0.970903
442.297 237.557 49.0758 71.806 0.964283
54.3058 180.681 31.64 46.045 0.949652
453.194 182.15 33.9573 44.4645 0.935787
739.417 195.469 46.3292 62.2271 0.926187
845.4 202.916 33.5176 44.2086 0.914758
806.582 197.018 38.4109 48.0078 0.892768
11.8842 189.326 45.9427 59.1308 0.81763
