33--Running/33_Running_Running_33_316.jpg
15
857.682739258 203.425430298 46.1032714844 60.198348999 0.998395264149
400.808166504 184.457458496 47.4514465332 59.5961303711 0.997909367085
628.109680176 182.41986084 45.9937133789 58.8778076172 0.99777251482
759.94744873 150.927581787 50.8405761719 66.6518554688 0.997644722462
218.046356201 167.087463379 45.4046630859 60.9943695068 0.995564222336
523.27746582 223.204147339 44.2593383789 57.9439544678 0.992166996002
348.538024902 171.966033936 46.770324707 60.5232696533 0.990274250507
235.409362793 168.65586853 48.7406616211 64.4791259766 0.975455284119
325.087799072 173.518218994 27.6030578613 34.5982818604 0.966774463654
262.701385498 173.561691284 36.9960327148 49.9507751465 0.961715638638
152.773300171 192.531234741 38.8423156738 45.7879180908 0.9574457407
427.546813965 159.835235596 32.5592041016 42.023223877 0.924400091171
289.039276123 104.274841309 12.6368713379 15.9977645874 0.895935297012
913.61541748 134.541275024 13.1433105469 16.5937652588 0.854446589947
693.259765625 152.121994019 21.6505126953 27.0011749268 0.804026126862
