20--Family_Group/20_Family_Group_Family_Group_20_540.jpg
24
393.466583252 236.247619629 31.5922546387 41.8809814453 0.992356181145
571.808532715 238.00692749 32.1702880859 36.9507141113 0.991254508495
576.891845703 488.312652588 31.9208984375 41.9499206543 0.989744722843
706.730651855 204.551620483 32.4702758789 42.0716552734 0.987596273422
128.990783691 235.504119873 38.7489471436 44.5001831055 0.986959993839
755.730834961 253.07472229 31.4766235352 39.2699737549 0.986897289753
253.101074219 235.980331421 35.5641174316 46.4775238037 0.986496150494
811.993225098 224.433288574 33.5804443359 42.9580383301 0.986147344112
189.068572998 251.080032349 35.3652648926 44.7298431396 0.984178483486
498.011901855 220.573394775 35.2724609375 45.7525024414 0.981307268143
654.631408691 214.401626587 33.1692504883 42.3680114746 0.979032874107
49.9651679993 276.506866455 36.6698951721 46.2122192383 0.97875893116
142.64453125 552.69140625 36.1688690186 43.3618774414 0.977882683277
456.900634766 250.271636963 31.223449707 38.5191650391 0.976836383343
383.925170898 330.259002686 27.8935546875 35.0949401855 0.976530194283
317.388580322 271.291107178 30.2703857422 37.6973876953 0.97540718317
0.0 541.20098877 34.4787940979 46.9326171875 0.970198750496
275.635650635 524.711181641 41.8940429688 53.5718994141 0.955319583416
778.422546387 213.997344971 33.4471435547 41.2385101318 0.946905136108
461.302642822 510.712615967 31.6067504883 38.1274108887 0.945055663586
888.535705566 222.952056885 45.2850952148 60.9140319824 0.93932300806
572.68170166 345.862182617 29.6291503906 38.1401672363 0.925095319748
329.799560547 241.009780884 30.5084838867 34.343460083 0.868438065052
553.262756348 317.376403809 27.6480102539 35.6702575684 0.859336614609
