20--Family_Group/20_Family_Group_Family_Group_20_759.jpg
12
103.647377014 253.2684021 49.9628219604 63.7320556641 0.998840630054
760.256652832 227.851318359 50.1640014648 64.9483642578 0.998573422432
305.957183838 289.253173828 56.4385986328 70.4807434082 0.997904539108
98.7460250854 101.436737061 46.2365951538 60.7111358643 0.995250701904
797.616760254 101.305915833 46.3577880859 58.4625778198 0.994689226151
222.215957642 161.498733521 39.8107147217 48.4165802002 0.991485536098
656.288208008 117.249664307 44.6138916016 57.4646606445 0.98807901144
444.668640137 307.905975342 44.1510009766 53.8296203613 0.987538337708
574.031799316 296.402191162 45.1503295898 58.5796813965 0.98740619421
501.147583008 85.2273712158 39.7133789062 49.8578643799 0.981655538082
358.002960205 70.6081619263 46.1567993164 58.0761489868 0.978558301926
600.738220215 384.96270752 41.5846557617 48.2486572266 0.84223139286
