20--Family_Group/20_Family_Group_Family_Group_20_108.jpg
8
252.095062256 70.844039917 66.4082641602 83.9168395996 0.998605310917
457.71081543 225.548065186 62.8944091797 80.744934082 0.997826993465
819.914550781 121.462432861 70.1605224609 90.791809082 0.997239112854
685.297973633 189.500930786 73.0284423828 88.9134368896 0.983928203583
502.828063965 403.648712158 61.9349365234 69.0176696777 0.958724796772
294.975158691 328.391540527 84.7731628418 81.3584289551 0.937553942204
724.981750488 388.671539307 84.5953369141 103.919494629 0.931432962418
106.682235718 328.982635498 72.4214477539 92.212890625 0.91823810339
