20--Family_Group/20_Family_Group_Family_Group_20_22.jpg
11
713.047607422 278.685821533 32.7631835938 42.9337158203 0.998855948448
247.508743286 276.267547607 32.5972442627 43.7465515137 0.998036205769
468.994903564 221.811416626 29.783782959 39.6847381592 0.997271597385
761.503723145 265.830718994 33.5051269531 41.7740478516 0.99693608284
177.926986694 288.323730469 31.0436401367 38.2305908203 0.996933460236
543.905700684 242.150527954 26.546081543 33.7349700928 0.996129393578
308.917999268 243.60218811 32.7403259277 41.0913543701 0.993656694889
620.757446289 227.346084595 33.7379760742 43.7071685791 0.99364978075
639.293762207 292.330200195 33.2061767578 39.4938049316 0.993587017059
343.611541748 250.504989624 31.3721923828 41.2351226807 0.990729391575
406.583435059 254.319534302 27.7976074219 34.0821380615 0.988246619701
