20--Family_Group/20_Family_Group_Family_Group_20_33.jpg
22
326.522613525 288.082794189 28.1042480469 36.3752441406 0.996896862984
829.160461426 345.256958008 34.7231445312 40.4719848633 0.996163725853
352.514068604 447.58114624 36.0803222656 44.2262268066 0.996121704578
455.324493408 398.745635986 33.1824645996 41.1832580566 0.995350241661
469.994140625 318.061737061 30.2771911621 39.3180847168 0.995179414749
166.666946411 298.210144043 30.8025665283 38.5252380371 0.995034098625
87.490447998 332.628662109 35.0359420776 41.0319519043 0.99484115839
635.174377441 338.779724121 27.7282104492 35.2997131348 0.994467139244
743.749816895 386.336761475 31.5879516602 40.7071838379 0.992794692516
359.90335083 332.941314697 29.3502807617 37.4769897461 0.991863369942
217.277572632 336.397277832 34.8447723389 42.5155639648 0.99179816246
769.693237305 344.537872314 28.8958740234 33.7969970703 0.991541862488
697.560058594 402.384338379 37.3090209961 44.7220153809 0.991036176682
436.450286865 305.791015625 28.0205383301 34.9156799316 0.99080991745
593.811035156 412.192810059 37.4816894531 44.5912475586 0.990581214428
662.941833496 307.999481201 28.0928955078 37.7012634277 0.988289475441
897.93572998 334.580657959 36.5765991211 42.8911743164 0.987918555737
262.5362854 401.511444092 34.8686523438 42.131439209 0.987544953823
122.89302063 297.217559814 33.8671875 42.4316711426 0.986259698868
549.402099609 341.590759277 26.3969726562 32.5536499023 0.986047387123
251.18309021 306.295440674 33.5304107666 41.5500183105 0.977881729603
551.95489502 375.411529541 39.1250610352 48.8090515137 0.958304524422
