20--Family_Group/20_Family_Group_Family_Group_20_326.jpg
14
859.790466309 200.088653564 29.3829345703 37.2287750244 0.997526466846
702.978881836 224.015655518 33.7575683594 41.0091247559 0.996444880962
436.099700928 233.587356567 27.5039978027 35.1201629639 0.994548022747
149.126312256 215.663894653 33.4745635986 40.7052001953 0.992813289165
393.722503662 249.224517822 26.6526794434 33.0529785156 0.992779076099
217.326873779 222.795700073 33.739944458 39.048538208 0.992447853088
346.272338867 236.528625488 26.0910339355 34.3874511719 0.991477429867
816.392822266 225.716049194 26.5412597656 33.1774139404 0.989145219326
804.738220215 289.859161377 25.3023681641 30.2131347656 0.984513580799
450.687011719 279.203338623 24.7373046875 29.1566162109 0.974009513855
631.517578125 195.676925659 37.7974853516 45.8340454102 0.969121932983
870.60534668 337.159606934 23.8556518555 28.6535339355 0.96770298481
513.63494873 248.151428223 24.7485961914 30.5352783203 0.950713992119
421.33682251 378.173736572 21.5567626953 28.1147155762 0.934352576733
