20--Family_Group/20_Family_Group_Family_Group_20_579.jpg
10
563.677001953 217.057312012 64.5908203125 81.4893493652 0.998447358608
332.121002197 176.004104614 64.5608520508 86.5805206299 0.99844700098
453.49130249 182.270233154 66.886138916 84.47265625 0.998256146908
773.842285156 130.674514771 69.4240112305 88.1413269043 0.997801363468
865.026611328 195.21043396 65.7938232422 84.3491973877 0.997768044472
146.134384155 174.610626221 66.4899291992 83.5812683105 0.993578076363
481.95980835 413.340240479 72.1031188965 94.1210021973 0.988297879696
643.328308105 132.686706543 69.9671630859 100.961044312 0.983308851719
236.327423096 449.537597656 73.7092590332 93.6143188477 0.979676127434
721.850219727 388.270965576 71.7178344727 98.5282897949 0.97480994463
