20--Family_Group/20_Family_Group_Family_Group_20_672.jpg
62
867.673095703 310.3203125 46.1693725586 54.8134460449 0.995676219463
662.003967285 143.782318115 33.2048950195 39.2537536621 0.995540320873
449.45401001 1025.78259277 29.9530944824 39.4903564453 0.995093584061
688.149291992 271.625366211 43.1276245117 53.891784668 0.994888484478
755.065429688 345.78302002 44.9255981445 55.2427978516 0.994814395905
361.833831787 223.077407837 30.4370117188 38.4354095459 0.994594037533
274.609436035 291.339782715 39.5015563965 48.1886901855 0.993363142014
436.883972168 154.811508179 34.5105895996 44.9455871582 0.992330431938
108.423042297 489.531036377 38.9013290405 48.3960876465 0.991974890232
641.592956543 239.669067383 34.5614013672 43.9522094727 0.991505324841
310.316772461 865.710388184 29.8005371094 38.7547607422 0.991186797619
677.74017334 867.398803711 27.3978881836 35.3627929688 0.99098700285
143.679397583 272.473175049 34.166229248 43.1009216309 0.990771770477
212.365722656 303.962615967 42.9160766602 54.3587036133 0.990416049957
359.647644043 276.821136475 36.6755065918 46.1570129395 0.989864289761
308.7684021 252.993087769 37.0897827148 44.7970733643 0.989266514778
607.438659668 213.259033203 35.2261352539 44.3698120117 0.987775802612
854.169494629 846.43170166 26.7036132812 36.4246826172 0.987143337727
508.561035156 203.493377686 35.4067993164 45.258605957 0.986889719963
740.723083496 890.00970459 26.9682006836 35.7715454102 0.986628770828
303.755737305 143.770523071 36.1858825684 45.4838867188 0.98639523983
425.305541992 270.154571533 38.2887268066 43.8721313477 0.986170768738
808.542907715 901.139770508 26.1281738281 35.5422973633 0.98579698801
371.490112305 350.41519165 40.6866455078 45.7866516113 0.985293805599
679.389038086 184.790054321 26.2795410156 32.5148773193 0.984383404255
475.093536377 269.40222168 37.7493896484 44.3210754395 0.984112083912
646.795410156 1037.35803223 27.5729370117 35.9010009766 0.98396551609
107.272827148 945.977294922 28.5606384277 38.4201049805 0.983760237694
350.936279297 1024.38745117 29.5638427734 34.1058349609 0.983413100243
262.93347168 872.098632812 28.3344726562 39.5736083984 0.982566654682
280.691711426 217.680526733 31.534942627 37.2688446045 0.982212305069
608.512084961 847.195983887 25.1798706055 34.5704345703 0.981578350067
205.407714844 861.797180176 28.1529541016 35.2583007812 0.979647397995
713.631164551 184.034790039 30.9743652344 42.2074890137 0.979443907738
356.096282959 847.696960449 26.557220459 34.8618164062 0.97881513834
455.993438721 830.204772949 27.1505432129 36.3530883789 0.978281378746
567.333374023 875.972900391 30.0255737305 39.8883666992 0.978098630905
254.058563232 1022.57336426 26.179473877 34.3333740234 0.976678431034
739.238098145 1044.17871094 28.0132446289 38.8297119141 0.976525485516
562.165100098 273.122680664 38.1288452148 48.0044250488 0.975874423981
90.2736053467 863.872436523 27.819442749 33.4577636719 0.975697159767
748.369812012 229.262496948 36.5042114258 44.4890899658 0.973396658897
801.733032227 285.349884033 37.3802490234 45.787689209 0.973366618156
589.342041016 344.176513672 34.6171264648 43.0395812988 0.972207307816
190.138397217 225.979553223 39.7796630859 45.7105407715 0.972057342529
131.580459595 872.531494141 24.2057952881 31.5778198242 0.970200300217
826.838623047 845.276428223 25.9736328125 33.5457763672 0.969328224659
399.986328125 232.521316528 31.1274719238 38.2874908447 0.965890467167
428.183441162 838.197753906 27.2184448242 34.7979736328 0.965812981129
238.357788086 494.538574219 39.0622558594 43.2577514648 0.959918320179
169.491928101 497.27746582 37.4907226562 39.9367675781 0.957872450352
821.429077148 1049.92626953 25.94140625 32.2181396484 0.951924800873
393.074829102 879.982666016 25.768157959 29.9049682617 0.949165523052
682.894897461 243.547485352 36.10546875 42.8872680664 0.917593061924
736.537658691 843.101806641 25.7612304688 32.9956054688 0.914456725121
100.531303406 265.162384033 44.053276062 58.1778564453 0.913069307804
232.442962646 865.960266113 22.4959716797 30.1783447266 0.904226303101
574.203430176 489.63961792 39.6470336914 47.2284240723 0.903376698494
494.614868164 839.234008789 27.3775024414 36.2852783203 0.8993922472
538.872741699 210.388153076 29.5625 39.9188079834 0.894044160843
304.985412598 824.020385742 27.1609802246 34.1018676758 0.886454284191
770.458679199 881.824157715 28.4075927734 35.3779907227 0.812535226345
