7--Cheering/7_Cheering_Cheering_7_413.jpg
18
927.286 381.034 55.9519 73.7712 0.999623
484.665 429.324 57.9321 88.2377 0.998165
617.065 370.135 40.8342 52.3972 0.996988
344.407 413.213 44.1848 63.4919 0.995905
543.786 347.467 30.6985 40.6089 0.989681
427.35 363.252 31.184 38.8738 0.989628
842.428 379.26 37.6737 42.0498 0.98341
725.953 450.066 90.8356 109.907 0.975059
749.842 385.821 49.8248 59.8657 0.973526
271.275 341.369 28.7449 37.2673 0.970748
732.506 359.613 33.2041 40.7678 0.965417
47.3477 384.775 32.1021 39.2231 0.961793
166.254 335.874 24.1341 31.1581 0.959424
248.719 333.305 14.5791 19.9925 0.924468
319.88 348.498 23.1561 28.4048 0.910853
383.344 339.533 16.1277 20.6663 0.907344
66.9451 330.36 22.2228 29.0233 0.861384
37.4547 334.54 22.1763 28.0391 0.848063
