7--Cheering/7_Cheering_Cheering_7_334.jpg
16
563.994 178.606 46.366 56.382 0.998229
801.594 144.416 46.749 58.8629 0.998013
704.177 290.15 46.9388 57.9473 0.997741
375.361 241.1 48.662 62.5245 0.997578
509.159 343.374 49.5709 59.7291 0.997268
642.95 378.371 45.485 56.4298 0.997179
777.753 285.605 45.9861 58.6682 0.997112
679.207 170.098 47.2266 59.5951 0.996737
395.816 351.072 48.1663 59.076 0.996623
298.302 201.674 47.2828 56.7978 0.995766
611.806 259.83 45.3895 56.6143 0.995592
496.988 247.571 44.847 56.807 0.995332
290.765 307.617 46.0908 55.928 0.995241
167.3 137.638 46.6927 58.3907 0.992916
196.485 286.296 47.6968 53.8794 0.992602
460.797 122.496 44.0939 55.8877 0.992593
