6--Funeral/6_Funeral_Funeral_6_572.jpg
13
416.0910625 345.19053125 30.16125 34.0970625 0.999763309956
654.1135 339.58253125 32.3755 39.57684375 0.99921298027
354.71709375 369.20103125 28.10959375 33.84259375 0.999073147774
498.5021875 340.03303125 31.7545 37.3230625 0.998985588551
545.840625 351.6691875 31.8975 39.20328125 0.998651325703
794.1293125 290.5899375 33.1671875 40.37315625 0.998496890068
611.6775 300.30503125 32.5933125 42.18025 0.998339772224
736.912375 314.22809375 34.20125 46.33459375 0.997826874256
285.95078125 345.091375 28.09078125 34.322125 0.99768435955
229.56084375 357.7431875 29.280328125 34.12703125 0.997677147388
552.600125 294.8264375 31.3680625 37.8899375 0.996944606304
338.849875 322.785375 29.134875 36.75959375 0.996833980083
163.27165625 363.54453125 28.59990625 37.36346875 0.994786143303
