6--Funeral/6_Funeral_Funeral_6_109.jpg
33
194.876921875 214.67503125 31.557453125 39.497078125 0.999316573143
302.4089375 227.619078125 27.00871875 31.640796875 0.999315619469
778.096125 228.883828125 17.9191875 21.825921875 0.999220848083
247.8315625 220.43496875 28.23815625 35.5414375 0.999195039272
458.1444375 223.83540625 23.1561875 30.527453125 0.999093532562
352.69340625 225.000921875 26.2875 33.37634375 0.99903190136
121.040164062 215.20753125 32.5874453125 41.6375 0.998952269554
422.37890625 238.372078125 24.6570625 29.421328125 0.998630166054
801.84175 253.368296875 20.3763125 22.836453125 0.997555315495
271.09009375 223.92725 22.66246875 31.6655 0.997335255146
659.4280625 299.22284375 21.1595625 22.97621875 0.997243762016
880.68975 236.291171875 18.0588125 20.889828125 0.997080743313
388.55771875 311.0185625 27.614375 36.8040625 0.997029781342
697.032375 247.060109375 18.2675625 22.626828125 0.996244728565
592.3674375 301.97940625 25.228 30.6685 0.995645165443
645.936375 219.64121875 20.03825 23.69834375 0.995568096638
302.4155 197.816578125 22.183875 28.1009375 0.995439589024
547.83675 220.32809375 19.529875 22.763078125 0.995120704174
452.95653125 298.96284375 24.2516875 30.74146875 0.994826495647
914.3263125 220.723328125 20.34 23.0880625 0.994588971138
520.6331875 232.87040625 19.599375 23.860609375 0.994391739368
586.81875 226.4353125 22.3026875 27.51546875 0.994168639183
716.9043125 294.15690625 22.80375 28.65965625 0.993448317051
368.43084375 205.34765625 21.4414375 29.43503125 0.993007183075
739.1955625 253.3421875 18.6803125 20.301 0.992669820786
618.6325625 220.412796875 19.868625 22.794296875 0.992083191872
716.0618125 253.840859375 16.6051875 19.447546875 0.991735398769
572.03025 322.25571875 23.133875 30.761375 0.985627412796
488.0563125 216.795140625 19.402 21.64196875 0.98236900568
410.51896875 202.3955 22.5055 27.75434375 0.978367745876
500.24584375 231.8928125 17.2491875 23.84609375 0.977824866772
567.3015 212.224578125 18.3253125 20.87825 0.972231984138
835.4533125 244.01759375 18.065125 18.846703125 0.886634707451
