6--Funeral/6_Funeral_Funeral_6_77.jpg
9
583.166125 361.34625 24.4819375 27.11690625 0.996144175529
547.839625 359.94896875 18.7579375 21.66053125 0.99241310358
333.0015 340.04025 25.099125 27.54975 0.986921072006
426.44015625 364.727125 16.88578125 19.8275 0.963314950466
853.394 361.5789375 11.97175 14.70303125 0.95810842514
83.6437421875 357.5354375 19.1182578125 20.98075 0.955121397972
111.835054688 368.8104375 19.332109375 20.36103125 0.922361433506
606.4971875 353.59365625 22.96075 27.23184375 0.915257632732
798.424875 377.9243125 11.8516875 14.32465625 0.818199396133
