6--Funeral/6_Funeral_Funeral_6_128.jpg
11
860.63325 70.007171875 47.9670625 54.816328125 0.999744594097
794.0164375 75.316703125 35.1941875 44.944734375 0.999341189861
749.986875 124.501109375 25.16125 33.48090625 0.999076962471
453.55990625 85.888125 40.8009375 46.9816875 0.999062597752
288.95290625 110.134320312 35.01234375 35.6332265625 0.998834073544
113.012125 103.247859375 37.380171875 46.731796875 0.998796343803
533.942375 79.6161328125 27.908 38.3916171875 0.998689472675
483.3316875 84.107890625 29.20865625 41.5671796875 0.998577713966
213.915734375 57.7334804688 33.47834375 45.2397617188 0.998484075069
634.4983125 101.67565625 34.15625 43.055734375 0.998150765896
173.056984375 71.3699765625 36.6104375 49.8348515625 0.997847557068
