6--Funeral/6_Funeral_Funeral_6_252.jpg
18
979.064664734 282.476263504 45.2443352661 73.0302901764 0.998943626881
663.129033142 143.029654472 120.753594604 154.36445507 0.998777925968
23.8022112751 273.164983475 61.6838431301 75.2275677032 0.998691022396
875.907569092 200.843886612 56.7468640747 73.7149549408 0.998292982578
38.7765174522 133.231020538 38.7045810165 52.109169632 0.998133838177
806.734925354 215.345777618 59.4071494141 82.0017698975 0.998115897179
349.93845108 181.714168213 114.594143799 149.610496231 0.998102366924
0.0 127.991968575 40.956858305 62.6746401596 0.997812509537
173.418149368 146.73950457 46.0598640442 57.2303796768 0.997322022915
97.31383255 156.61974765 44.3154459381 56.2442272949 0.997302293777
922.88775 250.007519119 55.4826759033 70.4965281525 0.997052669525
162.708220001 247.647585983 59.5627714844 67.9614197083 0.99692517519
53.9577126617 204.294781906 49.6197992859 60.2065814362 0.995980143547
206.456851547 187.228201401 49.2779692993 57.4595826111 0.99270939827
981.77527002 202.039487732 42.5337299805 75.5377467651 0.978642582893
541.479357239 177.401624222 42.5510927734 53.5859716339 0.965583503246
231.062280396 226.675180893 56.5785414429 75.9857229004 0.944756031036
727.104092651 289.953076035 66.2014675293 81.5036546783 0.926369845867
