6--Funeral/6_Funeral_Funeral_6_292.jpg
8
549.032125 176.50878125 66.8715 92.31225 0.99957126379
798.7815 169.617421875 70.0531875 86.291671875 0.999445140362
140.7318125 161.8525625 65.822109375 90.98665625 0.999071717262
533.7219375 41.15984375 56.8745625 75.7115390625 0.998944818974
745.1098125 21.6407695313 57.4230625 75.1233554688 0.998656272888
358.888125 180.164890625 64.661625 82.23553125 0.998157560825
180.191171875 66.90328125 63.863421875 85.577359375 0.997791409492
365.276375 76.1456796875 54.04834375 76.7568515625 0.997165620327
