6--Funeral/6_Funeral_Funeral_6_1029.jpg
9
41.1492809296 176.070888824 38.1511270142 49.989750824 0.999130904675
593.562773438 109.993816223 109.539949951 137.178858032 0.998952388763
79.4555338287 143.746366425 32.9725395966 46.490799408 0.998681366444
274.500218201 125.979769135 105.954263611 136.53917984 0.998494744301
145.775493469 158.944262238 37.8261148071 47.8339231873 0.997582674026
837.175803223 106.384328156 55.8103186035 67.1104621887 0.997505605221
978.199813232 95.7692127991 45.2001867676 86.5452496338 0.997142612934
0.0 200.341727905 29.8027822113 39.130930481 0.996412813663
418.004699707 200.622885132 35.8298681641 62.8606567383 0.988779306412
