6--Funeral/6_Funeral_Funeral_6_759.jpg
58
95.21878125 78.93653125 30.37196875 34.022 0.999589622021
727.6388125 65.6687578125 33.1091875 38.926796875 0.99957805872
127.65359375 92.9796328125 31.79659375 41.4969765625 0.999485611916
363.40225 55.9182382812 31.12865625 40.3317070313 0.999396443367
864.9968125 122.041765625 35.8265625 41.839609375 0.999261796474
451.242375 1.06334729004 28.22715625 33.3072542725 0.999219179153
633.45525 26.4761347656 27.8575 33.7688144531 0.999172210693
742.397375 349.925 36.39475 44.33234375 0.999153852463
461.67375 96.683375 30.34778125 35.936671875 0.999150633812
435.5124375 71.939125 27.0930625 39.7363359375 0.999129831791
776.4901875 213.665984375 33.7663125 42.43253125 0.999102473259
957.161625 215.68928125 34.6348125 43.8126875 0.999095916748
683.016625 11.7482753906 29.221 37.2303769531 0.999071717262
653.8650625 133.52121875 35.6638125 41.62140625 0.999059259892
16.85428125 92.2766796875 31.5092929688 42.2966953125 0.99903011322
691.89625 51.2271992188 29.7404375 39.8203085937 0.998989522457
801.9103125 28.478703125 26.4918125 38.49734375 0.998988091946
169.4998125 66.2285390625 31.8398125 44.5809921875 0.998968362808
566.04375 13.3790371094 30.3495 38.7985605469 0.998952150345
315.860375 0.0 29.78065625 33.2459550781 0.99893540144
909.8919375 47.6388671875 32.5200625 36.8731171875 0.998853325844
380.58809375 117.6303125 31.97690625 40.032765625 0.998849034309
267.58775 162.7886875 36.84515625 47.61390625 0.998820364475
123.3736875 9.01505957031 32.730640625 47.3015576172 0.998817205429
199.580765625 160.242796875 31.405515625 39.1863125 0.998798370361
716.730625 138.890234375 32.6651875 37.946015625 0.998757958412
70.3472421875 166.077109375 36.585421875 48.4373125 0.998753190041
318.3580625 280.3541875 39.17871875 44.083875 0.998705863953
651.748875 183.244921875 36.9879375 49.912 0.998705625534
336.43409375 181.357328125 31.49746875 38.6011875 0.99850744009
602.1840625 82.519515625 31.142625 38.0272265625 0.99841272831
796.7429375 100.530265625 30.3236875 36.32590625 0.998405635357
326.36878125 93.4190078125 31.852125 36.9291796875 0.998362720013
195.277375 0.0 29.642421875 39.5045664062 0.998354554176
263.3168125 116.93890625 32.64803125 37.284578125 0.998279213905
383.76703125 17.216390625 29.10228125 34.7815039062 0.998277544975
496.7894375 259.942578125 41.20175 48.433921875 0.998274922371
947.901375 145.1550625 35.54075 44.708953125 0.997952818871
898.651 286.74065625 39.047375 51.4324375 0.997844696045
496.72165625 30.1798046875 31.24259375 40.3495546875 0.997840881348
442.3529375 160.626078125 35.7410625 47.4134375 0.997821569443
110.102351563 274.423125 38.5151953125 51.29265625 0.997610211372
975.2719375 331.6750625 34.0515625 37.94784375 0.997163236141
849.231125 273.8669375 29.8911875 38.962 0.996594846249
46.4183085937 144.8706875 33.2526210938 46.546625 0.99586558342
178.31246875 156.91571875 28.236125 34.200625 0.995408475399
964.758375 96.8371875 26.2616875 38.4550625 0.995255768299
784.7921875 12.5508320312 29.03425 38.6703554688 0.995249032974
204.890859375 93.0055546875 25.354359375 30.8056953125 0.99059933424
955.43775 63.1405742187 26.4221875 32.5343632813 0.98992985487
364.7710625 10.1315449219 23.80815625 35.4480722656 0.988982856274
250.42921875 87.1380078125 28.334625 32.2715390625 0.984590172768
548.3350625 176.901328125 35.39675 34.840890625 0.982570827007
892.7165 0.0 26.56325 27.0721914062 0.971888542175
61.1988945312 311.0430625 27.6671445312 33.35053125 0.97131729126
273.2010625 64.1566445312 26.11946875 31.5473007813 0.964344620705
660.8786875 99.6209921875 29.4475 36.7779140625 0.898434340954
549.2639375 48.9541054688 27.201875 34.1246757813 0.834390819073
