6--Funeral/6_Funeral_Funeral_6_531.jpg
11
163.70965625 319.10340625 16.397515625 21.02878125 0.999871730804
135.78059375 324.93671875 19.3065 22.97715625 0.998974323273
81.9810078125 334.11921875 19.5374140625 23.45209375 0.996464967728
230.1010625 327.59265625 12.042796875 17.62875 0.990386247635
337.59809375 279.95025 11.52865625 14.9914375 0.987462699413
43.875109375 337.2586875 22.3102695312 26.142375 0.986765980721
352.64728125 279.226875 11.28875 14.1469375 0.981511056423
262.84475 292.0175625 13.51225 17.0685 0.978392958641
321.96978125 279.52565625 12.46628125 15.39490625 0.965634405613
197.328140625 317.7483125 11.773125 16.4664375 0.926260828972
246.1598125 308.2376875 14.11609375 15.93065625 0.825826764107
