58--Hockey/58_Hockey_icehockey_puck_58_244.jpg
16
800.25 483.417 32.1002 37.7495 0.998146
706.245 469.815 33.3677 39.5897 0.996021
234.266 482.276 35.3245 43.33 0.995974
460.328 253.65 26.5914 35.7211 0.994339
402.309 469.89 28.4673 35.65 0.994231
362.555 271.16 29.593 38.9135 0.993741
455.798 505.042 27.36 33.5044 0.992436
586.771 466.48 27.4713 32.4961 0.991373
408.241 418.775 28.5789 35.7206 0.991329
451.765 454.497 26.7748 33.3724 0.990922
495.315 416.607 24.4424 30.1661 0.987998
673.031 437.348 27.3141 32.3474 0.985137
629.671 459.239 28.3458 36.6854 0.980314
534.271 408.964 23.4445 28.7623 0.979776
539.77 277.568 27.3 35.4734 0.977345
519.251 507.635 26.6001 33.0756 0.953151
