58--Hockey/58_Hockey_icehockey_puck_58_785.jpg
16
447.216 355.308 34.4043 42.5587 0.996023
243.084 362.468 35.7868 40.3933 0.995398
375.099 341.632 35.855 46.1024 0.994726
728.057 338.648 34.9967 39.9554 0.99315
624.474 361.809 31.9585 38.7881 0.992711
482.79 341.356 30.8785 37.7997 0.991043
284.019 364.941 35.2203 40.936 0.99008
130.716 330.272 37.2097 43.7161 0.987944
524.208 338.994 32.9785 38.5148 0.98757
916.639 311.258 37.241 47.4867 0.984307
655.928 306.565 32.0615 38.0646 0.984062
280.717 309.839 33.9424 38.5107 0.983549
790.712 310.801 34.6233 39.4542 0.982418
422.035 293.748 35.7979 41.524 0.981085
327.613 333.5 36.3312 42.6245 0.978546
685.618 335.714 32.2632 39.5303 0.971204
