16--Award_Ceremony/16_Award_Ceremony_Awards_Ceremony_16_73.jpg
12
259.605 123.838 38.6362 46.7178 0.993112
316.574 73.6981 34.6927 41.5557 0.992765
410.157 143.059 36.3497 51.4008 0.98843
616.742 150.451 36.2347 44.4187 0.986785
726.99 88.944 42.7567 55.4413 0.976714
89.7343 71.0752 20.5252 28.425 0.943728
203.478 54.4137 21.7126 27.3077 0.908226
471.93 29.9758 14.3459 17.5835 0.907223
609.571 61.494 15.6107 19.4489 0.848243
718.83 13.2464 17.4175 21.6529 0.836737
637.708 44.9999 16.6799 21.2682 0.807426
863.799 36.8491 16.147 20.8426 0.802529
