16--Award_Ceremony/16_Award_Ceremony_Awards_Ceremony_16_25.jpg
11
151.264 95.5355 40.7963 55.6007 0.993701
842.706 136.508 40.004 45.8618 0.993347
502.471 96.6743 33.3687 42.2585 0.993164
438.32 121.021 34.8348 45.9309 0.99188
650.296 138.278 36.3396 44.465 0.990961
561.785 105.325 43.504 53.8994 0.984033
929.143 153.269 43.1036 54.4929 0.982351
225.85 120.098 38.4874 45.8395 0.980494
738.269 148.413 45.3292 56.5902 0.978962
334.338 153.297 39.8671 46.6115 0.963728
60.3962 106.716 42.4222 48.144 0.960364
