16--Award_Ceremony/16_Award_Ceremony_Awards_Ceremony_16_141.jpg
12
187.254 278.046 37.1547 47.7686 0.992474
394.851 239.597 43.3359 57.9754 0.992086
567.902 311.753 24.991 34.8634 0.986569
542.654 299.069 25.9263 35.8691 0.985912
93.5591 263.647 36.3791 51.2952 0.984454
141.111 264.003 35.5728 50.3917 0.978966
603.952 312.193 25.1438 34.56 0.975601
-6.15537 235.049 52.5405 62.0088 0.950266
635.96 322.056 23.5483 29.8099 0.949439
456.022 261.027 34.9096 42.7067 0.937541
506.502 286.924 25.2679 35.1472 0.851057
348.272 246.495 34.897 53.593 0.841106
