29--Students_Schoolkids/29_Students_Schoolkids_Students_Schoolkids_29_626.jpg
10
574.258117676 152.313842773 62.7552490234 81.8236541748 0.998367607594
968.841369629 155.996063232 55.1586303711 78.2181396484 0.994334697723
772.442077637 339.47052002 106.943054199 139.014953613 0.994018793106
0.0 397.99029541 123.823898315 166.424804688 0.992605805397
511.033966064 164.941802979 33.1047058105 42.7515258789 0.992503643036
858.905395508 147.398269653 31.0767822266 41.7227325439 0.989216446877
84.7856674194 181.246459961 39.1369400024 49.8294067383 0.988572716713
153.104934692 181.315765381 74.4791717529 94.8305664062 0.979544699192
981.791564941 250.939987183 42.2084350586 94.962600708 0.964463114738
317.972991943 168.234848022 28.1518859863 34.6457672119 0.954531311989
