40--Gymnastics/40_Gymnastics_Gymnastics_40_593.jpg
12
300.735 185.611 45.3339 58.5671 0.995174
169.926 261.803 44.5534 58.5294 0.99242
755.66 199.395 36.1987 46.4967 0.98717
840.495 254.387 41.9617 55.1697 0.98395
541.806 182.868 42.6511 55.3308 0.982056
73.7527 292.333 37.1485 47.0544 0.979445
941.871 302.468 37.4891 49.3833 0.969367
21.3459 48.1364 24.0393 32.1405 0.95548
629.706 205.49 39.8252 53.969 0.944052
413.925 207.532 42.033 53.0506 0.941354
14.0522 106.821 23.8705 31.4161 0.902863
556.007 131.664 26.2135 33.1559 0.833853
