40--Gymnastics/40_Gymnastics_Gymnastics_40_646.jpg
11
770.753 317.541 52.8798 64.6539 0.999081
917.448 302.593 57.6156 69.4741 0.998908
546.889 197.401 48.3684 59.4943 0.998783
595.246 304.79 46.3505 59.6655 0.998543
378.383 277.328 50.9937 61.8459 0.998219
119.287 296.017 50.4913 55.8759 0.997224
261.413 256.874 45.5897 55.5419 0.996737
840.028 166.962 45.4956 54.0185 0.996001
390.904 149.154 44.6369 56.5104 0.995732
504.285 311.3 46.7542 56.8137 0.994932
713.425 172.356 40.8395 47.2295 0.990575
