2--Demonstration/2_Demonstration_Demonstration_Or_Protest_2_225.jpg
14
444.967 432.373 14.8606 17.2846 0.996345
919.741 410.114 13.628 16.7181 0.992788
985.516 503.728 15.2779 19.1933 0.98964
992.518 403.398 13.998 18.0351 0.979403
354.778 443.113 14.2041 17.1492 0.97328
918.073 388.014 12.6906 15.2879 0.973081
944.816 435.335 15.0629 19.4806 0.939358
256.741 410.504 14.8245 19.0884 0.938885
136.74 412.915 16.2961 21.5816 0.927527
38.669 408.144 17.4319 21.3486 0.924352
869.154 424.681 12.9585 17.2521 0.878458
205.758 454.963 14.2671 17.8123 0.873913
573.432 401.536 12.6419 15.384 0.812063
320.712 441.327 16.1434 20.539 0.800656
