2--Demonstration/2_Demonstration_Protesters_2_12.jpg
16
826.697 332.086 48.9684 61.7996 0.999089
485.941 313.075 51.9818 61.0014 0.999011
373.854 319.418 49.3187 67.0191 0.998976
290.081 280.73 55.3957 63.6713 0.998852
590.029 307.902 51.7705 60.3474 0.998827
48.1098 304.534 56.7249 68.4601 0.998629
175.902 301.18 52.1076 58.6015 0.998537
683.32 277.731 43.2052 57.6978 0.998184
921.27 329.353 52.5363 66.987 0.997932
641.432 314.351 49.6387 61.6416 0.997456
412.29 334.803 47.2444 59.8718 0.996873
19.9051 349.099 57.0011 69.6538 0.995423
395.899 267.639 38.4641 45.5816 0.994294
636.455 352.915 49.6792 64.7559 0.993992
768.416 288.793 40.3609 47.2531 0.987089
666.215 592.604 28.644 52.183 0.881601
