2--Demonstration/2_Demonstration_Demonstrators_2_290.jpg
14
862.379 467.545 51.0843 63.4327 0.999628
171.636 364.539 82.492 91.7674 0.9994
725.874 504.432 57.5308 70.6094 0.999078
412.416 150.366 76.4149 99.1352 0.997994
696.307 166.319 68.9078 91.3512 0.997793
634.657 472.812 48.8254 53.0863 0.996845
507.27 562.14 91.7178 106.48 0.996269
17.4955 494.438 23.712 29.9062 0.994637
459.088 502.991 24.5809 33.3755 0.994469
412.647 506.127 13.9075 18.1269 0.938747
378.572 507.377 18.5264 21.9954 0.920213
934.278 447.019 24.8846 28.9178 0.831365
482.544 493.059 16.2524 19.5476 0.830705
360.084 507.717 13.4846 17.1422 0.827298
