2--Demonstration/2_Demonstration_Demonstrators_2_499.jpg
16
696.882 380.105 17.2554 22.1462 0.99783
812.797 347.379 22.2356 29.9839 0.997761
634.316 365.505 20.2275 23.2346 0.995339
758.973 342.152 26.3321 28.7329 0.994893
259.05 356.747 24.8263 30.2866 0.994889
453.428 362.106 22.4688 27.2025 0.993778
550.4 359.236 16.5276 22.9318 0.993691
426.354 360.627 16.8021 25.4193 0.992997
361.051 364.155 21.7463 27.2059 0.992969
515.295 389.674 19.4967 22.2144 0.992575
602.386 365.62 20.8545 22.7578 0.990306
484.69 384.238 16.6229 19.1393 0.974636
830.873 325.296 23.1334 33.406 0.972011
977.827 327.193 37.5991 47.9674 0.962979
654.556 370.768 15.1724 21.6111 0.881818
961.338 344.96 21.1805 29.6829 0.867002
