2--Demonstration/2_Demonstration_Demonstrators_2_517.jpg
21
778.466 297.596 78.8874 90.5453 0.999811
138.355 289.859 75.6358 90.0754 0.999554
885.971 100.79 32.4111 33.3997 0.999324
704.424 127.679 50.8963 63.9931 0.999202
464.512 360.797 66.5373 76.9086 0.999115
502.419 109.303 43.1845 53.7496 0.998868
167.559 125.217 46.1774 54.8225 0.99885
987.785 87.0671 24.284 28.2325 0.99809
426.643 76.3445 16.7139 21.034 0.997926
788.615 89.0519 26.4084 29.1629 0.997726
801.753 109.46 35.2637 43.51 0.996514
261.82 118.543 49.5511 69.7961 0.995756
109.91 93.9687 26.4123 32.9502 0.995148
650.705 149.373 30.9587 45.7512 0.994654
697.98 82.1341 13.0169 16.6097 0.987497
218.71 108.258 24.2727 29.4112 0.983696
482.324 116.207 21.805 31.3935 0.979863
484.383 98.6279 14.1511 16.8119 0.970749
239.898 93.0661 14.1316 17.6949 0.937033
922.949 108.465 20.0989 22.2273 0.936738
615.635 71.9373 13.1579 15.6066 0.852441
