2--Demonstration/2_Demonstration_Demonstrators_2_307.jpg
16
649.283 117.477 11.0887 13.7981 0.987748
856.435 17.3429 10.9349 13.5949 0.979439
616.046 105.382 11.5942 14.1703 0.973171
467.334 83.5786 10.6467 13.9197 0.970108
741.431 59.5195 11.0075 13.6092 0.950586
742.507 115.535 11.2548 13.4638 0.942053
281.24 344.531 13.0204 16.9705 0.92366
844.171 213.257 11.4534 13.58 0.921436
796.511 7.31616 11.4347 14.4588 0.905451
927.021 197.319 12.0221 14.6933 0.900706
722.338 175.259 11.4214 14.2949 0.899187
921.9 238.547 11.3833 14.8913 0.896863
435.316 73.2627 11.3795 13.5689 0.891352
642.127 188.309 11.5574 13.6715 0.851859
554.439 34.971 10.8486 13.6805 0.811489
606.097 148.546 10.9567 13.7299 0.808732
