2--Demonstration/2_Demonstration_Political_Rally_2_137.jpg
14
11.2106 369.38 87.1 125.931 0.999396
233.309 295.262 71.593 99.7367 0.999129
906.764 276.526 28.2236 38.1734 0.997885
295.395 294.874 64.0361 91.1431 0.997322
418.109 314.502 53.7451 71.5986 0.996907
756.418 272.955 35.5369 43.9623 0.995535
396.214 279.143 27.2061 35.5729 0.993474
930.997 267.83 24.6061 32.8273 0.991751
841.366 267.502 29.382 34.2771 0.991704
782.677 278.293 30.7812 42.1326 0.990576
651.907 278.097 35.8141 48.5452 0.972312
370.469 277.052 25.5103 30.3307 0.967133
201.223 288.502 34.3022 45.8076 0.960588
262.983 283.939 74.9479 110.468 0.803451
