2--Demonstration/2_Demonstration_Protesters_2_476.jpg
11
409.591 375.701 47.0789 59.9436 0.99954
274.105 383.302 43.4448 57.3507 0.998852
684.85 383.025 22.6108 32.7633 0.998788
187.031 414.002 28.4653 38.6007 0.998487
107.653 384.289 53.5824 56.8766 0.997173
769.368 359.209 23.4328 30.5889 0.996558
919.143 374.62 24.0053 28.0063 0.993649
196.881 357.855 33.7495 43.1793 0.993255
11.175 339.751 32.6335 46.6628 0.988839
328.288 384.989 29.4674 34.9457 0.937522
438.375 380.587 33.9999 48.0528 0.875138
