2--Demonstration/2_Demonstration_Demonstrators_2_378.jpg
63
943.158 402.054 53.8265 60.7724 0.999523
671.915 332.371 49.9002 55.7257 0.999332
500.999 298.957 51.519 54.9087 0.99922
330.637 221.355 26.2397 36.0985 0.999118
217.615 497.217 68.3246 83.8026 0.999045
104.489 464.084 64.3067 74.8045 0.998974
595.367 416.08 51.0558 56.0524 0.998646
263.365 356.278 55.9855 60.0574 0.9985
98.582 207.148 32.4786 35.5516 0.998437
192.277 190.131 26.8532 36.1678 0.998385
765.698 318.974 37.2055 42.4076 0.998314
643.082 434.149 52.8181 63.4974 0.998296
154.599 267.728 38.3967 47.0388 0.998247
570.569 238.988 30.2194 33.3779 0.997915
396.234 239.365 33.3864 38.6058 0.997862
736.725 286.27 27.1632 34.5841 0.997725
429.055 304.739 45.5698 53.9185 0.997596
601.992 271.007 30.881 31.9456 0.997546
103.308 138.122 26.9209 31.8062 0.997432
536.119 258.861 34.6779 45.599 0.997206
87.6318 295.986 48.6499 50.5305 0.997097
359.822 225.086 32.0732 39.6956 0.997069
494.868 518.144 80.0423 88.0154 0.996956
482.58 208.05 32.0353 42.4913 0.996854
199.399 403.332 62.1416 67.3803 0.996644
413.871 191.882 35.6587 38.7584 0.99596
948.325 228.022 25.1976 31.2356 0.995915
809.897 487.423 62.047 73.8802 0.995573
647.9 263.32 36.5887 41.8079 0.995201
305.512 276.371 40.0531 47.1426 0.995169
282.392 291.235 33.3174 43.6258 0.994861
604.674 327.839 53.0956 60.3712 0.994765
493.527 416.826 52.7026 67.1353 0.99467
324.33 465.575 48.0191 57.7543 0.994509
751.86 420.022 47.6147 55.0621 0.994162
207.99 135.487 24.3846 29.3788 0.993852
508.099 359.269 44.3052 56.4749 0.993641
436.628 466.849 60.9894 63.6168 0.992962
154.334 206.07 32.129 37.0755 0.992407
220.553 246.155 36.0689 46.5251 0.989881
12.7281 208.82 34.833 38.6394 0.989361
959.365 153.474 17.8564 24.4057 0.984956
264.419 224.588 34.6147 40.9481 0.982845
722.081 451.785 47.1481 59.6014 0.980842
158.068 168.74 24.9779 29.6678 0.980141
94.3376 250.519 32.2715 35.9583 0.979543
546.152 373.86 44.8032 58.8068 0.979375
343.629 192.567 25.3467 30.0926 0.976988
927.344 209.023 26.2885 29.4648 0.972851
866.689 337.257 31.768 38.3221 0.972757
387.038 327.999 44.087 56.6949 0.970613
925.277 174.053 23.0845 27.1449 0.966132
889.768 207.746 22.4505 28.2782 0.953158
896.572 403.333 41.234 57.0707 0.952075
905.277 356.45 36.4275 39.3931 0.951365
310.448 169.292 23.7647 27.685 0.946054
750.752 365.681 48.4399 52.2418 0.941637
712.359 407.301 38.0826 48.2385 0.936514
647.169 496.517 55.5252 63.1579 0.936512
690.174 489.449 56.5428 71.9299 0.919518
370.016 291.467 38.9201 42.2197 0.902488
139.256 303.375 32.9429 50.2216 0.825794
183.427 373.107 45.8187 54.8284 0.825646
