2--Demonstration/2_Demonstration_Political_Rally_2_659.jpg
12
505.85 194.647 129.061 141.07 0.999628
36.6993 243.032 105.24 120.135 0.999282
731.407 239.564 49.9446 59.1003 0.999183
191.679 278.581 34.8791 44.0196 0.998435
163.374 289.133 27.8433 32.4688 0.998254
231.527 284.18 27.9556 49.0323 0.996632
-5.86114 327.215 35.3111 38.9297 0.994925
407.282 279.455 16.5056 20.1154 0.994488
962.052 246.325 64.9486 77.6799 0.991549
366.578 272.358 22.3611 28.0044 0.985004
450.722 261.736 58.3568 75.7744 0.908345
1.60427 291.141 22.1624 28.099 0.809599
