2--Demonstration/2_Demonstration_Demonstration_Or_Protest_2_619.jpg
18
909.297 118.167 14.9874 21.7342 0.998823
647.09 138.161 13.049 19.6842 0.997285
417.818 115.243 12.4908 15.4095 0.995181
854.208 102.299 14.235 18.144 0.992841
526.276 126.116 13.5921 16.4689 0.990497
989.336 194.31 16.331 19.0512 0.989694
552.169 113.729 12.9768 15.9193 0.988045
499.994 112.941 13.0835 15.6703 0.986615
621.621 114.792 14.1364 17.3777 0.976314
757.264 115.52 12.3924 16.5838 0.955922
494.142 132.825 13.4068 16.4301 0.951682
944.407 225.042 16.4274 19.583 0.92662
678.092 96.9889 13.6396 16.5861 0.903208
572.437 129.502 14.4292 16.1097 0.897306
819.198 140.074 14.3074 18.3501 0.894199
452.837 114.557 12.9655 14.9427 0.86862
417.062 392.77 17.6188 20.3718 0.861522
733.762 48.638 11.6184 15.1997 0.842332
