2--Demonstration/2_Demonstration_Demonstration_Or_Protest_2_385.jpg
50
633.463 415.917 14.9881 22.3217 0.999679
755.124 472.859 26.885 34.2575 0.999659
819.931 392.135 14.2358 18.5811 0.999487
287.041 538.386 29.0789 41.4589 0.998015
397.463 533.509 28.596 37.4291 0.997974
736.626 423.633 19.5974 22.7063 0.997619
873.654 392.099 15.9668 17.9853 0.997603
779.469 459.807 22.8403 27.4028 0.99722
581.217 454.912 23.4953 29.7323 0.997084
99.6888 519.316 24.3808 30.8865 0.997071
508.371 541.282 28.609 34.6951 0.996267
130.682 501.419 24.2145 30.358 0.995603
685.821 463.448 22.9825 29.1759 0.99548
616.917 496.572 25.1162 28.6202 0.995476
185.803 525.792 32.4548 39.6959 0.995311
806.48 432.014 19.0765 20.8773 0.994143
738.087 368.546 11.6081 14.6576 0.993529
687.274 407.86 13.702 18.6996 0.992216
785 385.808 12.0081 16.1236 0.992135
679.48 557.827 35.6553 41.9251 0.991655
19.5989 547.893 27.1472 43.09 0.99117
918.681 418.81 12.8151 17.8728 0.991051
804.215 369.385 11.157 13.7124 0.990734
570.458 417.591 16.0987 18.9608 0.989805
325.217 428.837 17.4786 22.5075 0.988371
213.886 470.548 25.77 29.3165 0.988192
973.203 427.832 18.5059 22.6713 0.982231
593.128 387.532 13.7072 16.8295 0.981991
164.534 404.781 14.9516 19.7711 0.980425
622.376 409.087 12.3254 16.2687 0.978005
360.011 454.788 24.8036 31.3073 0.97653
698.352 379.421 13.5323 15.9314 0.976187
93.0707 393.865 16.5262 18.4971 0.975825
545.428 387.724 12.2135 14.4427 0.974913
173.17 381.939 14.6759 17.6848 0.974179
885.164 484.889 23.3037 32.8304 0.972769
83.8927 453.609 23.9522 26.9341 0.971735
338.234 468.384 20.327 31.2794 0.96525
940.4 462.155 16.6532 24.7587 0.96211
20.0814 401.525 15.8238 17.6124 0.953958
731.524 353.127 12.0751 13.7964 0.94768
141.425 434.806 13.8992 19.527 0.908808
453.93 412.443 12.9104 20.9268 0.908293
539.531 415.643 15.4978 16.8219 0.904021
73.1879 346.316 12.1227 16.0004 0.898712
353.991 404.875 13.1519 15.2524 0.888649
863.762 459.975 22.5205 28.3908 0.882484
205.563 394.462 13.3124 18.127 0.881797
831.996 595.703 35.0445 50.0694 0.868583
866.834 421.842 15.9375 20.3924 0.827617
