2--Demonstration/2_Demonstration_Demonstration_Or_Protest_2_606.jpg
21
902.699 264.854 58.8005 64.7103 0.999107
217.583 293.271 45.614 65.4544 0.999021
186.546 247.317 30.1476 39.8436 0.998426
634.702 245.347 56.8879 62.1885 0.998221
546.829 295.216 88.3281 121.976 0.998003
765.532 257.023 61.2388 66.9596 0.997762
502.457 238.524 40.3173 68.5387 0.997297
219.644 241.563 34.9629 41.3821 0.997188
44.484 253.166 46.4718 52.5473 0.997096
826.461 239.106 36.5412 45.8747 0.995938
712.283 260.144 35.7596 45.7971 0.995909
332.889 278.746 85.1954 118.306 0.995133
5.73236 283.428 40.2202 44.5656 0.993001
706.607 221.407 24.8111 30.6602 0.991445
103.787 303.472 50.0273 51.0197 0.98688
745.29 274.412 35.1245 50.6291 0.980506
444.345 227.301 36.5096 48.7838 0.976478
1001.04 276.465 50.8597 62.3204 0.974635
149.895 257.728 24.0785 28.5348 0.9511
310.002 232.889 33.9192 40.3256 0.881208
285.927 240.865 23.0279 29.3433 0.876068
