2--Demonstration/2_Demonstration_Demonstration_Or_Protest_2_615.jpg
15
759.541 256.132 27.8006 33.8372 0.999018
558.494 243.904 27.138 32.1124 0.998744
610.539 258.838 25.4404 31.6663 0.9982
825.857 251.983 28.4155 33.1043 0.998003
429.402 252.49 32.2194 39.1285 0.997732
506.193 268.388 27.6295 32.6792 0.997675
35.2878 251.492 34.5064 43.4045 0.997417
118.142 252.672 34.5309 42.5103 0.996907
-2.88391 267.801 40.1464 43.4551 0.996557
942.352 246.617 31.8464 34.2358 0.995823
897.049 245.345 30.2365 32.1423 0.995235
287.116 220.964 35.2181 40.5166 0.979301
676.229 255.431 21.8291 29.3396 0.927018
716.257 268.114 23.4153 28.4045 0.871371
174.157 249.925 30.7298 37.5214 0.870241
