2--Demonstration/2_Demonstration_Political_Rally_2_867.jpg
14
798.099 427.817 34.431 41.0472 0.999218
648.737 497.623 31.3482 39.5225 0.998866
916.293 372.84 28.5001 33.487 0.997461
65.7533 519.727 48.6431 50.2038 0.997243
926.426 521.539 42.6867 44.8019 0.995466
171.431 550.907 55.9495 67.3818 0.995294
616.31 503.295 22.9649 28.7857 0.994615
130.624 489.644 16.488 18.2048 0.978106
950.992 376.135 18.8696 21.1296 0.969912
822.234 401.968 24.2055 28.5927 0.958668
170.019 504.031 43.4002 59.0482 0.954678
73.117 458.419 15.6369 18.5159 0.954104
853.395 380.77 14.5203 18.5836 0.907081
879.273 574.992 72.4939 84.4603 0.875003
