2--Demonstration/2_Demonstration_Demonstration_Or_Protest_2_98.jpg
46
131.762 296.162 12.3462 16.1983 0.999452
888.228 326.694 13.273 16.6188 0.999133
377.082 420.232 23.6574 33.551 0.998835
410.7 507.67 25.4769 29.8946 0.998831
362.138 491.656 32.0026 41.6666 0.998538
559.422 485.131 31.3405 39.9001 0.998198
286.435 568.461 34.5079 43.6418 0.997772
859.174 602.825 34.0775 49.3834 0.997387
443.528 456.239 24.7008 34.5454 0.997384
194.327 503.919 28.2141 37.0003 0.996469
322.347 472.618 22.1602 32.8364 0.996126
103.197 294.536 11.758 14.7513 0.995669
605.559 581.099 35.4523 43.5998 0.995162
66.8577 297.608 11.2434 14.3208 0.99458
511.737 482.005 23.3916 31.531 0.993032
158.372 292.509 12.6791 17.273 0.992492
933.041 320.868 14.694 17.7288 0.989666
21.5911 456.077 22.9471 33.871 0.989536
33.3972 296.962 11.5391 14.0404 0.985505
960.271 215.274 10.7171 13.583 0.978544
331.688 568.565 44.5255 55.067 0.977829
135.59 516.11 24.0837 30.3758 0.976769
222.742 605.045 32.8163 43.5891 0.970245
509.108 534.922 30.2004 36.051 0.969645
272.874 528.687 26.2657 36.232 0.96604
959.977 296.558 13.0627 14.826 0.962923
659.562 603.166 34.9468 46.7315 0.958137
632.513 629.854 34.2264 43.0989 0.954271
521.55 450.531 23.3821 28.3005 0.946086
293.626 366.98 16.5785 20.6194 0.94577
836.293 280.363 12.3438 15.5244 0.92992
595.898 475.8 24.3596 33.8729 0.914411
999.427 331.8 14.5636 19.7113 0.909872
975.88 251.399 12.605 15.655 0.90128
577.724 255.28 10.9338 13.267 0.899939
892.903 229.485 10.6489 13.9507 0.885441
24.7912 239.626 10.7186 13.6188 0.878649
578.342 157.149 10.5825 13.1717 0.878327
979.01 199.557 11.0294 13.148 0.866585
930.767 207.033 11.3065 14.1109 0.863844
348.367 301.845 12.7776 15.4748 0.847763
253.902 304.896 11.1859 14.6831 0.844988
75.541 277.456 11.9845 13.9304 0.834885
517.415 297.844 11.1782 13.8768 0.821284
5.95197 476.917 26.1834 27.6114 0.809694
47.1327 519.426 25.05 37.3404 0.807054
