2--Demonstration/2_Demonstration_Demonstration_Or_Protest_2_586.jpg
24
523.54 120.415 14.8134 19.0972 0.999015
386.542 134.687 14.6828 20.9737 0.998769
760.271 119.568 16.7792 22.7322 0.998593
472.1 147.258 24.7842 33.3818 0.998307
836.178 201.037 30.6175 38.712 0.998083
173.189 125.925 17.2476 20.1263 0.997902
132.256 121.043 13.6576 15.4377 0.997483
638.013 168.706 23.3587 32.9904 0.997056
409.187 105.579 13.8916 17.7106 0.995971
690.641 145.942 28.3717 37.1565 0.995354
382.85 186.624 26.8501 37.0444 0.993147
788.651 114.286 12.4749 15.213 0.990557
959.881 104.588 16.7213 23.1568 0.989947
26.7958 105.067 12.9653 15.7352 0.988877
139.193 147.674 23.446 30.7358 0.988685
246.505 120.145 15.2311 19.9229 0.980517
281.511 121.906 13.0041 17.3131 0.972751
450.116 117.392 16.9836 22.022 0.965962
26.7262 131.634 15.9477 16.9732 0.964744
580.918 158.28 16.9403 23.1076 0.959537
287.864 161.979 14.9296 24.6888 0.932191
998.28 149.726 16.0506 23.9024 0.931363
108.239 130.136 14.2244 16.8218 0.91833
345.102 93.0263 12.3041 14.8523 0.837142
