2--Demonstration/2_Demonstration_Demonstration_Or_Protest_2_430.jpg
11
107.706 237.807 54.6315 72.9716 0.998996
285.497 205.769 53.2326 74.2812 0.998964
488.247 132.07 61.0274 93.9689 0.998563
764.691 144.737 47.8249 62.0843 0.998497
350.809 181.88 48.6089 63.5246 0.998227
606.825 125.737 47.8941 68.3134 0.99772
679.774 118.577 58.6816 89.0505 0.99678
856.779 218.384 52.9669 64.7977 0.994786
651.384 102.029 47.8814 72.0977 0.991783
856.51 166.883 48.4126 60.2744 0.986126
231.928 218.184 34.4538 42.2219 0.805205
