2--Demonstration/2_Demonstration_Political_Rally_2_83.jpg
61
227.54 266.535 72.2586 92.2033 0.999663
290.114 566.913 109.002 143.609 0.999579
94.5498 289.613 72.2179 84.7815 0.999519
403.302 303.787 88.5959 122.609 0.999477
599.975 493.985 98.2234 135.214 0.999432
881.604 561.173 111.137 129.102 0.999267
561.882 289.424 73.6724 79.5684 0.998933
116.907 527.8 107.599 109.909 0.99889
887.81 158.706 50.99 56.9731 0.998725
179.94 157.639 49.1286 57.7838 0.998317
878.059 334.223 84.0648 89.3409 0.997568
73.2015 219.326 53.9968 62.3195 0.997367
-0.824457 394.831 92.5191 103.379 0.996932
205.475 225.587 57.4609 73.7462 0.995917
171.002 390.555 77.8438 95.9823 0.995862
325.869 167.972 51.1316 62.0548 0.995381
168.491 -2.68868 31.1063 41.1665 0.995268
43.2061 182.184 49.1764 60.0627 0.995186
111.715 80.7721 36.6567 46.6179 0.995145
627.716 391.411 85.1756 90.463 0.994467
-2.17824 72.5097 35.4611 41.6331 0.993964
219.104 61.8343 35.5238 47.5912 0.993692
395.156 194.096 62.8899 75.9084 0.991154
502.16 210.099 57.3161 72.9441 0.991118
5.33687 128.472 53.9669 67.5714 0.990954
559.563 83.1535 31.1149 37.3689 0.990801
446.891 118.238 36.8302 47.9753 0.989699
428.217 34.8313 27.6066 33.7954 0.988909
628.251 67.3141 26.9709 31.9107 0.988146
725.089 365.603 84.6172 113.803 0.987224
229.965 121.565 42.7909 55.9844 0.986609
474.72 84.7638 37.0792 44.9595 0.978662
464.743 179.812 58.8164 78.6197 0.978022
262.954 20.3297 24.0868 30.6808 0.977796
811.11 137.314 37.8478 48.6193 0.975033
399.512 110.563 36.1331 46.6299 0.974732
474.461 18.6341 25.664 29.4312 0.970535
385.499 64.8835 27.8688 31.2751 0.969179
203.316 111.32 32.3356 40.3588 0.966549
672.577 613.347 104.703 129.405 0.963102
916.96 -5.77439 24.1536 30.7875 0.959375
740.846 153.753 49.0764 56.5729 0.958797
824.739 63.6712 25.8114 37.9161 0.955249
979.892 439.462 93.4152 119.7 0.95114
883.49 78.954 35.5628 43.4941 0.947901
750.133 19.822 22.8995 27.9946 0.942148
791.159 122.503 34.0996 43.4239 0.939557
508.959 -7.25807 27.4107 32.8667 0.938753
813.541 40.4712 26.7249 29.316 0.934614
289.557 35.2754 30.3614 37.0429 0.92834
931.034 199.932 47.5985 59.0533 0.923999
96.0575 615.106 108.516 130.89 0.921336
79.2484 39.9296 28.8259 31.7068 0.918914
870.209 33.4382 24.2533 30.7721 0.917607
344.682 35.5657 25.5899 31.3131 0.909216
554.882 188.98 26.2524 34.0762 0.891056
371.623 228.796 63.5115 74.4824 0.857727
602.954 63.3019 25.1366 27.8787 0.837062
668.75 51.5784 24.9884 28.5526 0.836031
948.293 160.198 54.8235 59.1499 0.821126
235.013 14.6268 24.7256 31.0436 0.802526
