2--Demonstration/2_Demonstration_Protesters_2_826.jpg
16
604.976 141.952 36.5144 44.2827 0.998875
893.068 242.294 63.0146 75.674 0.99877
627.688 75.1819 31.359 44.3008 0.998528
544.943 166.426 42.7477 57.0052 0.998457
701.976 203.637 53.015 65.0814 0.998357
581.381 75.7357 25.2171 34.894 0.997976
500.337 154.617 25.2669 38.6949 0.997471
518.233 69.7387 14.6671 19.3208 0.995847
54.1863 90.0472 31.1193 35.3311 0.988488
565.071 59.8085 16.7651 21.1819 0.987684
426.129 86.8073 15.8884 22.6266 0.978403
513.833 123.392 24.5788 28.2845 0.975695
549.946 67.1329 12.8219 16.0987 0.958842
616.158 67.2972 13.228 16.6502 0.931951
542.54 105.271 16.5389 25.1211 0.878485
212.917 82.4134 15.1102 18.037 0.83994
