2--Demonstration/2_Demonstration_Political_Rally_2_5.jpg
14
319.009 234.021 26.0268 41.8178 0.997579
748.748 411.434 29.5378 36.5444 0.996709
689.417 399.35 32.3216 40.5687 0.995901
434.998 120.809 35.8182 49.0384 0.994159
181.774 232.565 33.1675 41.2836 0.994079
865.377 450.769 29.2301 36.5272 0.99282
128.982 465.497 31.2578 50.9481 0.959095
596.253 395.838 27.1676 35.4757 0.93633
145.05 492.312 30.4714 44.3748 0.929143
56.6967 298.71 19.0999 21.1313 0.912109
27.1657 484.064 33.7833 41.9963 0.860301
825.162 385.104 27.7996 34.5658 0.85561
103.576 297.773 18.0886 21.469 0.830675
33.4743 259.349 15.9963 19.4729 0.814179
