2--Demonstration/2_Demonstration_Demonstration_Or_Protest_2_117.jpg
31
802.306 457.554 33.1041 33.4391 0.999189
62.0242 413.244 22.6715 30.4118 0.998781
697.244 451.445 33.5428 45.6284 0.998652
608.309 455.447 30.3242 39.8268 0.998205
436.742 428.239 26.3454 31.8638 0.998199
515.187 438.63 26.2323 36.6549 0.998142
935.938 472.615 32.8686 40.2234 0.998078
164.32 418.327 23.4685 27.8484 0.998031
14.3741 525.646 27.0197 32.8615 0.997984
596.29 430.983 25.0335 34.0871 0.997195
661.12 416.096 28.7375 40.7271 0.997039
911.911 610.11 33.7896 43.3226 0.996786
371.01 421.114 25.8112 33.1679 0.996454
281.151 438.181 23.2882 30.9699 0.996253
626.058 411.449 23.6679 30.4571 0.996135
371.523 368.048 14.9218 17.3619 0.995964
199.099 366.141 14.5782 17.0656 0.995678
990.741 264.656 18.3351 23.2284 0.9944
881.761 491.793 36.5019 44.1288 0.994249
779.64 529.399 27.7871 30.9099 0.991678
173.088 387.645 18.8348 22.7917 0.990977
277.001 336.346 13.5274 15.4129 0.988664
225.756 413.633 23.1192 30.1667 0.987607
129.592 429.148 19.1218 24.0923 0.987401
970.18 431.54 27.363 34.0669 0.977851
184.068 343.25 13.8099 16.8583 0.975244
139.094 344.811 14.3745 17.0721 0.958142
363.303 346.658 12.8962 14.7931 0.952346
434.892 330.896 11.9547 14.6399 0.926916
297.518 352.124 12.9297 15.8541 0.891093
338.418 406.594 22.7876 28.8235 0.869285
