2--Demonstration/2_Demonstration_Demonstrators_2_188.jpg
12
776.234 1081.89 115.955 115.456 0.999731
287.512 338.751 39.4325 52.3427 0.998808
220.465 347.872 51.0465 57.5609 0.997815
189.567 288.725 37.1003 46.4381 0.997803
0.686382 422.743 39.9129 48.7188 0.997334
149.235 412.103 47.1329 60.5162 0.996473
482.286 383.438 40.7367 49.5612 0.995878
875.849 367.491 31.1718 39.3376 0.995843
373.637 454.674 97.4943 124.789 0.994916
223.465 242.188 37.4574 46.1518 0.974788
1005.23 365.039 22.3725 27.4288 0.917863
390.176 346.023 38.5797 47.7625 0.830929
