2--Demonstration/2_Demonstration_Protesters_2_56.jpg
11
488.929 469.497 77.4264 87.7358 0.999517
624.415 332.881 66.3356 80.0946 0.999423
743.232 436.933 73.8226 81.7728 0.999353
391.243 397.42 69.3263 92.196 0.999315
236.973 395.793 56.849 64.0791 0.999306
881.208 278.148 63.8976 85.5601 0.999261
814.734 197.818 59.0991 75.7863 0.99855
284.366 546.831 54.3532 67.7915 0.982041
682.195 236.327 17.9665 22.6836 0.95481
460.138 320.721 45.6916 62.2931 0.925509
79.6836 404.368 47.6439 61.4608 0.892379
