2--Demonstration/2_Demonstration_Demonstration_Or_Protest_2_120.jpg
53
916.305 392.758 18.1691 21.181 0.999685
958.742 397.938 16.7122 18.4423 0.999661
817.089 394.201 18.5672 20.5886 0.999646
837.047 385.617 15.7919 18.5783 0.999624
1.91534 490.064 84.3991 79.0582 0.999548
747.446 377.818 16.997 18.7126 0.999084
979.654 369.511 18.2821 19.0285 0.999037
360.144 283.361 15.3782 18.6204 0.998914
855.216 350.522 13.3804 14.9678 0.998809
715.549 428.399 23.0011 28.7571 0.998569
773.773 362.507 14.5676 15.8944 0.998349
932.457 474.588 29.7577 35.2518 0.998335
722.834 396.459 17.4016 20.1333 0.998313
918.387 342.03 14.4 15.5479 0.997854
909.873 373.676 17.5596 18.6144 0.997768
891.225 394.881 20.5969 23.0029 0.996995
960.104 348.101 16.382 18.4254 0.996842
691.495 362.191 12.5856 15.7262 0.996715
120.671 294.857 14.4578 17.7796 0.996397
964.897 581.754 51.3131 50.4499 0.996377
981.727 417.808 26.7099 27.1077 0.995953
660.201 444.463 28.444 30.6977 0.9953
797.01 378.255 16.873 18.8063 0.995075
395.845 260.124 13.9663 21.1913 0.994929
935.3 426.485 25.386 25.3136 0.994879
860.782 418.253 24.49 26.6173 0.994757
806.183 322.385 11.894 14.2881 0.994696
1001.99 370.936 14.3435 17.8442 0.994271
28.7331 286.379 14.8287 17.1218 0.993716
721.201 563.874 35.7999 39.7854 0.993674
723.247 337.573 12.2791 13.9958 0.992328
779.305 338.156 12.3786 14.3594 0.991855
504.289 267.388 19.3004 21.9566 0.991645
868.153 390.483 17.029 18.8802 0.991567
274.438 288.556 13.3317 15.3951 0.991191
989.652 342.385 14.4698 16.0798 0.990404
994.273 480.543 33.7704 37.1098 0.990296
483.27 293.562 23.9128 27.4903 0.990182
901.696 509.233 39.1361 44.8103 0.989179
820.996 512.927 28.7264 38.0415 0.984492
289.184 300.758 14.5968 16.0894 0.98112
757.456 326.295 12.4675 14.8341 0.980032
560.468 328.223 12.138 14.1343 0.976192
468.867 254.508 21.8368 26.4888 0.971837
894.149 327.828 12.084 13.7101 0.96747
836.39 466.871 24.3886 31.0481 0.965471
336.221 360.29 16.1366 21.9467 0.956874
882.742 354.597 13.9145 16.7407 0.944351
582.267 336.113 13.3579 14.9394 0.917493
869.832 352.333 11.4688 15.016 0.84675
220.682 269.61 15.6158 17.9158 0.838313
-0.699208 302.178 14.4178 15.1357 0.832179
748.409 362.096 14.1374 15.6086 0.809961
