2--Demonstration/2_Demonstration_Demonstration_Or_Protest_2_1.jpg
36
608.03 247.375 41.9105 57.8867 0.999
481.271 31.2493 35.0043 46.1347 0.998858
848.778 92.6901 35.8464 41.787 0.998601
347.884 10.7544 37.7114 44.1381 0.998596
206.336 126.792 43.6017 55.7306 0.998199
299.948 264.848 37.0266 43.6024 0.998013
223.216 -2.20585 35.1195 46.041 0.99791
204.858 243.334 46.217 52.36 0.997903
964.201 173.254 36.6553 40.4577 0.997797
957.195 272.795 43.5501 56.6037 0.997554
409.116 249.712 39.1141 46.4889 0.997515
479.74 284.151 43.7135 55.6764 0.997321
897.006 119.3 38.902 43.1159 0.997264
320.503 475.49 45.3968 56.1137 0.996897
105.005 299.191 50.3212 48.3113 0.996474
305.103 514.998 44.8744 71.2427 0.996331
356.988 259.671 39.1306 48.1556 0.995899
543.824 155.396 15.47 18.7033 0.995722
517.27 473.835 40.2056 45.7902 0.995475
813.634 523.386 45.849 58.5619 0.993884
778.769 257.377 42.714 59.0001 0.992883
565.606 237.351 36.4119 44.9798 0.992804
743.818 579.379 34.8845 53.7564 0.986471
530.36 266.853 33.2098 47.2829 0.985712
615.63 527.035 43.2826 56.4163 0.977296
890.79 254.477 39.884 46.8924 0.968045
924.189 271.006 36.4164 49.7486 0.967937
146.225 239.556 34.492 49.3504 0.965278
118.407 482.83 41.3847 61.0328 0.955279
227.189 551.212 17.33 21.0108 0.921072
903.902 257.011 41.4709 59.1532 0.914994
481.782 252.251 33.1551 38.0553 0.898819
172.914 167.537 34.7121 47.4133 0.896695
185.393 599.448 41.2816 67.8211 0.874286
744.762 284.492 31.1345 39.8531 0.825196
195.302 498.18 31.7992 32.8261 0.82217
