2--Demonstration/2_Demonstration_Political_Rally_2_117.jpg
14
633.658 202.284 23.3542 34.7799 0.999241
587.742 195.629 32.7632 42.1102 0.998473
791.35 214.075 23.6371 27.1916 0.998437
379.237 213.864 29.6918 36.0758 0.996121
64.9055 198.183 18.5438 24.9517 0.994314
837.934 204.457 27.8984 35.8104 0.993942
287.262 195.432 23.0232 32.4123 0.992875
22.9044 203.702 23.8903 28.4206 0.984113
123.638 218.578 14.9681 23.2297 0.983517
729.064 219.08 27.324 38.0995 0.979479
807.145 189.166 12.5275 15.7684 0.95707
452.973 195.02 12.414 17.4606 0.954525
780.952 203.919 14.1654 17.3354 0.945695
877.209 200.547 21.6716 38.0073 0.928465
