2--Demonstration/2_Demonstration_Protesters_2_618.jpg
22
598.47 14.3161 48.4994 57.6457 0.999446
321.588 87.8943 47.608 63.2706 0.999328
365.209 165.605 51.9463 70.2904 0.99911
242.068 48.4692 44.173 55.6898 0.999024
518.371 170.227 51.1238 65.8077 0.998911
704.956 43.4747 43.2831 57.7844 0.998882
936.262 163.036 48.1921 58.3428 0.99883
147.135 72.925 44.8107 55.0229 0.998539
251.389 238.591 54.6939 63.7734 0.99844
813.846 -8.36185 47.2155 58.5362 0.99841
961.909 47.4553 45.0204 54.3388 0.998024
483.641 16.4662 41.1461 54.598 0.997945
-5.29889 16.7908 44.152 53.215 0.997857
459.639 256.775 62.4954 77.5977 0.997835
445.19 190.686 50.5143 59.886 0.997725
820.343 237.842 51.3001 58.9077 0.997261
849.577 253.856 53.122 83.9969 0.995766
604.545 144.933 54.939 75.1703 0.99574
-17.9021 162.737 49.9804 65.8534 0.985771
453.386 -17.3735 29.8361 42.1819 0.897151
833.224 6.26608 36.375 49.9326 0.888619
376.323 -17.3722 31.1631 41.8899 0.858644
