2--Demonstration/2_Demonstration_Demonstration_Or_Protest_2_159.jpg
13
820.577 345.707 102.27 105.674 0.99922
426.875 180.065 46.4916 60.3502 0.999032
669.374 382.382 32.7139 44.0169 0.998414
584.212 342.512 54.0571 73.8269 0.998178
170.548 159.753 52.7188 62.3506 0.99715
265.982 375.219 58.9567 61.6866 0.996962
215.319 417.564 16.4133 22.4652 0.995772
562.862 392.676 29.4334 37.086 0.992593
526.385 414.808 34.7431 39.0239 0.968221
320.437 393.88 29.7594 43.1003 0.965405
242.527 398.33 24.2858 36.6139 0.951083
465.621 380.972 16.9998 24.5699 0.903419
288.488 196.268 23.4576 29.4421 0.848529
