2--Demonstration/2_Demonstration_Protesters_2_54.jpg
19
419.133 100.235 17.1716 23.7463 0.999225
392.582 75.2828 15.4062 21.0808 0.998583
333.824 65.8212 15.8388 19.8144 0.998569
149.369 207.686 24.8745 29.0993 0.998516
295.564 85.8963 14.6345 19.3521 0.997789
678.604 127.74 19.6271 22.265 0.996438
20.3866 211.763 24.0196 29.8115 0.996051
363.013 79.4494 14.4448 17.3982 0.995737
315.919 144.416 18.3385 21.7415 0.994764
440.076 136.425 18.4705 22.3853 0.991945
524.837 138.265 20.0195 21.4544 0.986622
171.993 162.544 18.5953 23.809 0.980646
870.515 138.397 15.7338 19.3217 0.977026
16.505 162.848 19.6126 22.5004 0.976541
599.856 142.469 18.702 21.524 0.96942
521.55 68.6948 16.6339 21.8748 0.968634
410.368 268.73 24.6137 29.7846 0.93963
225.534 161.49 23.557 27.0438 0.922415
811.185 106.779 17.4443 21.6458 0.860466
