2--Demonstration/2_Demonstration_Political_Rally_2_335.jpg
114
554.559 564.539 76.2069 94.862 0.999627
608.687 411.973 58.2105 52.3668 0.999457
250.657 553.345 69.397 89.5639 0.999303
616.49 81.9918 29.589 34.5768 0.999224
734.831 445.734 62.3631 79.5977 0.999193
-7.39874 492.598 58.4176 66.3394 0.999157
822.139 480.324 72.1537 80.1377 0.999143
210.557 282.142 47.9973 65.5079 0.999054
6.84916 331.435 47.2182 60.5083 0.999052
785.416 564.711 70.8234 88.3605 0.998942
730.342 80.1643 29.3582 35.1927 0.998883
665.681 65.6335 26.6266 30.1015 0.998823
247.591 94.4324 24.6147 37.2808 0.99876
403.789 258.377 52.8674 64.885 0.998751
704.04 318.809 48.3471 60.5423 0.998685
326.425 106.958 29.8536 35.4566 0.998649
108.566 149.181 27.8679 31.3759 0.998544
270.512 262.626 50.1157 61.7005 0.998543
-0.528289 402.786 60.8946 67.9949 0.998483
33.1188 219.286 32.7806 43.8084 0.998461
380.598 335.64 51.5069 60.3836 0.998301
312.441 325.762 52.2068 65.5005 0.998158
909.091 8.0051 17.7515 21.3207 0.998133
481.02 444.241 49.6512 66.3919 0.998072
670.76 417.078 59.8135 68.7376 0.998016
69.5403 90.5041 26.5677 29.0695 0.997911
352.226 500.166 62.3196 78.8523 0.997787
473.938 176.016 34.0597 40.6648 0.997725
845.678 217.174 40.7335 43.6493 0.997603
752.546 176.714 36.6351 44.4901 0.997555
894.9 339.47 51.8343 67.1866 0.997362
241.033 177.764 32.8734 37.1245 0.997231
277.509 431.37 52.6757 61.6131 0.997207
606.68 163.032 34.2033 42.7899 0.997097
658.174 130.046 31.4394 36.8731 0.996869
862.334 65.6594 24.9709 28.4204 0.996867
61.2307 139.629 35.7871 42.439 0.996847
329.615 429.358 66.9324 68.913 0.996731
942.332 117.843 29.5026 36.1103 0.996688
569.466 329.099 47.7449 55.8429 0.995761
987.833 6.67532 18.8407 22.0857 0.995659
338.656 57.2367 23.2563 30.3385 0.995632
272.53 326.523 44.1209 55.165 0.995429
578.526 62.865 28.1828 28.7406 0.99539
109.387 267.803 46.8253 53.0852 0.995381
481.838 128.724 29.5124 36.2318 0.995054
58.8873 394.55 56.8282 68.0774 0.995021
145.643 149.557 28.8355 40.526 0.995013
443.842 153.551 30.2581 42.069 0.994866
337.924 152.44 28.0788 39.3791 0.994586
879.682 150.661 30.4284 39.2599 0.994411
36.6801 78.4427 26.0792 32.4781 0.994381
887.806 219.588 35.874 42.0192 0.994101
271.441 194.168 32.5901 42.5197 0.993721
134.667 481.362 46.0109 73.5271 0.993489
874.2 307.859 42.7086 56.2114 0.992927
137.428 99.4924 28.8483 33.856 0.992363
858.504 118.062 23.7292 29.2267 0.991899
447.144 376.981 44.8189 57.9782 0.991727
474.71 294.563 43.9284 56.6589 0.991293
741.31 143.456 26.7001 34.3676 0.990931
170.642 190.546 40.6909 44.7589 0.99083
574.71 139.46 32.7827 37.0938 0.989753
519.161 198.776 31.4686 43.5204 0.989618
337.211 277.264 51.6142 64.6461 0.989487
929.772 404.829 48.5321 58.1159 0.989386
31.7442 147.941 27.033 33.0091 0.98935
776.469 200.675 35.2889 45.7648 0.988913
65.3109 208.878 36.7472 47.0123 0.988458
31.4451 37.6848 17.2115 21.3028 0.98704
932.284 32.3009 16.0613 19.758 0.985795
918.856 197.066 34.4567 42.0261 0.985326
547.14 221.747 38.2971 45.9395 0.985075
843.44 170.564 37.0156 43.132 0.984695
554.816 479.134 62.7264 76.163 0.982662
301.11 105.202 26.1743 35.3348 0.982317
697.183 214.217 36.2741 43.4356 0.982128
82.2702 235.436 45.0621 53.9333 0.981921
663.064 179.76 39.7158 42.7144 0.980868
660.077 234.237 41.723 45.6378 0.977494
232.705 230.954 39.8353 44.6662 0.977046
13.7278 32.9372 19.2958 21.5626 0.974965
815.618 75.0845 26.0527 29.0327 0.973128
755.147 253.579 39.4719 44.9248 0.97264
-13.1211 234.141 41.8532 44.8187 0.972438
647.848 81.7913 22.798 31.172 0.970398
489.262 244.49 43.9723 51.9065 0.970021
769.894 156.731 33.8301 38.375 0.967676
833.015 59.4456 19.4058 22.3719 0.965606
15.9118 53.6635 17.9092 21.3992 0.964523
459.026 114.169 24.4341 33.8332 0.959901
143.02 229.956 34.3397 40.7353 0.950639
-11.9741 141.625 33.9603 39.2003 0.947587
-6.05863 74.2781 24.7798 27.4408 0.945643
179.02 26.9988 16.9972 22.8127 0.942441
155.616 259.189 38.1003 46.7664 0.941281
62.9589 64.3559 26.1897 29.0709 0.938017
27.8852 -3.43183 18.5363 20.1362 0.930355
187.625 265.182 34.3047 49.9801 0.916204
506.661 375.792 52.4398 64.2931 0.915972
170.142 77.9404 19.6444 22.4227 0.913495
777.088 53.2317 22.4364 30.7831 0.906604
818.923 108.596 27.2881 33.6968 0.903309
566.829 117.045 25.3994 29.7836 0.896942
906.543 65.4657 17.5614 22.0314 0.879718
-25.8836 562.82 75.2717 92.4225 0.873869
684.977 121.386 26.0916 33.4582 0.873112
210.957 11.5989 16.3959 21.0427 0.866835
408.26 92.5606 21.3246 30.7664 0.852411
713.76 77.8638 16.3454 20.4062 0.839974
738.143 28.17 17.2731 21.0434 0.838843
304.062 53.3965 17.4772 22.1599 0.834924
361.41 160.96 38.1544 38.4037 0.834519
716.872 9.75529 13.3241 17.4626 0.814643
