2--Demonstration/2_Demonstration_Demonstration_Or_Protest_2_360.jpg
31
681.504 561.442 28.0166 33.211 0.999118
651.287 618.836 51.2492 59.018 0.999076
857.113 600.263 62.854 73.24 0.999038
952.864 582.157 54.8901 66.8044 0.998277
619.515 594.04 28.2015 37.1835 0.998228
193.754 631.474 50.6078 55.2744 0.998081
513.406 600.714 45.5072 57.4321 0.997919
477.001 577.889 28.7681 36.9341 0.99779
561.603 643.628 52.8935 55.5769 0.997043
777.74 585.693 25.6094 30.1406 0.996732
144.42 603.164 30.4758 37.3925 0.993333
664.848 544.928 17.331 19.9841 0.992738
54.979 634.508 58.7333 66.0966 0.989277
788.317 626.485 33.089 37.8188 0.988672
582.607 556.926 24.5639 28.5738 0.9872
500.058 553.114 23.3202 29.9536 0.981255
318.78 564.896 19.8223 24.0398 0.979817
645.718 572.438 18.5719 20.9556 0.975347
537.723 542.983 20.0194 22.7941 0.968043
798.029 531.414 15.7611 18.5283 0.967993
518.946 530.842 14.081 16.6208 0.967207
615.235 549.143 18.4631 21.9248 0.948019
337.265 555.724 15.4781 19.4959 0.947184
555.18 568.947 23.9705 27.6018 0.932164
327.456 646.645 38.8882 47.8769 0.928961
390.714 624.709 47.9273 62.6524 0.926427
780.892 551.813 22.7984 26.8103 0.904916
435.836 579.606 15.9169 18.1025 0.897337
99.8189 594.88 25.4417 28.5876 0.88864
368.941 579.866 15.8649 20.6705 0.819736
819.527 537.81 17.5549 20.7475 0.80355
