2--Demonstration/2_Demonstration_Political_Rally_2_57.jpg
27
944.479 170.104 27.8659 36.1823 0.999328
894.965 256.336 34.6791 43.6733 0.998587
211.797 145.611 34.425 46.8185 0.998569
781.556 147.366 30.6602 41.997 0.99855
384.677 123.517 28.5999 36.8532 0.997761
587.062 134.445 33.8224 49.6653 0.997681
917.794 171.707 25.394 34.5964 0.99736
756.995 144.7 29.3638 38.8027 0.99733
277.843 145.898 28.3568 39.3151 0.997304
146.178 133.513 32.6061 39.4199 0.997086
527.314 156.348 30.4349 38.4376 0.997039
492.439 166.778 33.4018 42.0231 0.996799
274.973 204.064 32.2834 41.9338 0.996082
359.156 141.991 34.0391 41.7525 0.99585
77.8355 140.711 33.0674 47.4687 0.995369
257.524 130.318 22.7244 31.1585 0.993283
663.701 182.451 29.9538 40.9008 0.9925
6.35477 129.545 23.4476 34.2843 0.989872
826.378 123.458 30.9524 42.6728 0.988204
443.944 77.7997 21.7129 28.0031 0.98572
101.398 120.646 31.3727 36.7944 0.981924
102.747 152.753 25.2758 35.277 0.97276
926.896 220.405 25.5521 30.2175 0.961916
486.204 135.186 23.0787 29.8569 0.955643
463.328 152.885 23.8213 34.9909 0.907986
932.546 154.766 22.8291 30.3784 0.869561
639.27 148.865 24.2563 34.7974 0.858939
