2--Demonstration/2_Demonstration_Protesters_2_738.jpg
11
461.287 103.087 108.083 126.376 0.998841
727.438 1013.55 119.95 158.943 0.998747
241.527 870.739 123.278 154.707 0.998602
925.486 1028.18 147.811 192.488 0.997378
218.346 26.5628 79.3964 103.993 0.99717
772.92 175.038 64.7709 95.8715 0.994077
814.172 79.9233 41.7303 51.3544 0.992855
671.881 676.661 41.2155 55.0627 0.989724
304.926 56.9666 60.1986 76.9317 0.989097
-74.4597 1206.59 184.769 228.096 0.975551
14.0358 730.058 44.344 50.5877 0.846486
