2--Demonstration/2_Demonstration_Demonstration_Or_Protest_2_771.jpg
12
468.47 130.339 99.875 133.244 0.999374
671.603 473.301 27.1595 34.5364 0.997133
255.792 276.375 13.6259 16.5029 0.978153
341.749 318.293 17.7333 20.0089 0.964203
293.574 285.74 15.4261 19.045 0.957027
730.681 175.638 23.1576 33.0084 0.953609
179.708 95.9792 32.1 44.1661 0.940984
800.542 496.098 23.1943 28.1151 0.925048
663.602 176.677 24.783 38.1772 0.92455
755.425 166.793 21.8741 32.4673 0.893173
271.668 301.594 14.7024 17.5229 0.841236
132.533 455.332 23.593 28.4721 0.835441
