2--Demonstration/2_Demonstration_Demonstration_Or_Protest_2_32.jpg
16
524.795 1150.66 61.8138 92.1536 0.999456
726.823 1103.93 61.7446 72.0458 0.997795
455.154 1067.19 50.2126 65.5239 0.996957
288.167 1078.91 41.4132 62.2992 0.996286
516.204 1060.43 30.8881 39.8673 0.99608
242.39 1241.69 84.8968 114.017 0.995669
627.189 1063.19 30.6095 40.1254 0.993327
428.174 1033.6 32.7397 43.6323 0.993191
702.344 1102.61 40.1517 60.8625 0.991118
169.834 1092.3 51.3473 68.4857 0.990608
311.001 1094.48 57.144 82.3203 0.987321
49.6152 1046.85 43.481 55.8976 0.985272
529.068 1112.48 39.171 54.5459 0.984257
270.259 1058.52 39.2398 53.903 0.960235
335.135 1033.74 31.641 36.9808 0.953581
865.169 1106.95 33.9858 39.8711 0.890629
