2--Demonstration/2_Demonstration_Political_Rally_2_746.jpg
12
585.48 368.35 66.4634 76.6747 0.998451
583.778 90.4113 73.487 85.4154 0.998131
57.576 2337.18 41.2924 54.4758 0.997336
511.585 356.975 64.7616 78.6321 0.996932
355.177 2331.13 89.6608 99.8911 0.996828
169.319 2374.1 87.5464 107.309 0.995593
780.285 1349.94 69.8702 100.004 0.995535
851.223 2260.79 60.171 76.0771 0.992161
967.642 126.827 39.804 54.3197 0.988308
201.556 2253.77 40.8455 56.568 0.942591
594.996 2299.45 29.7521 37.3229 0.919634
714.521 1375.63 38.6683 52.7136 0.899176
