2--Demonstration/2_Demonstration_Protesters_2_684.jpg
25
736.865 435.056 16.0391 21.9741 0.999082
910.097 417.542 17.6054 21.693 0.997751
739.061 379.113 13.3649 16.1884 0.997485
772.962 414.245 15.008 19.1316 0.996717
950.869 475.77 23.2275 28.3999 0.996187
662.511 443.25 16.9846 19.8421 0.996175
230.911 424.579 16.7867 19.1263 0.98784
828.587 453.431 18.0201 21.8635 0.983244
648.252 350.653 12.204 14.8538 0.978827
205.297 372.022 13.5045 16.0395 0.977367
306.229 390.023 15.0451 18.6004 0.974319
869.312 430.504 21.9184 27.7291 0.969808
108.643 497.878 18.2465 23.2038 0.965227
358.829 433.599 15.4797 17.355 0.960568
859.316 388.601 15.1217 20.4309 0.959285
688.622 330.097 11.6054 14.4774 0.951267
846.248 571.145 61.3369 65.3389 0.931692
395.869 361.913 11.5793 13.3021 0.929494
337.684 353.946 11.8963 13.8119 0.924204
370.909 353.784 12.1349 14.8877 0.907325
602.397 481.649 20.4032 19.5219 0.888446
77.5507 402.648 13.485 15.9573 0.855899
1003.48 311.366 13.376 15.7004 0.848382
686.266 547.796 18.0605 23.3379 0.844513
573.83 361.595 12.1051 14.5667 0.82728
