2--Demonstration/2_Demonstration_Demonstration_Or_Protest_2_140.jpg
98
532.473 491.683 15.3608 19.8516 0.999924
785.103 561.133 17.7553 20.4974 0.999871
768.8 541.718 17.6087 21.3041 0.999841
248.646 563.416 15.5887 19.0891 0.999788
592.164 458.599 13.3676 15.7279 0.999758
493.811 475.807 14.441 18.2294 0.999737
681.925 477.173 14.3834 16.4936 0.999702
638.824 384.742 12.6511 16.1834 0.999627
547.28 525.118 16.0312 19.0709 0.999579
450.778 485.133 14.2572 17.9365 0.999577
280.676 525.111 15.3398 18.6429 0.999563
761.535 595.783 17.7621 20.9961 0.999495
523.692 526.606 15.2765 18.0585 0.999422
549.204 476.549 14.2189 17.5506 0.999289
637.831 487.451 14.82 18.8804 0.999246
742.072 548.475 15.9108 19.7986 0.999205
412.845 562.758 16.8133 20.2325 0.999118
802.718 644.258 18.0754 22.3513 0.999049
203.421 540.441 15.2689 19.493 0.998984
522.717 575.473 18.1941 22.8544 0.998702
956.108 589.656 18.2991 22.2348 0.998509
756.475 578.326 16.1704 19.8964 0.998423
180.327 615.296 18.37 21.0865 0.998399
739.963 396.33 12.3609 15.3044 0.998351
374.595 632.679 19.609 23.2059 0.998209
615.805 527.275 17.5754 21.6939 0.998176
600.165 380.536 13.0002 15.3859 0.998175
623.201 377.371 11.9333 14.5021 0.997863
138.042 584.979 18.1488 23.5396 0.997703
712.322 573.021 14.2244 17.1115 0.997508
843.409 630.743 24.8358 31.6633 0.997457
332.219 607.163 19.8791 23.8006 0.997455
721.405 313.09 11.618 14.2696 0.997287
157.161 544.764 14.9744 19.2311 0.997254
512.513 386.72 11.8244 14.5366 0.997241
244.264 606.949 16.1523 20.3129 0.99707
303.966 557.868 16.2397 20.3574 0.996888
303.471 607.842 14.1524 18.7479 0.996836
724.889 474.537 14.1579 17.0446 0.996805
576.525 329.534 11.242 14.5429 0.996685
954.657 640.677 25.6799 28.8641 0.996201
564.723 468.109 12.5375 14.677 0.996172
558.525 355.4 12.4149 14.3981 0.995737
232.232 464.838 14.7233 19.1964 0.995696
852.987 264.434 11.0794 13.2078 0.99559
331.668 520.66 15.3457 19.2316 0.995563
687.131 415.549 13.0129 16.7179 0.995439
685.058 505.642 16.2948 18.1554 0.995327
672.887 368.602 12.1631 14.4445 0.995285
558.728 503.097 14.185 19.4361 0.995282
429.963 620.888 19.4709 22.039 0.994872
300.369 520.736 15.8871 18.5586 0.994704
721.434 628.269 18.0882 20.6063 0.9946
833.942 542.059 15.773 19.0328 0.994285
805.857 568.764 14.9611 22.2605 0.994001
896.637 280.713 11.5426 14.3354 0.993353
376.33 509.69 14.7624 19.1818 0.993047
763.64 622.626 17.8153 22.9986 0.993
548.491 395.339 11.9753 15.6883 0.992976
623.601 628.011 19.2695 20.5338 0.990381
552.624 418.06 11.8341 14.8135 0.989792
859.509 597.283 16.9289 18.6219 0.989334
381.52 475.986 13.5805 16.185 0.988223
451.808 643.609 16.8433 20.2334 0.986162
696.742 589.027 16.6103 19.6912 0.982231
364.729 598.561 17.3694 19.4781 0.980939
914.931 603.574 17.6109 18.9521 0.979769
648.685 529.216 15.3361 16.9081 0.978612
571.011 538.072 16.4659 19.0086 0.976978
454.751 395.728 12.9438 16.0016 0.975233
702.449 463.569 14.7154 18.222 0.974185
778.933 523.985 14.4714 16.5509 0.974134
802.84 302.671 12.4233 15.592 0.96048
557.378 386.3 10.999 14.1031 0.957016
414.986 476.251 15.9375 19.5199 0.955966
909.783 578.563 15.662 18.8407 0.955771
386.59 618.666 17.5206 20.5344 0.953969
609.416 433.668 13.1381 16.3382 0.948825
377.242 571.821 15.6939 18.9279 0.948135
858.512 287.734 12.6545 15.683 0.932765
750.144 286.951 11.2419 13.6935 0.923032
512.059 501.366 13.51 18.9566 0.919433
783.123 262.988 11.9949 14.6178 0.906777
583.557 312.862 10.9844 13.6088 0.906597
821.646 273.16 12.9325 14.7025 0.906151
967.795 263.757 11.8601 14.2238 0.897423
709.136 387.425 13.1005 15.7101 0.894863
930.916 644.463 16.8654 21.5086 0.881686
927.856 324.257 14.1889 16.8803 0.872842
690.269 270.777 11.5419 13.7219 0.856581
219.584 621.613 17.7818 20.5382 0.840767
631.093 471.947 14.1891 17.1433 0.833669
185.151 653.861 18.4942 20.0945 0.831629
232.714 485.789 13.1099 16.4531 0.82836
860.19 322.655 13.2261 14.9824 0.823939
906.657 644.549 23.9832 28.1845 0.817235
606.648 657.446 24.1636 30.2262 0.809496
672.549 542.506 14.3115 19.2818 0.805847
