2--Demonstration/2_Demonstration_Protesters_2_163.jpg
12
366.733 153.545 16.2018 20.0656 0.998489
219.409 124.807 36.0093 46.1772 0.986555
50.3467 177.573 18.7436 21.1238 0.977754
962.393 15.6808 19.7164 20.7103 0.97642
499.071 123.557 11.9179 14.6017 0.972688
689.867 149.569 11.3734 14.1017 0.962681
590.037 124.3 11.2979 14.1614 0.960546
428.35 133 12.2186 14.7905 0.943839
306.368 163.86 13.7031 16.4053 0.942576
805.919 116.048 12.2647 14.4114 0.926896
157.703 185.901 16.7463 22.4783 0.872141
539.494 124.226 12.2067 15.1771 0.825154
