2--Demonstration/2_Demonstration_Demonstrators_2_181.jpg
17
75.6742 529.285 59.6859 79.3855 0.999296
279.092 528.767 18.8403 23.8923 0.998316
661.304 522.42 38.3426 49.3999 0.99827
941.409 543.733 34.724 44.7838 0.997637
882.143 594.485 47.4805 60.0026 0.995229
463.55 532.12 16.7258 19.5909 0.99436
847.345 502.613 23.6013 29.3434 0.992489
231.463 544.857 21.8944 26.8001 0.991742
530.329 562.963 22.3895 31.2428 0.982555
544.611 513.203 15.2756 18.4811 0.974291
410.677 531.008 26.9848 34.7863 0.972673
259.319 530.45 15.973 18.8011 0.970973
717.073 515.279 23.3244 27.6179 0.96112
759.497 563.7 30.4168 35.9575 0.948358
783.971 500.216 18.3651 23.7129 0.830351
186.155 555.65 20.3818 25.6362 0.824574
337.499 532.952 15.4649 19.1779 0.803484
