2--Demonstration/2_Demonstration_Protesters_2_525.jpg
100
810.565 228.051 14.6465 18.7123 0.999828
764.745 302.864 15.6929 19.5808 0.999718
849.068 367.071 17.2396 21.464 0.999624
671.797 321.522 15.5741 20.2274 0.999347
847.713 425.89 25.9904 30.5699 0.999081
53.4426 432.108 27.5492 35.2498 0.99902
712.94 308.562 15.6961 18.8014 0.998934
659.359 484.588 31.5015 38.5091 0.998913
833.75 340.754 15.0317 18.8668 0.998911
638.741 297.843 14.6614 17.1354 0.998862
501.284 318.063 13.4369 16.5426 0.998859
468.113 328.864 15.957 18.4671 0.998595
481.946 435.359 28.5267 35.3728 0.998576
317.907 326.134 15.6888 19.0963 0.998531
552.72 485.62 30.1682 37.5581 0.99852
967.415 249.823 15.4154 18.6749 0.998157
455.109 270.486 11.3711 13.9357 0.998067
783.27 317.903 16.0548 19.0904 0.99764
656.334 427.16 27.3504 30.3263 0.997423
105.315 353.174 17.5831 19.79 0.997355
232.739 487.711 26.6276 29.4589 0.997338
325.323 414.702 25.6707 30.1771 0.997283
994.197 460.3 28.8101 33.7031 0.997051
250.368 370.716 19.681 23.3803 0.996862
203.121 379.544 23.2997 30.8464 0.996743
762.484 400.302 24.77 29.2286 0.996545
526.356 277.162 12.7563 14.7931 0.996369
389.383 437.04 22.3968 29.4809 0.996338
298.746 491.334 29.2011 33.1209 0.996024
479.777 398.85 17.9418 21.8814 0.995615
250.139 312.449 12.3785 13.9393 0.995607
759.206 458.963 27.8081 32.8421 0.995578
524.567 396.162 17.8341 21.7549 0.995478
958.98 235.886 13.724 15.9652 0.995391
475.287 294.646 12.8568 15.0576 0.995185
225.601 312.512 12.2956 15.5516 0.995149
998.134 397.615 22.235 28.8219 0.995096
592.192 343.573 16.776 19.6429 0.995092
916.334 479.604 33.2082 37.4479 0.994723
578.129 403.473 23.9885 28.8112 0.994718
879.516 520.074 34.9581 42.8613 0.994686
722.213 225.434 14.1532 17.4943 0.994243
145.872 341.609 13.8774 17.2915 0.994067
947.875 433.211 25.2195 28.3948 0.993682
542.782 289.545 12.4395 14.494 0.993485
80.0598 380.654 19.7905 23.6809 0.993
615.368 212.687 13.1996 16.2968 0.992931
861.773 329.6 14.7345 18.4242 0.992792
718.1 332.914 14.9677 18.5803 0.992683
685.415 220.222 15.0545 18.9852 0.992593
416.114 515.012 28.2379 38.2516 0.992112
864.971 228.555 13.9049 17.2799 0.992058
31.5792 321.024 13.6539 16.3023 0.991675
769.568 219.383 13.8091 16.5851 0.991484
81.4889 317.307 13.6547 16.6788 0.991462
0.264108 372.146 22.1112 28.5424 0.991053
597.943 212.465 12.5526 15.6109 0.990975
763.441 511.945 27.2971 38.7525 0.988422
949.908 348.011 22.776 28.63 0.987716
644.286 219.205 12.8259 16.5227 0.986174
918.701 375.987 22.1289 26.4406 0.985221
412.237 313.652 13.3374 15.0877 0.984811
776.109 235.373 14.0994 17.0652 0.982489
780.282 343.859 18.0396 19.1037 0.982439
386.335 347.447 15.0655 21.4368 0.981399
1005.44 238.66 16.0007 20.1071 0.979611
83.1104 517.191 27.2595 26.8335 0.976544
310.607 384.292 19.2996 24.7609 0.975567
360.776 306.129 14.1009 17.0422 0.971622
714.102 360.541 21.4456 27.0161 0.968456
60.739 344.815 16.285 18.8338 0.958321
295.342 312.86 14.1718 18.2326 0.954364
242.622 294.251 12.2598 14.205 0.95429
20.609 336.241 13.3952 16.3917 0.953316
795.598 365.173 19.4242 21.1084 0.951953
632.279 226.853 12.3149 15.76 0.950591
995.157 226.471 13.4426 17.0104 0.950462
265.157 288.138 11.9879 14.2121 0.949901
560.34 328.115 12.9213 16.1297 0.949128
533.867 334.113 16.0494 19.1173 0.946182
889.463 238.719 12.8252 15.3054 0.945531
528.903 556.736 37.3871 43.7366 0.939006
991.329 381.714 18.6364 20.9074 0.937525
124.147 301.706 12.8788 14.4675 0.927456
454.981 309.569 12.8919 15.6627 0.919549
885.786 330.54 13.2471 17.906 0.914427
183.574 337.873 14.345 17.5578 0.91205
419.169 334.813 16.4611 18.845 0.910266
367.717 324.439 15.0182 17.2198 0.909802
501.37 284.294 13.1842 15.4298 0.901955
564.282 303.33 12.5205 15.2952 0.901377
844.464 398.152 17.7754 21.0229 0.88011
370.801 293.484 12.6558 15.0174 0.879161
337.711 349.068 17.8829 21.1852 0.875933
664.069 309.744 13.4641 16.5692 0.869394
-1.64664 344.475 14.5505 17.5333 0.857705
167.836 288.029 11.0495 13.4108 0.850255
560.011 207.967 11.2788 13.4124 0.841726
319.78 294.663 12.1578 14.496 0.836146
214.745 298.609 11.7928 13.8566 0.822249
