2--Demonstration/2_Demonstration_Demonstration_Or_Protest_2_816.jpg
27
349.487 270.006 47.3807 61.6193 0.998932
140.313 284.114 51.474 63.3881 0.998901
678.42 203.408 43.772 53.5753 0.998799
94.1174 69.0814 40.2742 46.196 0.99842
719.858 -0.701352 41.716 56.1572 0.998188
217.75 257.951 49.0131 65.788 0.998076
12.221 168.424 43.8744 53.4334 0.99696
638.786 26.5599 37.2946 41.3848 0.995803
813.455 83.2892 39.4681 47.4989 0.995705
571.406 122.386 47.4114 55.2507 0.99537
493.707 155.916 43.4957 55.0361 0.995048
356.505 398.289 48.5302 60.7705 0.994525
861.411 170.735 42.7955 56.22 0.994042
447.859 66.4947 34.0086 49.9393 0.993608
302.393 149.4 44.3036 53.1343 0.993608
459.386 218.57 48.784 62.6414 0.99302
179.648 196.509 48.4585 61.0659 0.992902
304.033 -15.54 43.7619 57.2748 0.991744
682.341 69.3605 34.2406 45.144 0.987659
878.645 -7.53187 35.8091 46.0303 0.980188
624.765 171.87 42.247 60.5479 0.974601
159.359 -12.0239 36.9928 43.7002 0.969228
792.406 231.498 38.9309 47.8997 0.962571
434.928 198.818 33.0282 53.8563 0.950389
315.69 209.833 45.5596 50.0651 0.947839
780.542 282.475 49.5164 61.9654 0.945706
388.075 -6.61938 31.0452 43.1948 0.84456
