2--Demonstration/2_Demonstration_Demonstration_Or_Protest_2_173.jpg
37
167.667 315.492 46.1064 56.5075 0.99946
50.2841 353.342 48.4127 54.8899 0.999307
273.736 278.665 34.6541 46.3575 0.999231
547.406 169.435 14.5758 17.7021 0.999031
360.607 192.687 16.5028 21.2647 0.998783
318.961 209.02 18.3964 23.6243 0.998667
652.922 207.454 34.755 46.5962 0.998456
845.635 291.042 53.7533 70.1831 0.998367
107.979 246.133 40.8524 56.6599 0.998264
865.552 209.885 44.8051 57.8728 0.997935
256.326 254.11 29.7756 41.487 0.997769
670.155 276.783 47.8774 69.9944 0.996997
353.762 228.85 26.5661 38.1426 0.996157
458.64 228.449 32.9158 44.5689 0.995553
16.3505 240.844 16.513 20.2322 0.995327
672.2 154.937 18.2405 24.4583 0.994607
582.141 234.235 42.9123 56.3703 0.993918
574.655 187.925 17.8484 22.5314 0.993587
774.551 190.819 31.5355 45.7796 0.99333
829.585 165.043 21.4751 30.0636 0.992728
740.111 159.455 21.9443 29.8435 0.991249
504.104 216.855 42.186 61.7461 0.990767
176.489 226.756 18.8478 23.5043 0.990165
252.022 225.047 18.5018 20.1028 0.987976
363.319 293.732 39.9359 58.6101 0.98592
287.912 196.086 15.7785 19.2714 0.985713
222.595 208.155 15.7911 19.6228 0.965945
205.914 240.897 23.1622 28.6738 0.962788
4.00209 215.671 13.0427 16.6933 0.958009
492.425 164.052 12.9342 15.361 0.95766
438.146 194.576 14.4852 18.7334 0.945907
98.228 220.549 16.869 19.9801 0.93596
516.864 156.402 11.8052 14.234 0.909957
641.238 169.484 16.702 23.6578 0.90589
450.67 208.984 23.8691 29.2389 0.886419
134.772 211.903 13.5382 15.9959 0.875858
117.877 219.942 13.8363 16.9949 0.841853
