2--Demonstration/2_Demonstration_Political_Rally_2_609.jpg
30
116.51 237.538 93.3195 135.318 0.998883
156.861 146.264 28.2349 37.5233 0.995542
967.751 347.488 16.2319 20.5049 0.99529
806.987 544.259 25.5526 31.3846 0.994009
384.09 400.5 13.6786 16.9058 0.990836
907.734 431.913 17.0801 21.7491 0.989672
966.493 410.484 16.2524 20.9668 0.987407
940.335 375.003 16.736 20.1202 0.987088
635.613 392.48 16.1416 18.3581 0.984459
964.309 450.705 15.8259 18.6308 0.981707
689.787 413.494 16.3463 19.7233 0.981655
996.783 350.478 16.6383 19.6425 0.976718
885.549 457.377 18.2831 22.9831 0.970095
981.425 489.463 18.7954 22.4328 0.969491
738.148 401.5 14.3841 16.5019 0.96222
640.911 348.927 14.3421 18.166 0.934426
901.833 476.384 15.8833 19.2052 0.927564
767.275 565.243 23.4391 31.4594 0.921766
747.771 370.346 15.2022 19.2353 0.915835
321.165 373.957 13.6509 16.445 0.905781
460.756 366.652 13.8715 15.9984 0.903831
720.705 426.711 14.4551 17.7956 0.90161
490.729 389.771 15.6896 18.1136 0.896283
408.846 418.774 12.7071 14.6448 0.862643
616.366 431.052 14.9251 17.8321 0.852928
997.628 377.175 14.7514 19.2867 0.848172
755.85 450.262 16.9034 19.934 0.837585
664.116 320.575 12.9117 14.7876 0.834866
419.225 394.536 13.0198 15.1969 0.823918
304.109 362.356 12.4305 14.5066 0.800442
