2--Demonstration/2_Demonstration_Demonstrators_2_545.jpg
13
289.62 434.692 29.5519 37.5773 0.991293
255.987 503.046 33.8031 44.1395 0.990008
253.996 404.045 24.5127 32.3099 0.986801
65.0083 431.103 31.0965 42.5211 0.972398
360.92 420.031 22.9882 29.4799 0.967595
414.858 455.207 25.9543 35.3529 0.962747
58.8462 498.008 39.7975 45.0936 0.95435
148.506 420.772 29.8542 33.5563 0.94702
402.316 405.494 18.7874 22.7031 0.937012
793.178 410.858 21.7605 30.5244 0.918914
191.746 413.973 25.2151 33.2281 0.91873
212.126 381.439 16.1417 20.7464 0.875004
100.701 392.742 28.2517 36.0008 0.811197
