2--Demonstration/2_Demonstration_Demonstration_Or_Protest_2_476.jpg
182
81.6003 343.51 17.5656 21.2994 0.999544
492.565 295.179 17.7951 21.2773 0.999483
122.642 360.844 16.0307 20.362 0.999421
190.048 327.086 17.4246 20.9713 0.999113
475.06 283.542 17.2006 22.1693 0.998752
131.295 405.73 16.7747 21.5653 0.998696
8.44818 331.721 16.3326 20.1503 0.998587
138.349 498.01 18.6195 23.2491 0.998362
623.968 563.034 26.1016 30.2829 0.9982
823.522 589.709 26.1577 29.6553 0.997394
826.223 435.262 23.9958 27.4966 0.997216
524.117 469.469 18.6075 22.5877 0.997024
626.451 457.1 23.9417 29.1969 0.996491
321.69 254.195 15.1561 18.3733 0.99645
590.07 387.609 22.7617 28.1051 0.996356
274.65 501.946 21.8299 27.7667 0.996353
138.767 383.44 17.0217 20.4532 0.996209
514.491 397.737 24.3548 28.6219 0.996134
920.898 625.777 23.7798 29.6297 0.996114
227.937 428.199 17.5853 23.1892 0.995924
690.576 377.714 23.083 27.1954 0.995818
878.787 475.854 23.3945 27.6308 0.995789
707.3 549.432 23.8024 30.6411 0.99559
485.875 649.821 32.3527 34.8316 0.995557
500.07 497.171 23.6062 27.2652 0.995557
604.206 335.473 17.3415 21.1691 0.995556
125.643 292.556 15.6677 18.314 0.995428
523.4 567.488 23.1454 30.2055 0.995283
185.86 431.667 17.9574 21.3699 0.995281
82.3497 421.606 16.9101 20.2273 0.995106
194.11 503.297 19.3772 23.5338 0.994601
63.5661 440.407 18.3106 23.6198 0.994461
370.738 294.566 16.7834 20.0754 0.994353
755.782 578.608 29.5163 34.8813 0.992551
780.919 505.828 25.9163 28.3551 0.992414
424.95 491.395 24.5579 29.0426 0.992141
164.546 350.774 18.5614 20.6219 0.991736
384.838 278.402 16.4313 20.6868 0.991666
218.089 482.464 17.3411 21.5423 0.99163
236.957 312.637 19.5317 22.4241 0.991142
328.409 618.014 21.5502 29.0669 0.991086
442.397 463.342 18.4653 22.2409 0.990751
415.315 266.027 18.8593 22.0036 0.99058
810.568 291.452 19.0055 21.4693 0.990383
653.456 533.007 25.17 31.8334 0.990019
243.349 589.458 23.0865 27.8025 0.989904
573.767 365.342 19.7463 22.4397 0.989378
191.835 553.147 21.7024 28.8146 0.98879
133.046 155.66 13.6859 17.0809 0.988538
515.176 611.024 20.8879 22.5351 0.98839
748.337 469.197 24.3267 28.7919 0.988052
991.432 594.122 23.905 31.582 0.985914
261.833 204.541 14.1471 17.4709 0.985576
554.006 470.693 21.7649 28.234 0.985243
801.382 414.985 23.1491 27.2721 0.984501
331.471 494.611 23.2208 27.6073 0.983983
107.359 426.668 22.6499 26.5391 0.983471
875.605 538.275 23.8701 29.6886 0.983348
562.346 555.792 23.3724 30.3178 0.983102
929.825 404.188 23.4601 27.8647 0.982925
741.836 377.135 23.2231 26.9436 0.982608
206.445 376.283 17.6521 20.5182 0.981694
34.8358 417.918 23.7091 26.2314 0.980338
752.941 265.053 19.0779 22.1365 0.98031
332.832 221.789 15.626 18.3893 0.978517
695.687 604.367 26.8721 28.2929 0.977782
304.487 611.913 22.048 26.886 0.977757
903.132 389.256 23.3209 26.5213 0.977048
427.764 367.416 17.1118 22.02 0.976981
275.228 295.26 18.7182 20.2926 0.976883
390.216 607.889 19.2977 23.9025 0.976577
578.885 436.791 23.9156 26.6631 0.976425
624.734 197.46 14.4614 16.7429 0.975659
172.875 305.282 18.3372 22.0351 0.975163
508.788 216.892 16.3781 18.7548 0.974581
784.237 446.209 23.3346 28.1385 0.974312
676.108 464.19 24.2043 28.7984 0.973927
947.361 446.693 25.2266 28.6068 0.973688
318.952 201.084 15.0197 17.761 0.973657
521.023 301.493 18.3364 21.3208 0.972408
49.799 254.128 18.5881 20.3534 0.971061
181.387 404.336 15.7899 20.333 0.970734
359.416 442.034 23.0549 28.0217 0.969684
881.616 417.901 23.2239 27.7752 0.968976
845.215 324.473 23.5655 27.4488 0.968309
468.197 543.37 22.3846 26.994 0.967995
972.406 170.123 16.7499 19.3759 0.966978
461.223 427.014 22.3344 28.6233 0.965586
440.195 346.845 18.5465 23.0688 0.965455
277.086 554.009 22.7488 27.7018 0.965413
992.409 113.13 13.6517 16.6906 0.964618
301.299 277.526 16.9243 20.342 0.964446
99.0092 304.005 17.5396 20.8377 0.963501
433.13 301.5 18.1459 21.8047 0.963008
540.734 365.91 20.2545 22.2991 0.962329
983.451 319.819 22.7113 28.9938 0.960485
589.815 627.728 26.6998 30.6848 0.959267
949.256 386.698 23.4066 27.8197 0.957512
11.0585 251.993 16.1148 18.9552 0.956968
769.837 403.766 23.1752 26.4949 0.956939
138.247 472.186 20.1466 20.745 0.956536
279.917 359.853 19.4806 21.5504 0.956461
802.95 645.735 33.3848 31.52 0.956459
92.0668 482.089 17.4871 20.7294 0.955707
825.21 180.184 17.1513 19.3936 0.954164
953.667 500.726 23.4422 26.5921 0.953709
293.408 210.158 16.2809 19.3685 0.953616
87.9032 262.286 14.9591 18.2566 0.953201
416.705 405.365 24.6516 26.9231 0.952917
220.793 406.756 18.2854 22.5393 0.952634
661.926 245.129 18.4806 20.5119 0.951503
80.2286 381.937 16.2583 18.9628 0.951064
375.568 376.66 18.1737 22.0524 0.950001
644.187 327.18 19.553 22.1851 0.948519
47.2722 323.28 17.7025 20.5334 0.946882
261.796 428.179 19.6256 29.9762 0.946853
359.818 249.348 17.9492 20.4497 0.942034
325.15 294.374 18.1661 21.2668 0.941996
336.969 356.056 18.1496 21.7688 0.941406
268.163 228.414 14.9258 18.2871 0.937904
650.137 41.5382 12.1065 15.0234 0.934854
637.635 372.543 22.7031 27.6993 0.929448
196.662 261.804 15.2112 18.0256 0.929256
283.687 407.623 18.3503 21.9238 0.92922
498.895 351.073 18.872 23.299 0.928771
988.847 376.696 24.0885 27.9891 0.924456
44.0283 381.045 16.0614 19.7102 0.921942
904.644 291.012 22.8181 27.3796 0.920209
401.554 455.152 23.8638 29.8109 0.91941
200.428 448.607 20.1352 21.9772 0.918925
912.436 319.665 23.4452 26.5939 0.916622
74.4198 132.223 12.4826 14.4061 0.915921
919.607 98.2754 14.3446 16.9539 0.915622
279.208 430.657 22.426 27.9845 0.912506
383.916 188.477 16.7593 20.7089 0.91084
383.216 225.064 16.8356 19.4392 0.908734
246.068 488.624 19.9467 21.8745 0.907415
669.3 430.643 25.2959 29.2866 0.902614
114.122 154.657 14.1373 16.7098 0.901465
365.659 324.266 19.4093 21.5951 0.899874
578.333 330.023 19.2064 21.9852 0.897552
503.177 182.26 12.9461 16.2788 0.8938
530.1 251.548 18.5374 21.7552 0.891527
402.118 227.642 16.8754 18.656 0.889393
698.774 246.373 15.101 18.1308 0.886366
179.21 161.691 15.2834 16.9052 0.882735
753.601 294.389 18.7694 21.6533 0.879966
311.566 373.468 19.9947 21.9332 0.879934
363.214 403.362 22.8214 27.3161 0.879177
76.1439 101.305 12.5254 14.9355 0.878051
712.76 96.1052 15.4934 18.3973 0.875846
808.837 248.845 18.4751 21.428 0.875842
26.3686 225.053 15.975 18.9419 0.870821
630.348 236.405 17.9659 21.182 0.870717
885.11 177.733 14.3601 18.3136 0.869481
663.759 364.76 18.3153 22.1122 0.866509
864.435 392.568 23.556 27.7931 0.860651
671.649 273.99 16.6373 21.5382 0.858808
490.227 476.211 22.9381 27.3253 0.854655
908.692 189.097 14.1785 17.1684 0.845192
421.108 343.083 15.5922 19.5043 0.843571
800.816 321.167 18.8239 21.7581 0.842854
374.968 562.251 16.9872 21.6681 0.842326
28.2656 360.275 15.6783 19.1459 0.833171
192.248 237.012 14.8503 17.3423 0.832922
733.947 283.221 18.6019 21.0692 0.832439
990.327 152.376 15.6997 17.8173 0.831871
984.8 412.951 24.4655 28.9652 0.831655
167.336 271.426 15.8564 18.7366 0.830926
456.604 262.726 16.6793 21.8349 0.82636
18.2484 162.947 14.8724 17.261 0.82614
251.716 344.353 19.0034 22.3263 0.824907
541.881 205.891 16.6507 20.0554 0.823343
552.858 315.216 23.2859 27.6371 0.82003
901.038 75.8392 13.1997 15.3679 0.819141
146.529 433.17 19.8303 20.2376 0.817796
96.0701 234.402 16.4827 18.3616 0.8131
18.3467 75.3345 11.3405 13.7526 0.812248
154.922 310.895 17.4158 21.8799 0.810779
435.622 213.193 15.6531 18.555 0.809666
209.94 301.501 18.6193 21.2248 0.806586
292.951 246.334 14.4137 16.6544 0.803815
