2--Demonstration/2_Demonstration_Protesters_2_822.jpg
11
206.354 386.767 45.9243 56.2115 0.999477
99.1425 425.673 55.0791 70.3469 0.999374
300.126 343.548 49.965 73.9043 0.998494
939.068 385.497 34.9292 40.1835 0.998449
718.769 382.757 88.5526 113.037 0.998377
26.0419 362.073 43.978 58.2134 0.998062
678.3 366.276 38.3519 47.5798 0.98877
1001.17 368.881 17.4229 21.6939 0.985147
584.634 429.713 59.2204 77.8208 0.984748
977.519 365.069 15.8831 20.0789 0.979149
843.858 474.097 47.3727 62.3705 0.840125
