2--Demonstration/2_Demonstration_Demonstration_Or_Protest_2_914.jpg
12
911.395 349.774 15.7944 22.2958 0.998026
257.204 35.2866 38.4301 49.4148 0.997139
376.598 319.361 13.1441 17.723 0.996321
606.491 303.055 13.5624 17.3432 0.996208
513.168 328.357 11.6594 14.5569 0.995914
901.963 108.327 14.7214 18.5788 0.995478
778.35 358.333 14.8686 18.1151 0.989031
50.8393 336.176 15.8355 21.3234 0.984655
76.8292 71.9881 23.9467 28.3958 0.977604
102.987 362.247 12.7518 15.3696 0.977038
184.609 342.206 12.6266 15.2696 0.966687
833.887 353.132 16.3195 19.2533 0.951583
