2--Demonstration/2_Demonstration_Demonstration_Or_Protest_2_644.jpg
21
821.057 278.412 24.3039 30.3501 0.999043
101.365 237.227 29.5148 42.5505 0.997608
766.383 287.947 24.6562 33.6671 0.997571
876.876 312.508 29.5305 35.9423 0.996981
146.451 183.048 25.075 30.9955 0.996853
232.067 64.8832 26.0303 34.0577 0.995395
515.665 274.409 24.9181 32.3949 0.995301
329.618 89.1076 22.2424 32.8627 0.994393
715.303 246.83 22.5758 33.8658 0.991762
561.015 278.488 28.3533 36.6149 0.990624
656.376 273.262 24.8519 31.7198 0.988442
850.24 271.784 23.2001 26.7038 0.984159
931.073 276.222 23.0314 27.8538 0.979921
403.168 242.023 22.2072 27.132 0.979636
428.671 231.829 22.3601 29.8783 0.972815
363.786 248.013 22.9254 30.8975 0.97193
173.65 173.572 22.2392 28.9269 0.96558
654.645 299.765 24.7397 34.0765 0.95569
643.107 237.084 22.6545 27.2714 0.950804
22.2464 34.9519 18.4458 21.5263 0.906823
835.152 143.012 17.866 23.0811 0.860461
