2--Demonstration/2_Demonstration_Political_Rally_2_695.jpg
39
45.7517 240.289 26.5988 31.7084 0.998471
496.799 375.069 34.2272 42.4938 0.998409
764.716 558.013 57.2086 74.3009 0.99781
16.8986 270.033 27.9852 31.4399 0.996529
438.866 345.603 31.4948 37.6824 0.995637
58.0679 132.214 17.0585 20.6499 0.995138
804.748 224.883 26.5018 33.9937 0.994882
581.988 366.03 33.4609 46.6491 0.994056
22.3288 123.554 16.2474 19.5984 0.992657
405.693 373.645 35.7285 45.0672 0.99253
140.39 129.054 16.17 19.1329 0.992433
422.859 471.522 38.389 49.7854 0.989334
327.098 475.654 40.8422 46.0296 0.987716
314.591 533.259 45.0763 53.7948 0.983934
189.336 224.73 24.0862 28.8971 0.98279
3.51244 431.8 47.744 55.4406 0.982126
-4.90881 384.838 41.1672 44.6983 0.981698
133.293 398.878 39.2726 43.7351 0.980885
298.161 426.041 37.1723 39.3694 0.979903
168.35 212.135 22.1072 28.6818 0.974985
522.075 457.769 39.3024 48.8329 0.973905
169.34 437.886 34.7247 48.1188 0.964523
704.665 199.831 17.3627 22.3995 0.963666
101.426 233.312 22.268 28.6948 0.962872
402.6 296.63 30.1957 37.1481 0.958352
878.319 478.2 32.9899 42.0291 0.951855
58.1055 57.6804 17.1984 19.8974 0.941976
685.625 184.934 19.3021 21.4946 0.935588
-0.108957 17.1383 18.1187 21.0806 0.931919
871.076 358.774 30.2579 39.8604 0.929693
356.994 421.972 36.925 46.2424 0.926366
808.101 175.088 18.8994 22.2163 0.921813
964.31 644.907 56.02 70.4248 0.889907
8.8349 225.221 26.3737 30.7871 0.888197
794.768 196.064 18.1311 22.7234 0.872747
100.891 359.065 39.113 45.4799 0.832838
269.18 158.925 17.422 20.5771 0.823358
66.7801 463.994 34.2427 45.114 0.823204
564.06 325.572 27.1632 35.2586 0.816216
