2--Demonstration/2_Demonstration_Protesters_2_646.jpg
11
654.668 218.973 73.9254 93.5384 0.99965
344.884 253.761 106.88 138.773 0.999502
474.921 212.629 77.4857 98.544 0.998241
224.795 191.658 52.3529 68.734 0.997631
334.078 184.267 23.1022 30.8622 0.993639
590.914 178.681 23.4761 30.2938 0.988636
451.532 166.274 48.0567 69.3511 0.987451
975.472 221.009 44.8957 56.3327 0.98135
558.607 209.503 47.7962 61.3972 0.967768
390.631 179.635 18.3688 23.1397 0.966845
118.419 171.864 38.2117 45.5287 0.860609
