2--Demonstration/2_Demonstration_Political_Rally_2_545.jpg
12
674.441 186.852 50.8947 62.5298 0.999261
715.847 138.809 46.3521 60.1796 0.999232
108.824 73.2048 73.2893 94.9236 0.99923
191.585 85.375 55.0342 67.6353 0.999211
329.754 78.6811 65.3392 74.7412 0.998933
451.885 103.346 60.4636 78.224 0.998113
590.53 144.991 27.0627 36.3447 0.996539
913.488 149.63 70.0284 99.2407 0.995941
289.974 138.813 30.6723 35.679 0.993964
927.268 85.2448 60.1997 71.029 0.993874
533.009 156.212 43.2621 54.0217 0.977146
658.424 149.061 35.9996 43.6367 0.890071
