2--Demonstration/2_Demonstration_Demonstration_Or_Protest_2_578.jpg
26
748.618 253.751 16.2631 20.0051 0.999185
810.989 232.425 15.175 19.8853 0.998732
502.347 304.114 24.5291 32.5271 0.998038
667.917 296.47 28.016 34.1111 0.997828
568.882 308.334 26.167 31.8005 0.997413
147.641 323.566 22.0152 27.9168 0.997264
960.316 225.644 15.334 19.3477 0.99679
982.552 233.035 16.022 19.9586 0.996685
853.72 335.172 28.3956 34.5286 0.996609
254.546 332.687 23.196 29.2429 0.996409
882.077 249.775 16.566 19.9169 0.995908
383.907 252.73 14.8833 19.4875 0.995604
781 348.271 26.1534 30.5621 0.995528
578.695 278.184 18.2577 22.2458 0.994546
323.818 320.933 23.2737 29.8968 0.994
940.95 321.881 28.2534 36.0978 0.993159
424.039 306.519 22.5853 28.5576 0.990097
704.359 212.984 11.9664 14.8195 0.986148
-1.90609 310.686 25.0063 27.0626 0.977366
212.576 358.201 19.2899 22.9519 0.972519
69.9474 307.836 22.5879 29.1351 0.971964
231.238 275.241 13.5067 16.7478 0.958041
585.609 252.353 14.4526 17.5115 0.948105
698.364 245.416 14.4531 16.7179 0.936654
92.7838 268.297 12.296 16.7436 0.875599
905.133 223.585 12.2255 14.5623 0.842245
