2--Demonstration/2_Demonstration_Political_Rally_2_171.jpg
11
101.991 623.652 46.935 59.4888 0.998657
850.523 655.493 54.8784 85.6819 0.997816
41.6123 709.758 44.0888 62.7894 0.997198
617.029 661.821 55.9091 94.9709 0.996179
404.649 703.053 46.8906 78.001 0.99317
148.938 712.565 31.1126 52.5106 0.98425
948.673 622.337 18.6305 20.998 0.983769
125.216 569.669 17.5841 21.7825 0.978539
735.926 726.068 47.5015 65.7503 0.971402
444.219 654.007 29.0291 51.2259 0.957323
1006.56 628.405 16.1437 21.4393 0.953517
