2--Demonstration/2_Demonstration_Demonstration_Or_Protest_2_687.jpg
140
879.934 376.066 12.9323 16.8291 0.999781
444.119 529.872 17.5359 21.3695 0.999774
187.858 507.406 15.177 18.7431 0.999702
812.499 475.907 15.7247 18.8512 0.999572
755.124 511.577 15.1245 19.0859 0.999569
739.807 414.709 14.3225 18.9648 0.999471
826.48 450.439 12.5437 16.8739 0.999434
722.786 458.882 12.7336 18.3767 0.999418
793.85 458.301 14.0092 17.9949 0.999359
228.397 499.397 14.2801 17.3343 0.999295
378.312 566.256 15.8378 20.594 0.999232
646.453 520.959 14.9669 18.9245 0.999219
584.424 507.765 15.7015 18.651 0.999061
843.507 328.418 12.6905 16.6784 0.99892
428.009 403.131 13.9827 17.7723 0.998852
369.057 434.829 12.6429 16.8091 0.998791
33.6144 492.158 15.4554 19.9032 0.998541
195.849 442.91 13.4469 16.5968 0.998409
75.3946 399.607 12.9103 15.8015 0.998391
362.045 531.807 17.031 20.2859 0.998347
779.505 435.68 13.9782 17.282 0.998295
161.91 482.708 15.0588 21.8466 0.998293
688.206 533.094 15.842 22.0439 0.998173
398 450.741 13.7847 17.0781 0.997929
279.641 533.912 15.3092 20.324 0.997861
481.173 489.98 13.9731 18.1219 0.997859
133.715 547.779 15.713 20.3325 0.997856
99.3446 361.968 11.3453 14.6948 0.997721
607.739 492.084 12.2157 16.4921 0.997579
309.862 505.415 14.552 18.9632 0.996931
764.196 541.433 16.08 20.725 0.996761
260.747 447.208 13.6669 18.0413 0.996079
385.318 359.37 12.5632 15.1809 0.996039
199.588 472.298 15.1825 18.1813 0.995989
597.281 458.564 14.4427 18.6847 0.995637
702.961 483.155 14.4086 17.3805 0.995397
28.4702 327.509 11.7433 14.5321 0.995167
485.313 513.11 14.8679 17.6066 0.995164
527.573 358.987 13.417 15.8453 0.994993
420.114 483.714 15.5464 18.1069 0.99498
410.239 400.905 12.5251 15.5666 0.994668
962.983 632.63 20.3101 23.2429 0.994009
234.362 418.44 11.792 14.6949 0.993824
957.976 466.683 14.2626 16.7551 0.993711
868.272 458.576 11.9105 16.9176 0.993618
258.684 403.03 12.7271 15.2354 0.993505
92.4939 506.463 15.37 20.1554 0.993405
83.5264 452.978 13.986 18.0469 0.992479
796.857 328.25 12.1313 14.3849 0.992417
359.037 464.772 13.2531 18.1892 0.991184
649.747 351.428 12.4979 14.9998 0.990691
502.752 344.868 11.5882 14.2197 0.99039
488.627 353.066 11.8368 14.2005 0.99007
956.444 610.735 16.6965 21.1263 0.990057
711.938 526.689 15.9637 20.6987 0.989232
900.964 416.912 11.6737 15.7227 0.987455
533.887 515.335 13.6884 16.9141 0.987172
77.5916 327.787 11.7874 14.67 0.985263
911.622 323.083 11.8506 14.5273 0.984916
108.301 311.501 11.3276 13.5094 0.984405
436.65 426.361 12.6063 15.1061 0.9833
19.9526 419.858 13.4487 17.7502 0.9827
500.482 406.835 14.8088 19.2716 0.982246
674.094 329.42 11.9958 14.9532 0.981834
275.419 287.541 11.3606 13.9901 0.981796
152.036 360.407 13.1182 15.9225 0.981652
535.295 435.441 13.1211 15.897 0.981157
377.566 329.392 12.4208 15.0138 0.980876
461.879 397.627 13.7711 17.8539 0.980294
872.086 311.148 11.7743 14.3484 0.979765
489.773 460.023 14.4058 17.7286 0.979325
443.868 392.728 12.416 15.0258 0.978149
430.531 321.942 11.4143 14.3616 0.977774
142.566 476.847 12.6273 17.9068 0.977663
735.621 671.59 18.8932 21.9794 0.976265
272.147 327.584 11.9091 15.3559 0.976063
701.597 313.041 11.6431 14.1943 0.97537
417.693 510.189 14.4202 18.3805 0.975226
740.234 456.654 13.8664 16.9369 0.972561
534.833 384.288 14.5747 17.1766 0.971272
519.58 375.854 12.3466 15.7459 0.969645
150.226 453.489 12.9225 17.1588 0.969087
933.367 336.837 12.1945 14.5955 0.968487
859.685 352.208 12.6526 15.7551 0.968163
944.456 295.129 11.329 14.2488 0.967648
811.017 412.311 13.3826 16.5115 0.966989
518.943 468.196 13.9392 16.1874 0.966932
710.889 370.298 15.5466 18.7857 0.96665
162.793 443.665 11.8484 15.9453 0.964835
822.209 403.777 11.7604 15.316 0.963855
927.88 293.633 12.2051 14.7353 0.962482
115.785 342.16 12.2812 14.7516 0.955653
333.347 312.809 11.1504 13.6571 0.954155
438.399 455.985 14.186 17.8279 0.954059
336.971 417.388 12.1126 15.5263 0.952669
935.774 351.553 12.3985 16.5984 0.952323
575.324 420.29 12.7914 16.6833 0.949223
900.823 334.27 12.6705 15.8631 0.943913
670.822 362.166 12.7935 15.7648 0.942593
560.572 484.625 13.4616 17.0268 0.942002
927.431 428.044 11.4551 17.1774 0.939651
680.254 411.425 12.5641 17.4318 0.937609
828.222 294.135 12.0798 14.1747 0.937149
767.033 576.201 17.3414 21.1343 0.934789
175.069 404.149 13.1914 15.8324 0.934594
673.358 475.456 13.5281 17.1565 0.931994
354.288 522.846 13.5553 17.4535 0.929751
393.567 427.548 12.021 14.3363 0.924104
251.73 547.346 14.9725 20.293 0.92366
207.303 347.671 11.7294 14.1138 0.921666
583.069 368.457 14.0986 17.5608 0.921276
520.134 288.892 12.1031 15.1766 0.920061
446.882 312.19 12.013 14.2857 0.91702
406.074 367.537 12.8425 14.9249 0.916187
94.5484 601.893 18.1717 22.062 0.913498
993.197 408.546 11.8589 16.2511 0.913217
621.685 354.883 14.0251 16.5621 0.910094
99.6418 295.035 11.2893 13.6025 0.905835
924.83 401.728 13.3434 16.3088 0.897305
763.409 346.427 13.6999 16.6307 0.897014
788.826 421.381 12.8503 14.8429 0.887601
947.107 326.985 12.104 15.9423 0.883622
436.749 289.752 11.3429 13.547 0.883515
472.104 264.586 10.8666 12.8339 0.878955
945.529 369.1 12.0776 16.4743 0.875095
258.953 420.7 13.1607 16.0573 0.870035
221.827 371.229 12.9474 16.4535 0.842664
339.017 295.542 11.6825 13.6606 0.841819
576.039 312.922 11.4429 14.3891 0.841767
558.523 311.493 11.7674 14.0668 0.832892
790.334 386.438 11.9395 14.0554 0.832774
308.671 337.343 11.1996 13.7299 0.832562
697.58 422.69 13.3616 17.7467 0.830927
724.209 286.747 11.5612 13.9236 0.828759
534.922 341.259 13.6777 16.5092 0.824645
419.727 302.942 11.4819 13.9244 0.818025
815.54 354.151 13.5461 16.4344 0.815044
543.744 475.927 13.209 15.7916 0.812815
616.871 531.424 13.9062 15.2273 0.804932
651.421 318.986 13.1997 15.7199 0.803062
