2--Demonstration/2_Demonstration_Demonstration_Or_Protest_2_600.jpg
33
44.562 242.472 70.8801 87.7908 0.999411
638.787 150.728 17.3324 21.6327 0.998398
56.7813 153.498 17.1905 19.5805 0.997167
942.784 147.707 14.2174 16.8577 0.995916
220.001 391.705 37.507 46.6276 0.994259
888.732 282.243 45.9865 71.9502 0.994162
150.729 309.173 34.0457 39.5404 0.992134
379.417 148.679 16.7562 18.1772 0.99196
865.697 222.69 25.6624 31.2136 0.990638
124.167 113.457 12.8346 14.9769 0.989665
480.244 298.354 28.2387 35.5521 0.988652
949.1 406.348 29.5441 47.6589 0.985203
736.829 147.55 12.6725 18.6287 0.983883
958.669 123.824 12.5844 14.7815 0.983358
508.026 146.802 16.5794 19.8124 0.981229
190.831 146.158 16.6072 18.5315 0.980197
796.374 148.219 16.4799 20.0539 0.973733
26.1114 103.919 13.544 16.3869 0.967235
677.485 356.092 35.3558 48.2071 0.962814
818.962 308.233 35.7049 45.9261 0.958394
958.062 263.886 24.3248 29.0584 0.945374
193.405 286.601 34.7719 28.794 0.933417
339.972 308.566 26.0974 34.3531 0.931826
657.593 117.117 12.2944 14.0509 0.92853
286.2 149.602 14.4046 15.5663 0.923777
700.535 129.069 12.1327 17.1447 0.90668
435.986 108.146 11.5167 14.0302 0.899568
111.028 35.4009 11.8966 14.4739 0.882211
241.431 165.104 13.3038 15.9279 0.867922
564.547 128.865 13.376 16.7448 0.866675
852.187 138.167 13.531 18.721 0.863948
35.7631 161.071 13.6951 17.4167 0.839746
27.8156 43.5906 11.5727 13.8933 0.824363
