10--People_Marching/10_People_Marching_People_Marching_2_259.jpg
39
393.41646875 467.22509375 16.8211875 18.93903125 0.996713638306
563.4325625 464.29203125 15.623875 18.8865625 0.991760969162
882.9271875 465.681125 16.5744375 18.26284375 0.990920782089
52.0212539063 365.8183125 15.0883085937 19.87078125 0.986834585667
621.272125 467.97084375 14.4219375 17.45609375 0.986462652683
92.579546875 466.88434375 15.641140625 17.808125 0.985468566418
747.4679375 417.1305625 13.5751875 15.99684375 0.985409200191
786.7884375 464.453125 15.465875 17.81046875 0.983539938927
283.15540625 472.9941875 16.99825 19.4578125 0.98214250803
802.3321875 407.80571875 14.457375 17.94509375 0.981515645981
148.1070625 405.12225 16.024921875 20.64453125 0.974844515324
337.4048125 474.73553125 15.543 18.3374375 0.971252322197
504.9410625 466.69946875 15.96421875 18.63584375 0.96877092123
733.813125 466.29475 15.9755 17.5758125 0.967058539391
450.11378125 472.53196875 15.59109375 18.82815625 0.964906096458
226.087421875 463.9711875 16.52959375 18.6609375 0.957979857922
679.58575 465.49340625 14.6283125 18.39946875 0.956627130508
327.18015625 250.7143125 13.89265625 16.7559375 0.95531308651
689.0781875 415.379125 13.4225 15.19834375 0.95383566618
369.88459375 410.3240625 14.2954375 17.38265625 0.951848983765
364.2506875 205.1561875 10.956625 13.72325 0.945652484894
281.3406875 205.300921875 11.7535625 14.4643125 0.944589853287
176.35846875 368.92459375 14.2789375 16.45821875 0.940297484398
533.245625 415.56540625 13.58925 16.9306875 0.93762421608
208.2678125 410.033 14.097171875 16.91321875 0.935464978218
397.771625 369.39984375 13.2180625 15.58471875 0.926029205322
165.979703125 462.4041875 17.566265625 20.4193125 0.911647975445
471.25840625 188.845 11.4010625 15.00534375 0.863723695278
711.0941875 277.44496875 14.287125 19.60946875 0.8576182127
682.7640625 359.4274375 14.4605 17.376 0.851389944553
474.66521875 410.26921875 14.25940625 16.3674375 0.84875780344
446.1270625 361.37953125 12.66309375 15.37453125 0.842195868492
313.9211875 409.50146875 14.09534375 16.1561875 0.840911626816
328.44640625 211.722765625 12.27840625 13.859328125 0.835531890392
624.6603125 205.7844375 11.5108125 14.218921875 0.82542681694
611.60825 366.9974375 15.1954375 17.4576875 0.824871003628
942.94925 413.9875625 14.142875 19.0376875 0.815046787262
297.23646875 362.10540625 13.44003125 16.991 0.813697993755
833.507625 468.01846875 16.1153125 19.0151875 0.809495985508
