10--People_Marching/10_People_Marching_People_Marching_2_27.jpg
23
704.572125 204.2106875 33.5184375 38.17596875 0.999337732792
913.325125 213.7790625 29.7355 36.77353125 0.998553335667
830.9179375 225.413078125 32.8086875 40.425234375 0.998513877392
859.8566875 203.52184375 27.216 36.232234375 0.998098313808
537.849625 198.27171875 30.51875 39.055453125 0.998051047325
914.557375 266.54134375 34.766875 46.59153125 0.99793446064
573.5706875 190.979734375 36.8174375 45.46484375 0.99786657095
211.347171875 204.156421875 24.784640625 29.5396875 0.997851610184
16.6310078125 188.718375 26.3918671875 35.599109375 0.997782289982
362.7974375 183.3101875 28.95596875 37.6978125 0.997699201107
264.8324375 194.562359375 25.91259375 31.390265625 0.997654139996
646.341875 181.88546875 27.6239375 35.833796875 0.99762648344
609.13875 211.962265625 31.903125 36.315875 0.995709896088
519.089375 195.0419375 23.691625 34.331796875 0.995628356934
791.134875 231.05275 25.456 32.2858125 0.994877576828
433.2081875 186.096609375 27.84125 38.921765625 0.994683563709
304.76471875 182.9976875 36.9135625 39.675359375 0.993310570717
989.793125 206.33146875 25.5221875 36.934671875 0.989271521568
483.48346875 196.1365625 23.6023125 28.645140625 0.98817807436
653.7571875 220.808265625 26.3774375 35.06459375 0.987178206444
38.0228515625 203.97409375 28.3015898438 37.75196875 0.983578324318
130.283859375 196.667984375 32.554453125 36.289625 0.952726781368
160.5714375 182.882453125 26.229390625 33.83203125 0.950336098671
