10--People_Marching/10_People_Marching_People_Marching_2_591.jpg
21
891.915264954 159.553624512 48.4383111572 54.6268167267 0.999678015709
38.9951943684 174.158309441 21.9188336201 29.6352350388 0.999315857887
671.346345795 190.319965942 24.0211351013 31.6679911804 0.999071717262
277.029094208 188.208042137 18.3290071716 25.1847395248 0.999018788338
595.43615625 183.467697739 22.7597333374 29.9771477203 0.999006569386
459.00472522 185.909528183 20.1738755188 25.3454557495 0.998592436314
755.373071411 194.34442749 26.4776345825 34.8524811096 0.99787735939
212.586661194 186.677779495 19.5188240356 23.9315862732 0.996732234955
84.296252243 178.526060303 18.600621315 23.5268336945 0.994472682476
155.599563057 186.522784195 18.1602342606 21.9932648773 0.994116067886
511.558783997 1181.22478033 22.8936052246 27.6714685059 0.992701411247
849.107223999 180.143287766 32.6943272705 40.4201930389 0.992341637611
333.610074417 188.721052208 17.8072408142 22.7124200516 0.9901881814
529.591724396 1274.77459955 20.0162172241 25.4793276367 0.974903762341
415.341863068 185.500002525 19.1489386292 24.5486223831 0.972826957703
424.851325745 1220.74307538 20.1022454834 23.577769104 0.919340729713
574.106609344 1254.87183087 18.7935417175 23.3991228027 0.914347410202
155.054123131 1376.92137708 21.2831480865 30.3776124268 0.907413244247
843.171183838 1244.17616217 18.748992981 25.2307213135 0.858724832535
486.330071686 1266.91894666 20.1784342041 28.0423017578 0.835262417793
608.457386353 1279.8631756 20.8067203369 24.4598972778 0.808968067169
