10--People_Marching/10_People_Marching_People_Marching_2_401.jpg
45
331.79934375 403.09296875 68.48565625 86.2835625 0.999627351761
639.2034375 531.595 75.0614375 98.042625 0.999583899975
63.3543164062 316.70421875 30.6369335937 38.94271875 0.999431073666
566.2995625 264.05028125 30.1773125 37.5620625 0.999393820763
496.17828125 268.52796875 29.39221875 40.6091875 0.99925416708
728.377125 301.6773125 36.3330625 46.416625 0.999223470688
850.9443125 500.99484375 93.355375 124.57884375 0.999207913876
193.6518125 353.112375 52.866125 66.24878125 0.9991132617
541.0640625 241.205015625 24.4393125 32.586296875 0.999036192894
89.3911484375 512.81075 66.9214453125 78.172625 0.998894155025
100.959328125 281.2070625 31.0645 39.108125 0.99883967638
18.0194707031 409.42221875 60.2639199219 67.02246875 0.998805046082
660.866875 266.73665625 33.8355625 41.9105625 0.998596131802
795.6313125 280.5041875 48.2430625 55.60790625 0.998224437237
283.97746875 294.68340625 23.59696875 29.678 0.998005211353
381.20521875 312.291625 28.4799375 33.799 0.997860252857
206.46525 302.307625 27.659015625 31.180375 0.997856676579
252.169859375 272.43284375 22.238703125 29.95528125 0.99777007103
554.171625 501.94840625 56.5086875 59.39196875 0.997720897198
625.8333125 249.108671875 28.435625 38.269484375 0.997592270374
422.39578125 240.2565 23.62353125 29.1269375 0.997575819492
348.6575625 334.5964375 33.94071875 39.554625 0.997470259666
756.43875 263.08171875 26.5476875 36.965625 0.997402071953
478.28634375 265.15253125 21.2504375 32.7118125 0.997336804867
779.5125625 351.20678125 52.4140625 80.23240625 0.997119426727
102.201664063 391.22265625 36.2174296875 42.54178125 0.99674975872
724.8456875 383.9241875 38.253125 47.418875 0.996681511402
308.19390625 328.789125 26.30171875 31.879375 0.996558129787
45.5288945313 289.4121875 26.1220039063 32.48453125 0.996323227882
385.73296875 249.8915 18.9120625 22.97603125 0.995710372925
849.3295 248.775015625 35.491875 49.711703125 0.995605528355
922.440125 266.34784375 27.5169375 37.84990625 0.994738280773
188.433234375 268.21928125 25.83415625 29.90653125 0.993149220943
352.373625 275.86696875 21.5598125 27.2254375 0.988833844662
507.965375 242.88496875 19.8570625 22.01875 0.982847452164
356.36771875 253.3686875 13.73759375 16.8279375 0.982254862785
667.796375 419.72046875 43.73475 54.82153125 0.980870187283
740.514875 251.184796875 21.8301875 28.031859375 0.975406706333
818.0588125 245.94115625 26.129125 32.25471875 0.974959492683
613.1285625 237.13796875 16.77025 20.99146875 0.945260763168
745.701 230.64428125 16.5791875 20.420515625 0.94303560257
315.0196875 269.96103125 19.2516875 22.63378125 0.929871499538
781.2255 264.5364375 32.39775 46.6796875 0.929181694984
327.38234375 290.084 22.61665625 27.35128125 0.840622007847
702.3545 241.382875 15.41 19.311171875 0.833952903748
