10--People_Marching/10_People_Marching_People_Marching_10_People_Marching_People_Marching_10_240.jpg
42
328.32409375 230.914421875 27.1960625 40.520796875 0.999484181404
195.5426875 199.2864375 18.405453125 22.7619375 0.999381422997
1.62701318359 239.16796875 31.2827407227 38.02915625 0.999350368977
910.2214375 428.70340625 113.7545625 125.28928125 0.999281823635
130.30565625 211.29875 27.92509375 35.8596875 0.999261200428
411.89678125 324.3435625 104.96009375 134.14146875 0.998943388462
241.382703125 308.42615625 64.715921875 82.57725 0.998781979084
610.2868125 235.073265625 51.3455625 61.421015625 0.998778998852
689.55475 260.389703125 25.4473125 36.973796875 0.998748540878
714.9145 245.026578125 24.3199375 32.581796875 0.998400628567
262.57553125 213.638078125 17.15078125 23.86484375 0.998178243637
222.0709375 270.32375 32.722140625 44.051875 0.997914016247
380.01346875 254.77365625 25.52990625 34.7439375 0.997070074081
218.0740625 226.62928125 25.11584375 29.81546875 0.996427357197
289.851375 271.184625 37.60603125 50.1768125 0.995302081108
890.7575 218.62603125 16.2565625 19.325171875 0.995194494724
491.94909375 214.257109375 17.620375 24.570609375 0.993237316608
418.327875 237.703578125 43.2684375 54.543890625 0.992712497711
839.713125 263.55446875 27.1060625 38.419375 0.992288291454
551.9261875 225.28746875 23.061375 29.1595625 0.992198526859
743.037625 219.67715625 13.8914375 17.266171875 0.991984546185
822.338375 277.6355625 26.3103125 33.0639375 0.976927161217
796.187375 307.8221875 35.319625 45.6431875 0.976032078266
166.435875 199.700671875 23.43546875 30.619 0.969078063965
890.84975 234.726203125 17.8859375 20.325015625 0.966769397259
538.203 211.700234375 16.8229375 20.54778125 0.943051934242
794.9425 220.663921875 13.533375 16.100578125 0.940895020962
454.4818125 243.2258125 27.139125 38.5320625 0.935161352158
851.708625 214.93303125 13.1505625 16.382765625 0.916683852673
105.997320312 195.222140625 15.8148359375 19.78553125 0.909431219101
138.16478125 189.58825 15.289296875 17.0493125 0.909210503101
682.4391875 228.937171875 16.74275 18.9718125 0.906189322472
232.611515625 189.4603125 13.366390625 15.475875 0.894775390625
939.964375 274.40215625 35.28175 44.12771875 0.890872061253
834.9091875 208.56571875 15.8766875 19.9108125 0.862548649311
1010.8375625 222.715078125 13.1384375 28.444203125 0.857990026474
999.1011875 214.57146875 15.3536875 17.893078125 0.855341851711
338.1623125 218.992 16.30078125 18.149203125 0.855303943157
765.066 204.81196875 12.433625 14.488671875 0.840374171734
722.2461875 203.877171875 12.7854375 16.385125 0.833856403828
221.9671875 205.43253125 16.82578125 18.733203125 0.832129538059
980.87025 341.52859375 43.10575 75.394375 0.808830678463
