10--People_Marching/10_People_Marching_People_Marching_2_171.jpg
36
63.6581484375 360.61334375 24.324765625 29.0765625 0.997917830944
839.761625 99.521984375 21.998625 28.968828125 0.997492313385
418.852375 491.99896875 21.70053125 31.1910625 0.997041046619
264.65121875 490.90196875 22.93746875 31.40603125 0.996970057487
747.19325 274.97778125 22.159 28.73459375 0.996932148933
214.945390625 434.38515625 23.732671875 27.5225625 0.996531963348
671.3581875 90.6312890625 22.736375 27.9208984375 0.996339440346
454.86478125 77.7932109375 23.37265625 28.1651796875 0.995134174824
975.633625 264.78140625 24.4154375 29.51465625 0.994931280613
306.07190625 437.7084375 23.5355625 27.82896875 0.994361877441
30.9578457031 431.612125 23.6738808594 29.25009375 0.994359910488
114.133109375 126.933710937 23.072109375 29.2982890625 0.993406414986
307.26790625 357.242625 23.224625 28.48259375 0.993047535419
560.2345 579.90225 21.9140625 30.7303125 0.992016196251
721.8385 343.16059375 24.1321875 30.62203125 0.991777181625
12.5262099609 631.598375 23.5420908203 31.53825 0.989665567875
199.572484375 364.08884375 21.347296875 28.0381875 0.989476680756
441.542875 426.76009375 23.096 27.83853125 0.988097369671
452.951625 532.6578125 21.8570625 30.3331875 0.988018155098
572.1625625 73.50584375 19.240625 24.5938359375 0.986750423908
606.8365625 384.078 21.611625 31.32046875 0.985696017742
563.9059375 426.39821875 24.0565 28.61778125 0.97798448801
468.36578125 353.221125 22.77153125 25.8184375 0.977514624596
390.80628125 356.884625 22.33534375 27.07284375 0.975044488907
323.64471875 299.633625 18.76971875 22.83953125 0.974707305431
768.0855625 74.37253125 22.7430625 28.3486875 0.972501933575
247.335765625 105.60159375 18.315953125 21.8874140625 0.972065091133
193.927984375 305.63075 18.56609375 23.19946875 0.963021099567
101.3903125 545.473375 22.2065625 27.9091875 0.959363162518
222.61721875 585.06725 16.712453125 24.8461875 0.95543462038
122.595539062 438.63409375 23.1466953125 30.8134375 0.937750935555
441.7723125 293.60153125 16.68559375 20.63471875 0.93315500021
5.66537890625 144.235390625 19.233296875 22.55603125 0.932260096073
344.8069375 112.758601563 21.9854375 26.5194609375 0.920101225376
905.1471875 334.9121875 24.2010625 31.28921875 0.904628396034
553.10075 352.3895625 22.34825 28.45059375 0.898742854595
