10--People_Marching/10_People_Marching_People_Marching_2_34.jpg
26
861.879 721.59525 31.6765 39.1665625 0.998897314072
623.3725 717.802875 35.55775 46.612375 0.998653054237
715.175 703.8925625 23.624 29.483125 0.998226225376
524.14925 711.4455625 31.7554375 41.554125 0.997516274452
669.838 709.870125 24.671 32.2420625 0.99647372961
590.064625 689.1531875 24.158125 31.451 0.994418144226
993.6843125 721.3165625 30.2916875 43.5546875 0.994397163391
370.14365625 642.241 12.8764375 15.256875 0.991587936878
84.1221875 735.0925 23.9566015625 30.3259375 0.987362384796
403.45234375 722.4068125 16.50471875 22.7551875 0.982106626034
400.08940625 659.802 14.99190625 18.7289375 0.975224137306
759.3670625 747.7231875 31.0403125 21.2768125 0.971929490566
834.9005625 670.718125 22.1389375 28.093 0.961422979832
454.42990625 637.492875 14.0168125 17.0168125 0.953758478165
100.519140625 683.9308125 16.5646015625 21.2035 0.94864577055
448.41603125 686.7443125 14.893375 17.286125 0.939724445343
419.32053125 690.7735 14.71721875 21.889 0.932704567909
512.74759375 688.237125 21.91634375 31.4374375 0.93088811636
809.7319375 640.71875 14.0464375 16.066 0.914013147354
1001.3836875 653.868875 11.8268125 19.738625 0.895337224007
663.210375 669.315375 15.450125 18.228125 0.893304228783
217.915046875 671.4169375 11.724546875 15.53575 0.889592468739
342.56378125 644.0319375 13.49778125 17.216875 0.863943040371
175.82203125 749.4689375 27.134796875 19.5310625 0.862857758999
304.44784375 718.209375 18.91346875 21.5074375 0.841935992241
40.237203125 686.293875 12.2558359375 16.7994375 0.83122253418
