10--People_Marching/10_People_Marching_People_Marching_2_173.jpg
10
794.158625 511.1534375 24.98525 32.3876875 0.997159004211
859.0640625 516.26634375 15.1014375 18.77940625 0.994321465492
519.410125 501.46184375 12.692375 16.7275 0.992195606232
492.4964375 505.4863125 12.7246875 15.6385 0.929408013821
364.91215625 497.70175 13.560625 16.60425 0.901770055294
673.9481875 532.3899375 12.8856875 17.72125 0.884486854076
758.899625 499.4200625 11.1888125 13.8723125 0.859568595886
453.5140625 495.1605 11.88928125 14.29615625 0.855391144753
672.256875 503.53946875 14.3268125 19.00840625 0.853244304657
316.33775 485.772875 12.37825 15.11596875 0.840783596039
