10--People_Marching/10_People_Marching_People_Marching_2_373.jpg
188
313.23528125 205.09146875 29.443875 38.61721875 0.999668836594
712.13125 173.218546875 30.166375 36.998296875 0.99958473444
136.00196875 314.34759375 33.694625 39.137875 0.999542713165
695.2145625 202.03640625 31.329875 33.08315625 0.999515414238
284.8563125 17.3133691406 19.47934375 23.9868457031 0.999495863914
771.6471875 186.9399375 28.6755625 37.23796875 0.999463021755
269.26990625 96.9776171875 27.069125 33.1291015625 0.999454557896
884.9924375 174.715109375 30.425 33.65603125 0.999446570873
765.348 115.458476562 27.5856875 28.8523828125 0.999324798584
21.1372636719 322.00909375 37.5362246094 39.98796875 0.999266564846
283.0929375 295.05340625 36.04178125 42.83196875 0.999260962009
755.9681875 275.36909375 34.4201875 38.7489375 0.999239802361
337.30853125 167.691921875 27.3971875 33.551796875 0.999222993851
910.8740625 228.4625625 32.1969375 37.61884375 0.999213337898
968.79925 91.9557109375 27.1441875 32.4565703125 0.999212384224
619.1945 111.442585937 27.227375 33.1186328125 0.999083161354
943.493 206.874765625 29.069125 32.455703125 0.999056041241
840.021 157.557703125 26.047 28.430671875 0.999042212963
381.13259375 187.14309375 30.4028125 40.319328125 0.999029517174
71.4034296875 471.58090625 36.215546875 47.12771875 0.999009490013
268.02853125 202.9175 29.592 31.281 0.998941242695
511.87915625 415.683375 40.50896875 48.13171875 0.998880326748
519.42703125 257.884953125 32.67228125 36.091671875 0.998854875565
345.94446875 51.4243828125 23.94153125 25.5797890625 0.998842298985
258.9765 262.7325 30.54575 38.66734375 0.998796820641
925.13625 119.862070312 27.1319375 30.0986015625 0.998789131641
874.7808125 100.219429687 26.5023125 32.3301484375 0.998776614666
966.7029375 189.88090625 26.14775 31.921078125 0.998703122139
912.7691875 150.2790625 28.4030625 35.648875 0.998685181141
697.4049375 337.4404375 32.3395 41.20340625 0.998627066612
144.167484375 503.6915625 47.74134375 53.94575 0.998599112034
568.6790625 302.6148125 29.398625 40.53790625 0.998573541641
332.90565625 280.47496875 31.82775 34.85309375 0.998552024364
655.509625 139.3273125 27.20075 30.1730625 0.998466610909
981.28775 150.98584375 29.553375 35.715796875 0.998439729214
169.690484375 385.34521875 33.12978125 40.64434375 0.998431026936
121.850289062 7.89949609375 18.5882890625 21.5868691406 0.99837744236
250.943578125 465.727875 39.845546875 48.9745625 0.998369514942
353.241 436.0803125 48.2978125 57.091375 0.998359024525
808.347 145.3341875 27.067875 29.40575 0.998338222504
263.01803125 139.296296875 27.70509375 32.35534375 0.998337984085
692.2171875 479.8586875 47.1429375 56.56775 0.99833625555
808.7723125 299.01159375 37.358 38.53590625 0.998271584511
47.7608398437 429.10546875 38.8348789063 40.65728125 0.998223483562
863.7725625 134.162203125 25.5585625 31.165578125 0.99821472168
993.7676875 80.209 25.6105625 31.0147421875 0.998168706894
49.4927226563 259.325078125 28.1484726563 35.003703125 0.998116850853
552.0365 391.68334375 36.972625 41.6788125 0.998093187809
575.79425 60.60203125 21.9585 29.4385859375 0.998056709766
89.927484375 376.47259375 35.511359375 42.278375 0.99804854393
50.1583203125 53.1118164062 24.4353984375 28.3251445313 0.998016119003
84.1458203125 187.826578125 29.0289921875 31.50484375 0.998012661934
303.29815625 11.5876386719 18.77634375 22.7874980469 0.9980058074
152.003265625 345.185875 35.037078125 42.60621875 0.997908592224
858.2096875 295.9983125 29.8560625 34.418875 0.997896432877
846.6434375 238.23978125 30.5971875 35.4663125 0.997843503952
250.631125 401.07984375 39.5713125 47.438375 0.997838318348
204.9474375 202.136296875 28.25809375 34.829515625 0.997750222683
978.4031875 439.104125 29.3151875 37.09084375 0.997695863247
354.0521875 76.217171875 23.16003125 28.20153125 0.997695147991
628.81875 471.4294375 40.4859375 46.3379375 0.997672855854
934.186375 72.3530234375 25.369 33.09984375 0.997629225254
206.056203125 261.435671875 31.184734375 37.811265625 0.997528731823
671.607 438.06784375 38.9951875 43.33009375 0.997429192066
182.676984375 122.188164062 23.548828125 31.8983828125 0.997415423393
727.47125 85.753015625 24.5095 31.7168828125 0.997414588928
273.614875 365.21009375 40.16065625 47.6224375 0.997407138348
498.9329375 94.0635234375 26.1846875 33.3659765625 0.997309446335
167.996390625 288.17140625 34.114375 44.08534375 0.997227013111
254.233859375 167.20765625 23.479640625 28.737703125 0.997169077396
382.19215625 5.11937841797 19.203375 21.8741958008 0.997087061405
107.136335937 427.420875 42.6122109375 44.25640625 0.996823191643
757.396 335.56334375 30.96375 40.2270625 0.996768116951
460.72459375 326.96221875 37.69265625 44.43975 0.996745228767
54.5518164062 542.68575 39.9273945313 33.80225 0.996718585491
871.9678125 68.401921875 25.0195625 26.2769765625 0.996716916561
415.1634375 428.75396875 35.8324375 45.66884375 0.996693134308
393.1061875 347.37975 36.645375 43.77225 0.996669828892
984.9906875 243.472328125 31.2075 36.650015625 0.996643185616
691.352 295.48846875 32.811375 36.30115625 0.99652582407
367.2160625 383.397375 31.94809375 40.77396875 0.996469855309
120.385171875 35.8145976563 19.32496875 23.16046875 0.99642676115
125.700523437 382.61475 35.3280703125 44.190375 0.996400952339
290.11878125 472.17353125 34.59828125 43.16046875 0.996289253235
839.1593125 76.44103125 25.1878125 28.6308203125 0.996282637119
990.8703125 479.4715 33.1056875 42.220125 0.99589240551
477.23215625 39.8040898437 23.6146875 29.1661914063 0.995817363262
146.894234375 102.565703125 26.25553125 31.274109375 0.99578422308
995.3353125 205.930359375 24.5334375 28.20034375 0.99531930685
173.513984375 500.4959375 29.811734375 44.75975 0.995287060738
774.086625 147.971625 24.250125 28.269765625 0.99509203434
622.383 175.52565625 25.098625 32.54303125 0.99509203434
790.5950625 67.13515625 24.701 27.980203125 0.99484872818
319.7530625 42.53246875 22.3945625 26.41165625 0.994806587696
794.8966875 272.32690625 31.1591875 34.23928125 0.994349062443
627.646375 293.24721875 35.408625 40.3745 0.994214594364
766.182375 496.4085 42.6095 53.970875 0.993946492672
184.44740625 436.52565625 29.9949375 43.5866875 0.993853807449
397.108625 254.25175 27.64021875 29.6053125 0.993637084961
223.556015625 308.968125 30.601859375 42.2575 0.993610084057
54.4091484375 305.1665625 30.8705625 40.313625 0.993604242802
367.36665625 135.84578125 27.97559375 32.623125 0.993543028831
320.63109375 539.20275 45.52821875 37.28525 0.993330657482
414.76584375 98.2662109375 23.4650625 29.058765625 0.993207752705
757.132 236.358 29.45 33.388 0.99299377203
612.559625 75.520046875 23.37475 28.709140625 0.992861330509
814.295375 182.585796875 24.8565625 32.89775 0.992574453354
163.72921875 69.8678359375 23.347734375 29.3749609375 0.992556512356
20.4452207031 81.5063984375 23.5468964844 31.33240625 0.99252820015
772.100375 88.7984609375 25.7971875 29.234171875 0.992377281189
185.82428125 15.4513515625 18.459921875 23.4769492188 0.992305457592
870.8875625 404.74878125 38.03625 43.564125 0.99211794138
207.570984375 230.290640625 24.751453125 32.868453125 0.991959273815
825.4194375 54.8298828125 23.82275 29.6951484375 0.991557717323
953.8686875 505.05521875 43.4140625 45.39403125 0.991493225098
639.323625 28.9326835937 18.99 21.6902421875 0.991190195084
791.1079375 373.917375 38.287 43.8926875 0.991026341915
921.3338125 381.42796875 34.1664375 42.75953125 0.990809679031
345.4665625 327.89765625 27.70834375 37.6293125 0.990763604641
371.1905 107.839765625 28.0949375 30.130046875 0.989963233471
545.616625 93.7533203125 27.819 30.8925234375 0.989766299725
361.98365625 12.3448623047 15.92803125 19.5000673828 0.989506423473
1002.287625 372.14728125 21.688375 41.63553125 0.988850414753
694.956625 238.838453125 30.2954375 34.772203125 0.988368749619
198.16625 100.569945312 23.4514375 30.4199140625 0.988303899765
145.765046875 44.5555976563 20.346875 23.3182539062 0.987853884697
331.6941875 433.64371875 35.0649375 43.872125 0.98712015152
930.37875 497.39565625 36.4084375 47.15003125 0.987047970295
655.669625 52.2603007813 23.4971875 27.9368320312 0.985568344593
754.8011875 26.8996972656 21.8300625 27.0234472656 0.985483169556
848.2874375 206.77846875 27.2823125 31.87790625 0.985326647758
990.492125 136.54546875 26.325125 32.44015625 0.984720230103
626.96175 410.72440625 29.107625 36.36009375 0.982334494591
158.121421875 6.74863867187 18.384203125 22.7196601563 0.981413245201
165.997859375 185.943984375 27.499546875 34.537328125 0.98068857193
816.575875 88.7317734375 22.5746875 29.557125 0.980376124382
798.2264375 118.352757813 24.1491875 31.5842265625 0.980068683624
402.8466875 54.0711171875 23.64453125 27.4742734375 0.979544579983
492.114375 23.9047910156 18.91690625 20.9519941406 0.97499370575
56.9729960937 223.786015625 25.9320664063 29.30559375 0.974634706974
242.332109375 7.00011083984 16.090390625 18.6153520508 0.972971737385
401.59865625 299.8593125 28.63490625 32.71003125 0.972797393799
368.16925 42.8785625 17.913625 23.7692578125 0.972223639488
113.825796875 55.7333710938 22.632234375 27.3845507812 0.970549881458
729.045875 5.53304492187 18.38675 24.1366621094 0.969738423824
907.039375 267.760375 27.129625 30.38434375 0.968359649181
82.2025 35.8937226562 19.78946875 22.480359375 0.967358052731
955.6301875 285.91109375 32.962125 34.55921875 0.967310428619
228.54475 83.5988046875 19.0786875 23.0944453125 0.963665366173
424.03490625 50.3067382812 20.175 28.9902382813 0.9621104002
563.375 0.0 19.2953125 16.2756699219 0.959424495697
39.0068007812 12.7493935547 17.504890625 22.6548251953 0.958937942982
522.85353125 62.088390625 18.24684375 24.538375 0.958828806877
679.174125 138.111125 24.210875 33.487421875 0.952270746231
182.7688125 61.5815 21.981171875 30.476359375 0.951567947865
794.0236875 19.2531308594 18.104875 25.0225019531 0.950563967228
229.00046875 539.7168125 41.13546875 36.7711875 0.948860943317
548.3183125 46.4686484375 17.7015 23.2990859375 0.945614516735
852.09325 50.5878710938 22.4185 26.4358945312 0.945289433002
564.71475 84.18940625 22.0104375 27.005921875 0.945066869259
445.30590625 42.1519140625 23.91859375 27.2896171875 0.943945527077
928.4519375 291.7255 27.784375 34.4651875 0.934850692749
696.275875 26.2033125 23.072125 31.4569101563 0.933396816254
398.34540625 79.569953125 26.13834375 31.0838671875 0.932560801506
134.36803125 85.4565703125 24.458109375 31.3069140625 0.932263553143
263.5554375 72.4665234375 26.4225625 28.0318984375 0.93127143383
409.70878125 27.6659375 18.55390625 23.2693554687 0.926165401936
4.76638134766 7.18320263672 19.1796655273 21.0833891602 0.926160991192
769.9543125 50.9076445312 19.963625 22.3924804687 0.918152451515
744.3545625 163.143328125 23.74625 28.964515625 0.915839493275
411.62009375 330.3675 31.93640625 39.35796875 0.915648341179
99.49828125 241.968875 21.7743671875 28.655875 0.913239479065
498.49940625 52.23434375 17.98284375 23.2679140625 0.912677109241
68.6401796875 245.02528125 23.9850234375 36.041 0.909470140934
845.4486875 18.3878671875 14.866 18.7829492187 0.906567633152
821.4481875 511.96953125 32.349625 41.06859375 0.904485166073
817.8869375 23.3741855469 16.9823125 21.9123300781 0.895640850067
698.8725 0.0 17.60125 18.6880058594 0.89086407423
363.50978125 261.050234375 26.844375 34.814359375 0.89065527916
478.39684375 272.93821875 24.2155625 27.7789375 0.880766451359
878.19225 275.53684375 27.2318125 30.2848125 0.869529783726
0.0 84.8725234375 20.4497734375 29.457046875 0.86904489994
507.718375 9.85822460938 17.134 23.2835234375 0.869002342224
615.951 34.7549765625 22.1169375 25.7291601563 0.861428797245
886.6803125 31.2557714844 18.432875 20.0000996094 0.861103892326
900.5658125 70.945 17.337625 21.4180546875 0.819620132446
445.79034375 388.3308125 32.7905625 36.70196875 0.809586405754
705.5784375 136.61109375 23.9566875 29.455703125 0.806799948215
