10--People_Marching/10_People_Marching_People_Marching_10_People_Marching_People_Marching_10_447.jpg
111
173.654412231 830.068756958 26.1806665649 30.5225783691 0.999806702137
872.406281006 625.96327771 22.0799121094 29.0040568237 0.997760295868
925.841830566 618.779576721 23.9893638916 30.4442421265 0.997028887272
247.077437683 484.097891113 24.2666854553 30.3914860229 0.996762752533
850.830630493 652.636838745 24.8584315186 29.3676233521 0.996563732624
84.4535804138 194.117350159 22.4543325958 25.9212980347 0.996459662914
638.657926331 673.137372437 24.8693676147 29.4221630249 0.996411144733
809.711472046 308.509503021 23.4946580811 29.448940033 0.995711326599
461.791352661 480.354648438 28.704088623 31.27665271 0.995704352856
967.017687744 475.727694092 25.9606773682 30.9177797852 0.995596826077
260.028732544 438.901727844 21.7792868042 27.214151123 0.995361745358
69.5733318481 443.525255859 24.0863396072 30.0843835449 0.995231211185
663.305775024 147.657574951 24.1422814941 29.2311920319 0.995161831379
736.514161987 333.445022675 18.8956306763 24.5406510925 0.994920670986
382.953551514 644.819548218 23.0066641235 28.1518861694 0.994735896587
567.190021423 754.593594177 26.092614563 30.8197304077 0.994661033154
255.08923114 72.1459780731 24.0264198914 27.8407237244 0.994612574577
275.069291138 548.309484985 21.573401886 28.8788314819 0.994599819183
519.20107019 350.825882385 23.9479663086 29.2365779419 0.993657648563
311.111097046 641.260388672 20.9105477295 26.7971244507 0.993298590183
132.524094742 795.605503784 23.0383811493 27.5650449219 0.993207395077
14.4829379616 455.229835754 21.3183250694 27.4019891357 0.993136763573
295.3498591 234.873012482 20.9501617432 23.4506086121 0.991644442081
332.824551758 159.141238663 19.4305137329 24.4173970642 0.990337371826
13.1884743805 291.329318329 22.4558052139 27.9497796021 0.990156054497
410.094454651 453.178965698 23.7672625732 31.3959641113 0.989126384258
491.575223938 785.07193103 43.4096647339 47.5350136719 0.989111125469
557.264223389 633.912317688 22.5807665405 27.547866333 0.988679349422
169.696754013 469.565039612 23.8827369537 28.1608040161 0.987185537815
271.799773865 281.804706055 18.2403566895 22.6758589478 0.984572052956
232.781425415 640.426100647 22.1387933655 26.615998291 0.984350800514
685.961048218 267.72103241 21.1157990112 25.2517085571 0.984304130077
326.633665253 426.907975037 24.7723273621 29.3458450317 0.9842633605
963.48218396 393.932453369 25.0387597656 28.8463517456 0.984059214592
773.824414246 499.735992371 23.4433569946 26.9847277832 0.982454240322
124.023744095 451.125232544 21.2457531586 25.3732728882 0.982228219509
951.393808105 26.5117314529 19.1964437256 25.0034814682 0.982185542583
805.186744385 637.348223206 23.4215317383 29.3647602539 0.981757938862
212.61784552 882.860437988 24.6038269958 31.5761046143 0.981297373772
545.024713501 38.6057865677 19.7898560181 22.7198380127 0.980995357037
766.979262878 357.094846985 22.441272644 25.9409172974 0.980391025543
253.858005066 811.959989746 22.3960732422 27.2128369141 0.980243265629
883.744431274 406.345720459 23.6667255859 26.1396444702 0.980229020119
108.766200211 537.689502991 22.5418917694 27.1051656494 0.979243040085
504.792693054 36.8102544098 19.1574868164 26.8320624619 0.978548586369
149.577317459 175.361428894 20.1286520538 25.9901297302 0.977438509464
191.239948257 124.547620651 19.2619781647 23.6057908783 0.975436091423
296.38214679 335.014939178 20.1158737183 25.5479922791 0.975344121456
669.840679199 512.12522821 21.8949841309 27.8166690063 0.975196242332
299.553685089 395.97154248 21.7275398254 28.8614182129 0.974510610104
873.691859009 108.572237045 23.03665625 26.6783762817 0.972334861755
612.28724353 364.457303864 24.6548699341 31.3563266296 0.970944166183
566.259702271 275.684786835 22.2029783936 29.1880226135 0.970314979553
852.896003784 292.61456778 19.6511600342 25.1332420044 0.970301985741
598.894045898 158.039661652 23.1681240845 28.1157688904 0.968015789986
35.3565544624 686.989604492 22.6979687538 29.3681396484 0.964061319828
356.971170532 512.531647339 20.9601591187 28.7029152222 0.960811078548
828.366574707 526.911862854 25.0560322266 29.3961604614 0.956917762756
478.625853455 112.73627301 22.5783258667 26.7101050415 0.954941570759
791.058528442 703.240784241 22.5516192627 25.5997392578 0.953854441643
284.229210419 368.764060577 19.2349078064 25.7230636902 0.95278608799
184.88879866 575.082925903 22.2325598297 28.4184828491 0.952105760574
207.241838989 62.0263283463 18.0246386719 21.9915960922 0.951826632023
719.560678345 47.9808899689 20.2793519287 26.0626048355 0.945746541023
620.335787903 3.90425674438 19.2620603027 24.4515840988 0.944932281971
739.433911926 135.755699432 21.7621082153 25.0048015442 0.943278729916
409.280114441 170.061188858 22.8551546021 26.6797608948 0.942288219929
666.076315308 46.9533516197 21.4096185913 26.9841029472 0.93691778183
72.2567177811 649.827106873 19.0705319443 25.7837285156 0.936786770821
337.261297821 253.975204346 20.8530745544 26.0798244934 0.931058287621
405.998769287 797.51195166 34.0113338623 39.9527788086 0.930783092976
849.506846558 14.8171826687 17.7704331055 21.6543826809 0.929967463017
615.712729248 134.57701825 22.6932722168 26.3773402863 0.928123652935
222.134079712 338.195817749 21.8859724121 26.3523116455 0.923252165318
159.055064102 734.234807312 24.1337508698 28.1978834839 0.923084616661
607.839490967 690.119064636 23.1806090698 27.6295350342 0.922136247158
563.836066223 331.54803241 22.7251887207 27.4639681702 0.919747710228
254.379839905 571.298520325 24.1517156372 29.4028253784 0.918005168438
830.887509155 244.936004547 20.2220899658 25.1003163757 0.91607183218
769.469078735 745.98871698 26.4924626465 29.0852092285 0.912721097469
809.534710938 123.0903741 19.8656577148 25.2392587738 0.91128796339
933.160378784 328.191167175 20.5018287354 25.9553031921 0.910187363625
37.9184230003 781.88868219 21.9040750542 31.8204066772 0.909745335579
993.618873413 369.063442078 19.9629091797 24.6942257996 0.906583487988
702.895898254 20.9873674488 20.0481919556 25.6360486813 0.90444880724
876.55073291 3.11341352034 21.4285338135 25.2903402143 0.903186738491
897.639187378 199.591218323 20.3248798828 24.8798812866 0.902522683144
488.079944336 327.610803101 22.8046044922 28.3727671509 0.902293264866
65.6722022171 835.402567993 23.9547602997 29.2042390137 0.900845766068
678.494698425 316.082843506 19.1988374634 24.2733973083 0.897709906101
980.249049927 271.628997101 22.394477417 26.5407128906 0.895996212959
492.378017883 155.53493187 20.9385216064 26.4151707306 0.893485963345
992.643542603 107.596765427 22.6692409668 28.2141702881 0.890057981014
646.590585632 271.216382416 19.6019241333 25.3430930176 0.887565970421
215.218406952 100.398725479 17.5889549255 23.2192139587 0.886828541756
759.22153418 105.442225403 22.6902213745 30.0467291107 0.866156518459
605.854237488 269.358513336 19.2627643433 25.7286490784 0.864377737045
402.867431702 85.1830133362 23.3206661987 28.9725392761 0.862109661102
903.839062134 160.175755814 20.2256571045 25.732216217 0.861732184887
192.020952148 429.107773132 23.6382354126 25.9929693604 0.846973598003
0.0591806566715 249.031642975 19.6372257154 22.3969650269 0.83984965086
694.536590393 86.654000412 21.7969816895 24.9098616791 0.836727559566
897.001889893 242.984990906 20.3148355713 23.9811266174 0.829897105694
679.757606323 364.590672607 22.5954105835 29.3189741516 0.82950258255
141.960842758 345.833554474 19.6436620026 24.4401375732 0.829010426998
834.122059082 49.0372382431 21.3886381836 23.3727827988 0.828764140606
899.196994385 731.815348572 23.191545166 28.8876085205 0.827761113644
992.84067395 522.985381897 25.5221070557 30.8271932373 0.823122143745
545.881718567 136.549692871 19.5502006226 22.0805574799 0.808111846447
527.902729492 179.823051056 22.9501062012 26.1045128479 0.804022014141
515.224039124 82.2518462067 21.8106400757 27.3494559784 0.801064670086
