10--People_Marching/10_People_Marching_People_Marching_2_395.jpg
10
951.9803125 178.366765625 34.86125 41.262453125 0.999504566193
465.522625 181.613546875 30.5784375 36.510546875 0.999361097813
219.684796875 161.667453125 32.5741875 44.150109375 0.999283015728
579.0025625 183.136390625 33.3955 40.30246875 0.999129354954
830.01375 212.84115625 26.159625 33.204609375 0.997494339943
742.336625 216.08753125 26.1205 32.71403125 0.990104615688
319.6290625 226.6675 26.9973125 36.053671875 0.964449465275
154.822296875 168.32346875 31.603234375 40.678546875 0.9357021451
667.3126875 216.015046875 23.9743125 29.894625 0.889679074287
330.779625 230.456421875 29.06996875 34.729328125 0.868822336197
