10--People_Marching/10_People_Marching_People_Marching_2_256.jpg
8
956.595125 159.071234375 49.93725 56.084171875 0.999120056629
449.3345625 220.27621875 81.3916875 90.22409375 0.998907089233
708.950375 145.435796875 51.1579375 56.313578125 0.998873174191
815.7741875 154.42753125 61.553 63.294265625 0.998580574989
326.1690625 218.30225 66.29253125 74.05825 0.997389614582
171.841734375 178.1178125 91.129265625 107.20428125 0.997284293175
575.3471875 243.937359375 67.787875 73.882640625 0.995076835155
141.080109375 226.444703125 61.142875 75.690359375 0.979267239571
