10--People_Marching/10_People_Marching_People_Marching_2_678.jpg
18
350.2955 277.88709375 27.0669375 32.581125 0.998810768127
722.5126875 272.28021875 26.3115 32.50221875 0.998694598675
253.937171875 289.791 29.026171875 33.64690625 0.997809708118
215.644625 295.83165625 27.06240625 31.29465625 0.99736905098
305.17296875 291.13065625 23.58565625 27.06303125 0.997223854065
448.79175 295.7898125 23.815 29.48628125 0.996811687946
842.2531875 303.8075 24.239875 28.5914375 0.993257403374
900.1181875 206.827875 14.179125 17.453515625 0.991857290268
622.1318125 294.1884375 22.1471875 28.9166875 0.989572048187
885.0295 294.283875 22.4935625 26.30234375 0.985710144043
65.859421875 254.465953125 11.409484375 14.981578125 0.98104351759
512.73825 303.25628125 24.1286875 27.24971875 0.966270387173
115.602726562 335.35446875 12.9366015625 18.0098125 0.958778142929
788.5230625 305.0000625 21.6865 28.14059375 0.938796341419
21.0994609375 318.2283125 12.6095839844 17.877 0.926785886288
945.2111875 208.51603125 13.2845 15.993796875 0.904290556908
804.16375 308.20390625 15.19625 21.9824375 0.873837530613
205.251171875 296.40928125 11.8523125 15.42303125 0.819576025009
