10--People_Marching/10_People_Marching_People_Marching_2_430.jpg
8
162.46715625 162.741265625 35.196859375 39.77996875 0.997956633568
768.3951875 203.4165625 40.91275 44.00525 0.997050046921
287.14946875 130.41434375 31.26340625 36.674984375 0.996505498886
913.624625 251.727609375 35.5804375 42.298578125 0.996346056461
415.985 172.60453125 30.57278125 36.182921875 0.995644688606
631.3428125 200.85271875 45.409125 55.065140625 0.995046854019
213.034453125 157.369796875 24.29984375 29.653765625 0.965766012669
305.44378125 182.824375 27.090125 37.360296875 0.902464330196
