10--People_Marching/10_People_Marching_People_Marching_2_40.jpg
49
354.1203125 126.926828125 28.451125 36.73175 0.998883783817
830.133125 238.9659375 57.17625 73.45671875 0.998852610588
92.0270859375 89.620875 25.9975078125 31.3839609375 0.998596489429
401.2046875 157.867921875 29.52678125 35.3628125 0.99856454134
264.79059375 117.40203125 29.74396875 35.619359375 0.998134493828
516.13284375 512.5570625 106.11684375 110.8461875 0.997568547726
47.6611523437 133.77178125 38.5808789062 46.47775 0.997312545776
495.98584375 148.07784375 30.02215625 32.509703125 0.997189700603
767.304125 210.0548125 38.4784375 34.709609375 0.996853888035
584.007 270.0808125 45.162125 56.70425 0.996850430965
712.580625 268.1299375 55.796625 69.24434375 0.996530950069
80.9673671875 444.572375 103.645101563 133.3835 0.996278345585
943.05625 242.7760625 48.637625 62.27078125 0.995884478092
795.6874375 66.789578125 12.5968125 16.7722265625 0.995779752731
816.518625 144.006703125 23.327 37.359609375 0.995301008224
96.307890625 134.82303125 27.35690625 38.74621875 0.995018362999
714.5659375 53.1825273438 14.659875 17.9237070312 0.994445562363
710.894125 84.579953125 16.28275 20.461828125 0.994225203991
664.583625 204.24325 43.7126875 55.570421875 0.99417757988
589.595 129.667960937 24.0384375 37.3868203125 0.993343353271
686.754125 247.857125 41.668625 59.2154375 0.993153572083
515.7320625 87.3105390625 19.0823125 24.47790625 0.992121458054
564.0226875 65.22134375 15.554625 17.9013359375 0.989159166813
821.3788125 54.7630546875 13.5305625 16.37725 0.98891055584
316.347125 146.1655 30.75090625 35.701046875 0.988770127296
419.23165625 100.830140625 23.12875 29.6193828125 0.98827713728
410.473875 46.4212109375 13.78684375 16.2929257812 0.98718726635
229.12384375 92.4422890625 22.360671875 27.442796875 0.98682808876
135.752953125 78.866765625 25.717 32.4478828125 0.98664188385
757.46225 49.7656132812 12.908125 15.6177539063 0.985012054443
222.58684375 200.297734375 29.72659375 38.284375 0.984604179859
157.1188125 214.801875 46.107171875 57.819375 0.984192609787
769.3311875 87.6035390625 18.6463125 20.7515 0.97838062048
680.1645625 97.9830390625 19.00725 23.8316875 0.977607011795
741.6225 64.8398632813 13.1935 16.4571289062 0.977388262749
511.36015625 49.4989882812 12.96028125 16.3373867188 0.974961102009
573.7984375 45.6690507813 13.9839375 18.151453125 0.969772994518
708.3031875 356.4603125 46.79125 68.1106875 0.966163218021
471.9455 107.926359375 22.0485625 28.00490625 0.963937819004
986.389625 330.5395 37.586375 80.17625 0.952587425709
852.775 52.9692734375 13.917 18.5626015625 0.944723069668
698.6958125 43.9762890625 14.3559375 16.3304765625 0.942870140076
944.685875 299.762625 54.9971875 65.02025 0.919054985046
799.3890625 112.9321875 24.94275 31.09153125 0.913558483124
252.89234375 86.69553125 19.562 21.4715390625 0.912970125675
789.43625 119.254804687 25.3369375 31.5405234375 0.90870642662
941.33975 205.56934375 36.0006875 44.788 0.864599585533
665.171625 101.509867188 15.017375 21.9525546875 0.856852710247
48.03365625 345.86828125 58.653375 67.884125 0.838717222214
