10--People_Marching/10_People_Marching_People_Marching_2_668.jpg
15
768.134375 315.032375 27.5943125 31.1051875 0.999325156212
656.5583125 309.65225 34.6865 39.39525 0.999314904213
192.249859375 300.70484375 37.857109375 44.40425 0.999251663685
539.86075 292.95678125 32.223125 38.0903125 0.999223470688
295.925625 350.84590625 37.764875 43.0170625 0.99918538332
99.9635546875 265.6075625 32.8385859375 39.64 0.998537063599
603.6416875 304.67240625 24.4853125 29.9790625 0.997763514519
408.7009375 306.6389375 47.2429375 53.26871875 0.995947062969
856.8970625 316.1140625 23.654 26.367875 0.995095014572
461.023 318.2735625 26.467625 32.43540625 0.990758895874
369.844125 330.9906875 22.44740625 27.11865625 0.990467727184
513.234125 316.732875 19.0360625 21.85565625 0.989691138268
985.0550625 332.794 14.4623125 16.792875 0.9875420928
920.8066875 335.861 18.9934375 20.7243125 0.986907362938
956.934 328.51459375 15.1015625 18.5640625 0.948915421963
