10--People_Marching/10_People_Marching_People_Marching_2_1046.jpg
10
511.540625 202.733359375 50.2408125 62.320671875 0.999022126198
280.6561875 259.87634375 16.93225 21.2160625 0.995748341084
48.2903359375 204.672984375 23.1708984375 27.70759375 0.987270474434
1006.4055625 226.678796875 17.5704375 31.718953125 0.982978880405
736.9334375 233.894015625 26.34925 32.855890625 0.970926642418
217.9965 217.428171875 20.394578125 21.9954375 0.963135719299
98.344796875 207.139828125 15.4249765625 18.608046875 0.950097024441
366.9015625 237.4063125 14.91978125 19.267734375 0.9484385252
424.5884375 198.293296875 18.83359375 24.435671875 0.90518116951
169.377921875 247.508765625 25.57640625 31.033671875 0.899568080902
