21--Festival/21_Festival_Festival_21_797.jpg
13
419.166748047 215.360473633 52.5626831055 67.5331726074 0.999018669128
312.648742676 322.141662598 55.977142334 65.9607849121 0.998228013515
502.773498535 257.122161865 51.2915649414 73.6611022949 0.996908247471
84.9435501099 244.18927002 51.5763778687 60.1057434082 0.994496762753
834.403564453 162.856262207 41.8936157227 49.8753356934 0.993301749229
644.262634277 132.093658447 101.705627441 132.160675049 0.99218583107
183.414978027 78.5527801514 25.0944824219 37.7461090088 0.977786898613
98.4335098267 331.069274902 55.8014755249 65.6448974609 0.976912081242
777.159057617 280.744598389 49.5426025391 62.0965270996 0.969103574753
287.397399902 198.261566162 27.4031066895 40.5259857178 0.961600124836
39.6279640198 185.199768066 26.7728385925 41.5809631348 0.945378601551
299.500732422 234.008102417 46.5614318848 56.9322357178 0.92783844471
170.251403809 294.659637451 50.2341156006 57.0536804199 0.816264390945
