54--Rescue/54_Rescue_rescuepeople_54_222.jpg
8
844.496337891 44.1867408752 51.9514160156 60.4498023987 0.998502492905
221.450256348 71.5731201172 35.6109313965 43.2823791504 0.997278630733
50.5165100098 37.0929603577 36.0476608276 41.1644172668 0.995966315269
122.851387024 33.4294509888 32.2059249878 38.5389633179 0.995281279087
508.703308105 214.586105347 42.924621582 53.5847625732 0.991214096546
669.397644043 41.8946228027 50.7166137695 70.8658981323 0.980725169182
172.65284729 54.9170341492 39.5965423584 45.5488395691 0.976008415222
324.441619873 85.7196807861 56.6053466797 58.9487304688 0.975730419159
