46--Jockey/46_Jockey_Jockey_46_79.jpg
12
623.258625 30.6068085937 26.56725 41.7980039063 0.99965929985
557.6274375 84.130640625 34.18375 50.99875 0.998890340328
595.3849375 48.1641210937 36.1069375 47.9234960938 0.998715996742
322.15915625 241.064484375 46.07821875 59.171421875 0.998676478863
416.080375 220.81146875 33.72865625 52.85484375 0.998423933983
664.760375 23.8700820312 29.9098125 45.0845273438 0.998066842556
427.505875 174.625203125 40.09121875 49.409109375 0.995737433434
539.380625 41.6463164063 37.9644375 45.3104960937 0.993091464043
392.80371875 252.58725 37.86303125 50.86325 0.992390930653
459.2229375 154.74153125 28.4170625 41.98790625 0.919378697872
536.178375 107.806742188 22.1698125 41.0896796875 0.85193002224
677.5199375 0.0 31.7109375 22.3293398437 0.811224043369
