46--Jockey/46_Jockey_Jockey_46_352.jpg
20
88.3959375 148.441859375 46.73625 58.2984375 0.999531626701
811.43325 225.64940625 44.844 59.30721875 0.999053657055
496.33003125 182.736875 36.20540625 47.0075625 0.999022006989
435.59046875 248.29878125 44.09578125 58.1615625 0.999019980431
520.7816875 72.7513828125 34.7613125 45.2388515625 0.998902201653
780.8961875 139.717359375 38.592 49.430375 0.998749017715
902.8204375 130.482835937 42.4560625 56.7800703125 0.998498916626
169.49934375 238.474671875 46.975875 58.681203125 0.998486220837
610.0655625 66.1485078125 37.780125 46.090546875 0.998453617096
220.498 49.322328125 38.235984375 49.144578125 0.998380661011
421.040875 74.5005234375 36.4809375 45.1712265625 0.998364984989
336.01203125 126.939421875 40.225 49.2103125 0.998321354389
693.5759375 67.305140625 36.2265 47.9885546875 0.998213171959
300.593125 250.941015625 44.19028125 56.713296875 0.998191297054
677.0923125 234.4208125 43.36125 57.12096875 0.998071610928
557.96375 243.4485 43.44 54.46046875 0.998014330864
632.248125 148.072453125 39.45425 50.227609375 0.997659564018
791.8163125 57.8306484375 37.145875 47.1317734375 0.997527658939
337.3715625 45.4871015625 37.09278125 49.3104765625 0.997462630272
208.229953125 138.322671875 42.359515625 55.627390625 0.997216701508
