46--Jockey/46_Jockey_Jockey_46_444.jpg
13
217.662671875 336.56971875 35.64965625 42.93759375 0.99958640337
665.0135 364.21353125 39.906125 46.77296875 0.999290585518
814.0144375 136.58734375 34.5549375 44.778421875 0.999195516109
521.57121875 152.799921875 35.43571875 42.169421875 0.999058187008
409.29496875 169.7375 36.166875 42.9155 0.998848676682
711.7620625 147.250640625 38.084625 47.43578125 0.998610973358
614.7170625 138.362703125 35.0219375 47.477734375 0.998413562775
484.44746875 335.55528125 39.12403125 47.905625 0.998336791992
316.17621875 148.187140625 32.70840625 41.611078125 0.998184144497
99.500359375 350.175375 35.99428125 46.9295625 0.998162925243
858.1301875 343.73778125 42.7781875 55.425625 0.998094141483
343.38634375 336.104875 39.459875 48.715375 0.997771263123
219.10275 139.32125 31.128015625 39.695296875 0.997646391392
