38--Tennis/38_Tennis_Tennis_38_452.jpg
9
808.330383301 102.403305054 37.1342163086 47.5602874756 0.995199024677
183.637237549 126.123199463 42.8987731934 54.6093902588 0.99203401804
913.804504395 116.50932312 35.8650512695 47.4564666748 0.991389811039
721.485351562 80.3829727173 37.7094116211 47.0944442749 0.988518536091
393.141143799 68.2269668579 36.5161437988 45.572555542 0.986188709736
280.55178833 76.7919616699 41.3144836426 53.6352081299 0.983204901218
614.897277832 61.933216095 37.8624267578 47.7595787048 0.980153560638
509.685668945 58.0643463135 35.4951782227 47.3354797363 0.969020187855
48.3011245728 118.900802612 38.0970687866 45.8314971924 0.966761171818
