38--Tennis/38_Tennis_Tennis_38_535.jpg
21
513.965515137 423.545959473 24.1780395508 29.9836120605 0.964333295822
577.975585938 304.929077148 25.3915405273 31.2646789551 0.960861504078
321.918487549 383.272613525 22.6578063965 28.917755127 0.956333100796
713.144470215 318.233215332 21.9682006836 28.9286804199 0.944408118725
431.384277344 448.187896729 23.4978637695 30.8565368652 0.939722418785
206.623764038 432.484436035 22.6302490234 28.7618408203 0.935348987579
368.080078125 406.010864258 24.322845459 29.9890441895 0.934928357601
760.790466309 426.550628662 23.8944702148 30.3924255371 0.929580390453
134.823654175 456.380889893 23.626449585 29.026550293 0.929268062115
505.212524414 471.18838501 23.6820068359 31.563659668 0.92275673151
460.346313477 423.200866699 25.0697021484 31.7586364746 0.922595262527
861.839904785 324.81161499 23.631652832 28.2796325684 0.903984189034
190.53678894 341.361999512 22.8547821045 28.1855163574 0.902527213097
656.385437012 464.064086914 22.4482421875 28.7329711914 0.895430624485
777.937072754 307.725799561 23.5123291016 29.3099975586 0.891912639141
241.913650513 287.381713867 21.5878448486 27.1520996094 0.85258191824
896.770385742 488.829528809 24.7348022461 30.4412841797 0.839903116226
288.253509521 458.142974854 23.0050048828 30.1962280273 0.829035758972
465.491149902 265.685424805 21.6591491699 28.0042724609 0.814549028873
479.862365723 315.090454102 22.1589050293 27.8086853027 0.813398838043
145.467056274 305.092346191 23.7271728516 30.2072753906 0.809408307076
