35--Basketball/35_Basketball_basketballgame_ball_35_64.jpg
34
123.912 286.903 57.4388 76.8674 0.998833
292.615 235.366 63.0439 85.2924 0.99862
32.3707 242.548 54.8685 71.4642 0.998618
473.435 218.984 64.9321 85.5524 0.998448
690.831 219.711 69.962 91.86 0.992107
237.579 245.309 33.5712 43.8275 0.990945
592.252 77.975 28.1807 36.4031 0.99062
655.792 104.916 34.0664 44.3535 0.989307
588.198 210.085 67.0253 90.3726 0.988977
95.4837 129.103 24.2053 32.3512 0.987044
97.0405 196.458 45.9978 59.0743 0.98647
900.091 173.716 59.6267 85.895 0.985844
490.86 158.877 35.984 42.1268 0.984012
342.087 153.792 28.1883 33.7756 0.980487
271.388 127.487 26.974 33.2928 0.980352
806.119 184.378 38.1013 48.9268 0.978952
138.934 107.632 25.3814 31.9964 0.977901
439.694 109.553 32.7653 41.362 0.975475
870.243 58.7343 26.8466 36.3104 0.97111
150.189 139.111 26.3344 35.6601 0.967508
948.179 178.196 83.197 111.876 0.956888
534.95 16.827 26.3146 32.6622 0.956589
274.449 220.69 31.7764 42.6683 0.953174
191.912 219.277 28.9045 33.213 0.943066
412.048 113.65 29.0896 35.6881 0.942623
465.157 65.0606 24.9088 31.5228 0.938819
234.956 191.588 31.5713 37.5223 0.92723
-6.14752 243.303 35.4044 39.8221 0.922978
527.214 91.5125 31.2046 38.0335 0.909676
397.507 146.138 28.6681 35.7382 0.902382
387.08 68.3804 26.884 31.5818 0.892437
566.132 201.454 29.1707 39.1282 0.892278
448.465 3.10936 26.1085 31.1182 0.876666
31.1483 155.054 26.7007 29.5023 0.850559
