35--Basketball/35_Basketball_playingbasketball_35_674.jpg
23
370.396 154.807 63.2288 77.5377 0.998488
186.66 137.596 44.958 55.0897 0.997238
88.6138 8.28762 31.5601 37.1155 0.993143
172.362 16.7699 30.6748 37.8129 0.992449
151.097 64.5011 36.0717 46.8763 0.989023
15.6243 234.378 35.1648 45.9242 0.988793
859.541 259.925 31.7557 39.0883 0.987254
597.369 276.342 34.9307 43.1923 0.986211
562.523 103.339 29.3098 37.6765 0.977661
406.619 16.3057 29.6005 38.4487 0.975392
633.407 45.8318 49.2244 73.2587 0.975194
212.135 76.0678 28.6362 36.1784 0.970687
-8.48774 90.9273 34.2314 45.9083 0.968451
290.43 114.559 29.9821 39.6135 0.968204
355.413 89.2748 29.9714 34.4639 0.96779
264.426 83.9807 32.0954 39.2352 0.961768
978.932 24.5778 51.6589 85.0937 0.947273
600.992 25.3123 23.0883 30.9486 0.944713
349.507 7.84583 26.2676 34.3932 0.905496
801.459 50.0643 25.196 31.698 0.884323
505.508 27.6523 26.3661 34.3485 0.876729
479.911 107.548 23.1615 28.5125 0.810846
450.045 18.2417 30.514 38.3847 0.808082
