35--Basketball/35_Basketball_basketballgame_ball_35_709.jpg
32
882.427 1009.5 32.405 40.6585 0.994419
768.129 997.835 31.926 42.7145 0.993899
221.272 1007.93 35.992 43.4946 0.993372
180.987 982.07 35.8114 45.7238 0.991681
347.092 964.037 30.8325 37.4657 0.991551
62.4012 987.933 32.6449 40.9519 0.990277
135.824 959.489 26.1258 33.8279 0.986831
285.166 992.248 35.7944 45.1436 0.986139
526.49 407.215 65.7495 66.911 0.98314
245.776 929.103 26.2556 34.1689 0.97839
1002.7 999.829 29.6047 37.2863 0.97643
35.385 985.888 28.8487 39.8517 0.968656
897.191 978.518 26.8409 35.0116 0.959807
172.553 939.288 24.0852 30.7787 0.957317
2.37391 1004.83 38.6044 46.5903 0.954821
994.871 930.286 22.588 29.9077 0.946646
321.793 776.33 23.1093 31.4476 0.945097
863.3 975.877 23.452 30.6461 0.942056
24.93 771.863 24.5082 29.8053 0.933862
849.735 918.82 23.5131 30.2531 0.912148
903.891 926.292 23.3828 29.7965 0.882475
414.14 754.127 23.7484 28.892 0.880033
3.39271 967.942 23.4815 30.3234 0.876636
992.37 977.122 30.3407 37.5747 0.868834
16.9618 857.013 23.3001 28.7971 0.857185
929.681 905.406 22.1067 28.5623 0.82853
104.567 828.109 24.3182 29.0264 0.828209
353.275 832.467 23.6123 29.976 0.827869
826.341 718.6 21.8853 29.5333 0.81772
494.917 992.903 29.1055 38.6601 0.812716
391.452 629.192 17.1042 20.9758 0.807621
926.03 734.869 16.9207 21.1624 0.803138
