35--Basketball/35_Basketball_playingbasketball_35_495.jpg
24
825.28 820.335 62.408 75.3424 0.997942
343.799 759.209 59.1046 69.3718 0.997729
737.967 1058.16 25.5929 32.6252 0.991641
171.572 1116.16 26.6254 35.3687 0.989203
233.758 1155.86 25.3399 33.0737 0.988304
742.996 989.192 24.4536 33.1058 0.978702
205.067 964.028 25.7163 33.0165 0.964101
670.578 983.604 22.8582 30.4539 0.944287
180.648 924.043 23.5851 30.187 0.930779
286.924 580.577 15.5963 19.2466 0.918954
224.002 739.015 23.8811 30.2996 0.918784
904.011 814.825 22.4614 29.7482 0.902146
830.862 631.756 15.8182 20.4357 0.895152
983.086 638.757 14.9915 18.7325 0.894427
252.635 1104.06 25.2579 31.5823 0.894114
936.196 607.507 13.3063 16.5652 0.89158
950.996 830.144 16.6335 20.8029 0.871387
845.374 606.915 14.5178 18.403 0.866838
15.366 778.409 64.5466 66.985 0.864874
934.807 695.708 16.2732 20.7278 0.860759
793.451 758.329 16.7882 19.6677 0.839497
970.587 896.385 22.5646 26.2871 0.836467
871.372 661.647 15.9517 20.7401 0.830881
742.194 600.239 14.7954 18.196 0.818142
