8--Election_Campain/8_Election_Campain_Election_Campaign_8_174.jpg
39
7.263 479.237 47.0896 60.2092 0.99859
739.11 479.572 63.3544 75.6031 0.998393
899.836 508.318 58.1058 71.4142 0.998245
67.5892 470.617 46.1137 57.211 0.99763
267.357 453.282 31.3143 40.2322 0.996658
164.395 524.989 76.3563 82.5801 0.996348
295.846 483.829 50.7126 60.2654 0.994307
128.199 414.34 35.5803 43.9568 0.994303
208.062 432.416 31.5214 40.1646 0.994249
584.375 461.882 39.4252 41.1695 0.9934
929.708 419.207 31.861 42.2497 0.99323
622.43 502.08 43.6097 55.7845 0.992499
167.81 454.278 34.0159 42.8517 0.990853
815.736 580.375 90.3906 119.225 0.987305
384.707 544.441 64.0051 72.1062 0.986936
168.041 423.841 29.9857 37.0327 0.982895
310.197 440.703 29.4363 34.9194 0.982712
743.731 444.326 29.9646 35.324 0.979773
949.993 466.187 44.3405 54.1317 0.978624
502.748 344.825 31.5924 39.696 0.975735
202.248 480.381 33.143 42.0379 0.975613
609.997 416.599 22.7255 29.8314 0.973084
877.216 462.508 38.9301 45.3801 0.9713
822.267 440.55 33.577 40.4645 0.966416
446.633 448.267 47.3821 53.2655 0.964116
578.929 413.737 31.1615 34.8801 0.960366
47.9402 447.547 29.9714 36.324 0.938456
428.745 502.227 46.1239 61.0111 0.932216
257.15 422.892 27.0786 29.8101 0.920644
654.134 420.771 26.9204 30.7868 0.920425
433.936 447.543 29.1965 38.7957 0.914938
33.9433 384.611 23.1274 31.1493 0.914501
242.246 416.639 24.2001 31.4942 0.912984
161.055 603.69 93.8495 104.845 0.909874
420.561 429.233 27.7258 31.4768 0.878928
970.84 336.715 12.9346 15.6011 0.876206
954.977 419.466 24.9677 31.6879 0.836286
91.882 395.052 21.9995 28.2732 0.822075
307.886 414.616 25.8869 29.8806 0.812748
