8--Election_Campain/8_Election_Campain_Election_Campaign_8_84.jpg
12
122.753 542.174 45.0184 58.6929 0.998599
35.8466 527.849 27.9419 34.6293 0.986529
310.836 495.203 23.3663 32.9692 0.978952
207.346 506.307 27.5861 40.9601 0.971771
288.926 501.425 24.0809 30.0889 0.964678
81.5582 502.264 25.6287 33.6208 0.953875
880.633 506.738 21.1284 28.937 0.924444
93.2335 502.125 24.8122 34.2953 0.923128
126.268 482.658 21.8169 29.2085 0.918842
975.438 489.184 25.8928 29.7356 0.917394
632.034 204.509 17.2292 21.3281 0.844268
488.943 190.633 17.1542 22.1772 0.823228
