8--Election_Campain/8_Election_Campain_Election_Campaign_8_32.jpg
13
468.3 281.065 26.5432 33.2913 0.995311
221.582 260.253 29.0712 36.9454 0.995282
108.366 238.91 28.3817 36.1027 0.994811
663.382 274.405 25.0444 34.0792 0.993137
320.799 291.023 23.8668 32.1325 0.992975
872.836 288.385 24.5093 30.9048 0.99268
951.607 272.299 26.3011 33.3828 0.991905
363.12 287.663 25.1418 31.6968 0.987144
562.048 305.808 21.1627 28.1814 0.987063
33.5787 259.994 26.9412 37.9836 0.98531
723.502 276.44 23.9639 31.2381 0.97655
616.1 292.437 23.1591 30.2009 0.97553
912.46 263.193 30.408 36.4502 0.950934
