1--Handshaking/1_Handshaking_Handshaking_1_579.jpg
53
649.163757324 277.382080078 31.6291503906 42.7997131348 0.998295962811
586.23034668 250.624404907 27.9342041016 36.8115692139 0.996043086052
676.172424316 365.322906494 34.0230102539 43.5234985352 0.993704497814
749.41809082 304.55355835 27.966796875 35.506652832 0.991757333279
775.567382812 353.028594971 29.3563842773 40.3756408691 0.991396486759
271.660949707 214.293930054 26.1668395996 35.7164764404 0.991384029388
624.993896484 236.014816284 24.9796142578 33.5352935791 0.990191221237
583.45513916 319.174072266 34.8968505859 43.1520385742 0.988744139671
498.529815674 409.519226074 33.527557373 42.6358337402 0.986415207386
530.48260498 313.963745117 26.8720092773 34.9933166504 0.985800802708
859.36706543 256.217590332 26.4954833984 35.8713989258 0.982170581818
597.435241699 421.744537354 32.198425293 39.1186523438 0.980937898159
881.910400391 273.829467773 31.0625610352 39.7456359863 0.978215992451
528.900512695 239.535263062 23.3778076172 28.7947845459 0.977262675762
470.781402588 349.700622559 28.6050109863 36.5120849609 0.974148750305
940.221862793 430.183624268 34.6940307617 41.5205383301 0.97027772665
384.543212891 279.251312256 23.5051574707 30.3233337402 0.966192305088
1003.82928467 230.570144653 20.170715332 36.5721893311 0.965454697609
859.046447754 343.646606445 35.8927001953 44.6419067383 0.962588787079
440.089233398 310.012359619 26.7496337891 34.5567016602 0.95895922184
147.397293091 314.545257568 32.6722717285 39.1449584961 0.957798063755
398.003692627 382.530212402 31.6276245117 37.3311462402 0.95143699646
235.619720459 198.807312012 25.2296142578 29.8170623779 0.948904573917
788.122009277 412.793426514 34.8116455078 41.6223449707 0.944872438908
25.9139652252 201.768112183 25.7313976288 33.5665130615 0.940588772297
493.398590088 285.860443115 25.521697998 30.4448852539 0.935032427311
149.612823486 203.131500244 25.9686431885 30.5931854248 0.93435806036
171.794219971 283.106536865 23.279296875 29.542175293 0.933393597603
415.033325195 333.053131104 32.7319335938 36.9912414551 0.928944349289
76.7763900757 359.710418701 32.6234359741 38.0474243164 0.92803144455
8.12931346893 392.424407959 36.820561409 41.0748596191 0.926623940468
636.532348633 197.404724121 24.1287231445 30.2712554932 0.915831208229
891.687194824 173.058151245 24.5330200195 32.9195098877 0.911719501019
144.727828979 85.6679611206 13.5620422363 17.4376907349 0.906123042107
442.174987793 132.779464722 15.4702148438 19.9907531738 0.886094033718
737.906066895 191.311477661 24.1887817383 29.9197387695 0.874525725842
116.59577179 253.103530884 25.8033676147 29.699508667 0.87402266264
32.1125793457 161.427139282 23.0090141296 28.5108795166 0.866600930691
887.395935059 143.913864136 16.6539306641 20.6071929932 0.863298952579
387.007568359 74.0808563232 12.7244567871 16.1119995117 0.860180020332
305.927276611 258.901763916 23.9979553223 28.5678100586 0.850832462311
531.772521973 195.617889404 21.6709594727 28.6946411133 0.849147439003
89.2183151245 209.57069397 23.8582839966 29.7877960205 0.846687078476
839.71105957 140.191757202 16.3611450195 20.8365936279 0.844505131245
475.31149292 134.529006958 12.6107177734 16.4722747803 0.841888844967
3.71541547775 257.773712158 21.7409291267 29.4865112305 0.838785231113
425.423583984 97.2895278931 12.9659729004 16.6924209595 0.832180857658
179.397140503 314.690887451 26.9746856689 31.0593566895 0.829605579376
736.044799805 144.680480957 15.4487915039 20.218460083 0.819084882736
828.499511719 240.80645752 25.6579589844 32.3193359375 0.812024235725
961.196960449 110.801193237 14.4165649414 18.2782592773 0.811282873154
497.74407959 201.38520813 20.909362793 27.759552002 0.806565582752
129.849578857 152.762908936 21.9504699707 28.069442749 0.804753482342
