4--Dancing/4_Dancing_Dancing_4_84.jpg
8
132.281936646 175.504104614 47.8941802979 55.5738983154 0.996757686138
851.210449219 110.389770508 39.2376708984 46.6599273682 0.996729016304
699.335571289 160.738845825 44.9916381836 54.0806427002 0.993301868439
478.881713867 138.341522217 36.5216064453 44.9512176514 0.986628651619
536.93157959 198.966293335 32.8146972656 49.8618469238 0.98283547163
342.590637207 156.59463501 43.4308776855 51.5031738281 0.982130467892
603.735229492 82.3860931396 21.7312011719 28.2642059326 0.898495733738
790.061950684 65.611946106 24.2396240234 28.367401123 0.85708117485
