4--Dancing/4_Dancing_Dancing_4_319.jpg
22
214.528991699 158.533325195 34.7487945557 42.0069580078 0.998746991158
147.984649658 62.4905815125 30.700592041 39.4726371765 0.997833669186
409.751159668 74.3397750854 29.9391784668 38.4294281006 0.997823357582
552.981201172 34.3453712463 33.5356445312 40.8933830261 0.996694564819
343.349639893 45.3154716492 31.7104187012 39.833568573 0.996481776237
486.37020874 59.9307861328 32.1954040527 40.1262512207 0.99522960186
731.123657227 52.3748970032 35.0611572266 44.5871391296 0.993620932102
953.760375977 26.9219818115 32.1840209961 38.4425048828 0.993516564369
447.071105957 53.6540260315 31.4720153809 38.0131111145 0.990799069405
0.0 15.4754753113 26.8516960144 36.3563041687 0.988678514957
199.88381958 90.4538574219 23.8999938965 31.4700469971 0.987861096859
687.343261719 60.8395462036 28.4848022461 35.5768051147 0.982232928276
593.758422852 0.0 36.0346679688 38.0287971497 0.980362594128
964.266540527 81.5320281982 37.9290771484 44.4392242432 0.979924678802
445.21194458 143.737060547 27.0950622559 31.0532531738 0.973972082138
610.865661621 135.819671631 61.2539672852 60.0184936523 0.971369624138
85.2871704102 72.4382324219 48.0466918945 52.3912811279 0.970962047577
321.15057373 9.79813098907 22.8127746582 28.7112569809 0.969103038311
655.090026855 49.7516212463 30.1224365234 39.6004447937 0.966164469719
328.77923584 245.053359985 34.379119873 40.4729156494 0.957846283913
303.95980835 45.7780570984 30.7388305664 32.8473854065 0.939277887344
191.804168701 56.2423667908 28.0960083008 32.657245636 0.817515850067
