43--Row_Boat/43_Row_Boat_Canoe_43_940.jpg
8
511.670625 213.498921875 29.595125 32.067921875 0.999417066574
247.502109375 241.18040625 26.461796875 38.27034375 0.998744368553
676.1865 300.186125 29.806 38.5919375 0.998466789722
757.43525 300.77709375 28.725875 36.05865625 0.998366892338
396.92265625 204.673484375 29.600125 37.023234375 0.99709379673
310.80384375 188.384875 28.83696875 37.61940625 0.996625185013
118.558070313 397.198 26.3448046875 34.58271875 0.995261132717
524.6363125 427.11290625 36.766375 44.05759375 0.884356915951
