33--Running/33_Running_Running_33_266.jpg
27
281.803 211.894 41.1036 41.2531 0.999283
238.487 221.215 45.4299 57.9898 0.999261
484.325 251.055 50.5659 60.9256 0.999252
873.139 194.563 46.1271 57.8049 0.999161
507.911 175.518 52.0175 49.2357 0.999158
610.818 123.152 43.6164 52.8726 0.998835
93.97 258.134 50.3992 62.2127 0.998386
885.161 135.671 42.91 43.5675 0.99812
793.784 91.442 44.0526 57.5206 0.998096
769.277 270.993 47.234 62.1738 0.998069
662.8 202.352 49.4624 39.2161 0.997985
-10.4497 163.933 50.7217 53.315 0.997704
392.676 136.77 40.5941 44.1442 0.99748
184.553 178.763 41.529 43.9473 0.997072
362.417 258.036 47.9381 66.4773 0.995126
809.861 207.164 44.3054 42.7936 0.99228
746.995 213.715 45.1275 54.4309 0.986382
425.443 143.874 33.6357 41.9156 0.983872
126.24 201.189 37.4037 41.5512 0.967046
636.908 327.568 56.7267 32.4931 0.963152
253.694 163.599 41.1215 44.3438 0.949983
379.094 222.895 43.019 43.9157 0.937821
44.7793 138.245 43.6906 57.9975 0.915256
479.447 148.411 31.1354 41.2503 0.913942
988.377 197.736 51.6766 57.4092 0.906773
223.041 152.623 28.2715 41.1749 0.890834
32.0106 164.197 34.3505 45.9849 0.885545
