33--Running/33_Running_Running_33_316.jpg
24
856.661 202.434 47.889 62.9746 0.999554
403.076 186.235 45.7221 57.5273 0.999345
627.103 185.319 45.6025 58.5218 0.999257
218.91 167.293 45.9244 60.0273 0.998841
573.778 131.674 14.05 17.9013 0.998465
759.372 150.373 51.7122 68.9255 0.998419
524.961 223.064 42.3117 55.1816 0.997839
326.389 173.512 25.9206 35.4157 0.997821
665.183 132.875 13.2791 18.3607 0.996686
263.159 175.361 36.8504 48.678 0.996233
893.816 121.906 14.5665 17.9033 0.995596
153.711 192.579 40.2193 48.3766 0.99422
692.434 151.716 22.1474 28.0925 0.99149
352.219 172.115 42.4786 55.021 0.99047
854.361 113.688 15.3794 19.7231 0.988052
421.845 159.194 38.1833 49.1248 0.986761
716.685 139.481 15.1214 17.984 0.983001
427.94 124.831 15.5365 18.6357 0.976829
787.553 123.567 14.2413 17.4554 0.974596
913.159 133.43 13.3101 16.5934 0.95465
823.424 129.884 12.3326 16.8455 0.939068
48.7595 111.667 13.4473 19.2532 0.937315
479.817 234.995 35.8401 40.8592 0.916861
185.355 130.768 15.8303 20.1407 0.903769
