33--Running/33_Running_Running_33_786.jpg
17
951.446 112.572 16.1776 22.1778 0.999284
943.332 352.549 14.7344 18.0786 0.998299
900.684 122.875 13.7914 16.1701 0.997862
130.65 376.542 26.4255 32.9709 0.997084
504.168 124.855 33.5628 39.3307 0.997069
732.003 458.389 27.695 42.5107 0.995514
502.973 460.7 35.2892 42.7358 0.994972
49.5669 466.281 13.082 15.3174 0.994629
915.46 452.228 22.6276 31.2904 0.992151
90.5858 458.216 12.9228 15.0591 0.989111
702.887 124.597 27.0864 31.7441 0.985947
332.746 253.878 18.842 20.4181 0.985527
142.178 464.276 14.0692 16.1619 0.982222
976.701 340.317 13.228 20.0653 0.981871
312.798 374.728 18.9072 21.0566 0.953719
886.522 340.06 17.0801 20.6138 0.945308
802.875 135.188 15.4886 19.6728 0.896526
