26--Soldier_Drilling/26_Soldier_Drilling_Soldiers_Drilling_26_223.jpg
9
721.033996582 103.178985596 33.4046020508 39.6578521729 0.99634039402
914.614562988 114.320068359 36.0582885742 42.0667419434 0.995786726475
615.875732422 98.524597168 27.9387817383 33.4652557373 0.99537563324
276.748260498 111.396278381 28.2329711914 33.5460281372 0.992467224598
382.053619385 109.673820496 28.4256896973 32.5090103149 0.960429906845
515.905578613 77.6558837891 35.2021484375 39.1360321045 0.957616984844
407.775115967 94.4149551392 24.7715454102 32.7534942627 0.93969398737
15.989192009 128.25012207 24.3933610916 27.53074646 0.923239946365
202.133514404 123.516815186 24.514831543 28.9702911377 0.919552445412
