53--Raid/53_Raid_policeraid_53_445.jpg
13
531.913 279.729 108.931 141.866 0.999549
116.891 165.313 50.2544 60.1217 0.998901
612.722 143.519 49.3618 64.2179 0.998584
364.44 129.144 56.4014 65.5827 0.998234
819.503 130.502 50.1971 63.4641 0.997847
762.378 157.754 44.2314 57.8886 0.993718
209.638 194.417 45.9989 58.9419 0.992872
302.996 202.236 36.8112 46.9552 0.97077
506.153 188.977 48.1066 57.4352 0.970238
102.347 627.487 45.5318 26.7336 0.967266
977.908 158.648 32.6974 45.0042 0.962616
63.8802 180.173 46.1445 57.5949 0.956691
427.05 156.613 44.3801 56.4559 0.947888
