31--Waiter_Waitress/31_Waiter_Waitress_Waiter_Waitress_31_420.jpg
18
652.068 220.214 27.4909 33.3298 0.999081
690.881 240.327 27.2782 32.5225 0.998437
581.521 219.596 29.2995 34.7994 0.998392
238.978 314.841 22.1041 27.3578 0.998391
464.58 181.256 30.5454 43.3825 0.998032
373.421 299.739 23.4874 28.7604 0.997264
917.183 212.711 29.4438 38.5792 0.997152
551.002 219.969 24.6105 36.5287 0.996148
40.9145 222.055 23.8201 28.218 0.995765
535.581 205.011 22.5432 29.7742 0.994715
488.185 218.396 25.9526 29.9861 0.993128
332.438 300.398 23.4029 29.8796 0.992487
280.048 318.243 15.5163 21.4086 0.986384
193.952 288.96 20.2876 23.2959 0.980572
408.293 234.394 17.6364 25.0848 0.977403
866.236 305.493 23.642 33.0396 0.971054
695.715 207.138 24.7083 29.0273 0.929004
534.747 229.741 21.2694 29.3193 0.884097
