48--Parachutist_Paratrooper/48_Parachutist_Paratrooper_Parachutist_Paratrooper_48_1015.jpg
30
217.04125 403.55846875 35.29490625 38.9385 0.999528646469
325.9005 385.8211875 35.549625 42.434625 0.999158620834
551.5334375 356.77128125 39.0358125 41.726 0.999125778675
464.25715625 363.14840625 33.64465625 39.81134375 0.998255312443
858.18575 318.46475 53.303375 57.9964375 0.998144865036
91.9643203125 127.558617188 45.9442578125 61.1771015625 0.997679173946
676.2768125 344.24440625 46.373625 52.58440625 0.996708512306
959.4330625 315.79890625 25.6145 32.73825 0.996487975121
630.6761875 348.53515625 34.884 43.31046875 0.995957553387
454.57009375 224.38890625 24.338875 27.400125 0.995667219162
221.449359375 243.132671875 23.064953125 28.674609375 0.995213747025
179.033984375 382.18559375 28.87159375 36.7388125 0.99495267868
980.7991875 305.79775 41.155125 45.2565 0.993849694729
343.746 213.662765625 24.2393125 26.369515625 0.993578195572
631.472 208.266421875 22.889375 28.418953125 0.993577599525
425.185125 365.15578125 26.2958125 30.247 0.989200234413
850.560625 211.010078125 20.813625 22.36190625 0.976852416992
278.4714375 263.15440625 22.67025 28.2289375 0.974162995815
238.019765625 272.19815625 22.65771875 28.05909375 0.973735868931
965.714125 192.6756875 22.6304375 26.741296875 0.968849956989
705.9528125 224.04325 22.96025 26.046 0.949359834194
546.6789375 240.50221875 20.1913125 23.0606875 0.948036074638
794.3156875 337.7930625 37.425375 41.48921875 0.924633800983
451.6794375 352.87203125 22.87159375 30.0329375 0.924449265003
963.70975 454.3208125 35.2893125 36.35090625 0.924001514912
569.770375 226.936 18.519625 22.32621875 0.919596016407
0.0 281.9315625 20.8066386719 30.52034375 0.889299869537
600.4393125 247.518640625 15.932125 18.290015625 0.850697934628
785.649875 215.2218125 16.347375 23.2471875 0.80220580101
917.7379375 323.39540625 32.4245 41.133375 0.801154315472
