48--Parachutist_Paratrooper/48_Parachutist_Paratrooper_Parachutist_Paratrooper_48_72.jpg
17
456.5255 306.7039375 18.96571875 22.5640625 0.99971216917
254.0550625 278.05846875 26.6575625 30.88375 0.999299764633
483.03821875 297.45159375 17.19653125 22.603375 0.999202311039
335.05840625 282.96928125 23.0951875 28.35821875 0.998766899109
95.187390625 325.876625 28.252453125 32.4549375 0.99849998951
613.001375 326.41509375 25.260625 30.81296875 0.998481333256
54.3478046875 321.39275 25.7245546875 27.33021875 0.998155415058
168.7305625 291.99665625 32.653171875 33.83740625 0.997257530689
863.2409375 301.7330625 15.4995 18.41571875 0.996890246868
15.8870751953 309.15625 25.2360498047 26.98425 0.99382096529
706.9639375 285.208875 14.9536875 16.39746875 0.979240179062
764.980875 305.17253125 14.8343125 17.73103125 0.97735708952
935.1124375 296.73740625 14.8260625 17.5068125 0.975834012032
568.247 286.74803125 14.483 19.0035 0.962567806244
909.6499375 317.07403125 15.4485 17.939375 0.951122462749
536.0180625 286.69715625 16.0850625 20.11859375 0.886006176472
954.08425 309.5969375 13.78325 15.43534375 0.865810871124
