12--Group/12_Group_Group_12_Group_Group_12_354.jpg
8
188.784164429 94.291885376 48.6616363525 62.5209197998 0.996523141861
58.9743804932 44.0772361755 44.8790588379 59.1472663879 0.995160281658
280.479064941 40.7874488831 42.8587646484 55.5271873474 0.991625130177
954.664306641 72.5029830933 29.3241577148 36.3150177002 0.988100647926
773.869567871 96.4448852539 25.90234375 32.7153778076 0.985691964626
158.70010376 17.6895008087 36.7655334473 46.717092514 0.968343615532
555.14251709 25.1286468506 22.2528076172 28.4052047729 0.823156356812
466.600585938 23.1452064514 21.520904541 28.9858589172 0.822570502758
