12--Group/12_Group_Large_Group_12_Group_Large_Group_12_162.jpg
8
453.174926758 109.613983154 62.2529296875 82.1350708008 0.999212861061
241.684341431 138.174133301 61.9428863525 81.7082824707 0.999122202396
669.338256836 129.089797974 59.8235473633 70.2513580322 0.998863697052
305.603851318 142.221755981 62.8725280762 78.2093048096 0.998848676682
516.487915039 144.063262939 61.8897094727 76.0715484619 0.99877601862
766.373474121 120.057998657 59.6649169922 78.0012969971 0.998675167561
840.986999512 103.516799927 61.7378540039 84.5640716553 0.998292982578
148.219940186 99.6511154175 61.4931640625 85.9534378052 0.997591257095
