12--Group/12_Group_Large_Group_12_Group_Large_Group_12_253.jpg
44
546.24432373 334.367279053 30.272277832 40.5307617188 0.997083365917
485.231994629 365.146514893 33.3558349609 44.4146728516 0.996699512005
678.271484375 321.774414062 28.797668457 36.7008666992 0.996554613113
88.4420471191 243.486358643 28.9981384277 36.2773132324 0.996360719204
971.381774902 390.074859619 33.9430541992 41.015411377 0.996329605579
244.71257019 401.351135254 31.5764007568 40.350189209 0.996004283428
161.416259766 264.913421631 32.1704559326 40.1511535645 0.995663583279
22.5662002563 435.913391113 32.981098175 43.1985778809 0.994271397591
132.735977173 418.777191162 35.7174377441 45.1101989746 0.992944180965
39.2972373962 265.273773193 34.4209327698 41.7459106445 0.992843806744
356.460632324 227.026504517 28.9897766113 37.4603729248 0.992394089699
351.511077881 422.386322021 30.9274902344 40.1432189941 0.991373479366
657.111572266 385.996551514 32.333190918 36.6040344238 0.99045753479
935.268493652 261.332763672 26.7611694336 32.8640441895 0.988111138344
616.787414551 285.932434082 29.8582763672 35.4150390625 0.988047242165
870.538085938 384.412261963 33.5716552734 41.0063171387 0.987733125687
860.30657959 252.369567871 28.1447143555 36.4588317871 0.985272943974
409.825958252 237.346313477 28.131439209 33.893737793 0.985039234161
281.609710693 262.712097168 27.1864318848 35.3782043457 0.983925461769
607.473144531 322.649658203 26.997253418 34.3246459961 0.983090281487
709.942321777 247.344543457 24.5494384766 32.6624755859 0.982293903828
160.518127441 211.823806763 26.5615692139 34.513671875 0.981050431728
796.951660156 232.715667725 26.212097168 33.1292419434 0.980899214745
589.968261719 423.315246582 27.4124145508 33.8227844238 0.97923207283
120.520889282 200.26222229 22.656463623 31.4723815918 0.973711550236
30.2218589783 201.652023315 26.3559608459 35.4209747314 0.973466932774
462.015228271 235.066467285 24.8252258301 30.7222900391 0.968584120274
298.700927734 229.673339844 25.227142334 31.9395141602 0.967560350895
260.225372314 220.112564087 25.1841125488 29.3705596924 0.962182164192
896.208496094 240.396102905 23.1744995117 31.3533477783 0.961969971657
559.863952637 204.518783569 24.8903198242 30.0087280273 0.953961908817
213.139328003 269.708312988 29.4138641357 33.9453430176 0.951724767685
331.893554688 200.586669922 23.2036743164 30.5443115234 0.950454711914
759.82824707 372.606964111 27.6147460938 33.6133422852 0.949923455715
498.590026855 211.852478027 24.0895996094 29.3264923096 0.949186861515
681.462036133 239.048873901 23.1267089844 28.5045013428 0.949163794518
206.79598999 198.524383545 24.7398681641 30.1329650879 0.945734977722
0.0 241.527130127 21.6110630035 32.2878723145 0.937633633614
637.99621582 226.339523315 24.3203125 30.2288513184 0.933024227619
393.387512207 200.210754395 25.2891845703 30.5328063965 0.910457730293
766.64855957 201.36050415 23.677734375 28.531463623 0.902853310108
732.278625488 232.957687378 22.8462524414 30.5509490967 0.83520835638
860.349914551 223.43157959 21.8455810547 27.1299743652 0.816003143787
613.309936523 210.424743652 23.5402832031 28.8495483398 0.803425312042
