12--Group/12_Group_Group_12_Group_Group_12_80.jpg
21
72.6963272095 144.206726074 31.1186294556 38.5735321045 0.998081326485
303.235076904 302.56161499 32.9267883301 40.5066833496 0.997748553753
931.55847168 133.640853882 31.4038085938 39.5359191895 0.997070670128
349.599914551 126.200210571 33.1410217285 40.9728240967 0.997065246105
281.859283447 116.556907654 35.1579589844 41.8935165405 0.996640205383
468.428344727 121.55556488 36.2611999512 42.8809890747 0.995788991451
804.463317871 118.308258057 30.3909912109 38.5032196045 0.995316982269
221.826522827 127.118591309 31.9296722412 40.417175293 0.995266199112
406.114959717 104.463478088 30.9799804688 37.3371658325 0.99515658617
653.381958008 219.080871582 35.9943237305 45.2594909668 0.995133221149
595.493286133 114.619056702 30.7711791992 37.9710922241 0.994734048843
132.505477905 112.776321411 32.5702514648 40.249206543 0.993894398212
538.425537109 224.007553101 38.7680664062 46.9910125732 0.993599176407
768.226379395 283.119354248 35.7097167969 46.1135559082 0.99335360527
704.861206055 123.162391663 29.8043212891 36.3540878296 0.992312252522
523.701721191 100.013381958 30.9387817383 38.9794006348 0.99225372076
872.669189453 284.95993042 32.3843383789 37.9668273926 0.991833567619
836.311828613 167.239395142 32.6025390625 42.2193603516 0.991568982601
640.896789551 118.027832031 31.5914306641 38.4850463867 0.99063616991
420.581329346 228.38130188 34.911315918 42.7923126221 0.988434135914
183.232940674 295.575317383 39.3516845703 47.1778869629 0.983180344105
