12--Group/12_Group_Group_12_Group_Group_12_912.jpg
11
406.989654541 141.081344604 37.0561828613 45.1932220459 0.992573976517
646.687744141 105.54524231 34.0484619141 41.896484375 0.984669387341
617.51940918 246.33555603 38.4359130859 45.3488616943 0.983883798122
696.577880859 180.345947266 39.4253540039 46.6036987305 0.981985270977
532.913574219 144.275604248 38.2572021484 43.8542175293 0.979137182236
216.77784729 84.6186218262 43.453994751 56.4169158936 0.978299379349
305.032348633 119.983390808 37.1814880371 44.5319595337 0.973984599113
490.786621094 248.068588257 39.1499633789 47.7692108154 0.973507523537
381.479736328 249.576919556 40.2557373047 48.2909088135 0.97230219841
828.944335938 75.3798751831 39.5737304688 47.3429718018 0.970053553581
286.228881836 196.208084106 40.9481201172 49.0202636719 0.969508588314
