12--Group/12_Group_Group_12_Group_Group_12_84.jpg
11
603.777587891 131.771179199 53.2175292969 66.0348510742 0.999180734158
430.799865723 114.498046875 54.4573974609 67.2100372314 0.999153971672
822.49810791 104.153778076 61.2208251953 78.9987487793 0.998687207699
576.479248047 290.638519287 61.4379882812 82.724029541 0.99846881628
522.54473877 76.7448883057 49.9081420898 63.0602874756 0.998293340206
368.138000488 305.201049805 58.5816650391 74.7677612305 0.998199820518
182.927032471 298.208251953 53.7214050293 66.1984863281 0.997951209545
283.037261963 81.4267196655 44.3070068359 58.0867385864 0.997674763203
119.935462952 132.435668945 47.9073257446 59.5980072021 0.997574388981
333.805969238 116.84072876 46.9562072754 60.7848205566 0.996676802635
799.636169434 322.747955322 73.2844848633 90.9666442871 0.990471243858
