12--Group/12_Group_Large_Group_12_Group_Large_Group_12_276.jpg
21
353.35446167 40.0191497803 54.9953308105 71.5117034912 0.999456346035
572.516174316 204.005477905 57.5992431641 72.6713409424 0.999261677265
698.061584473 158.162475586 55.4323120117 65.6210021973 0.999246478081
216.935211182 242.431686401 59.1651306152 67.1415252686 0.998922884464
848.305603027 85.6937332153 61.9291381836 73.4008102417 0.998569965363
225.290252686 64.1231079102 52.4801330566 58.6018447876 0.998556673527
592.764465332 91.6724090576 54.9741210938 67.2988739014 0.998480975628
518.317687988 82.6884613037 52.306640625 60.9120025635 0.998457074165
664.569885254 262.030090332 70.9122314453 81.8710632324 0.998183906078
437.117095947 70.8458862305 53.2692565918 63.0487823486 0.997893154621
438.305877686 234.260925293 60.1199645996 76.6762084961 0.997442126274
324.816772461 230.086715698 53.4710693359 66.3452606201 0.997086465359
103.844276428 290.267791748 66.784614563 73.1448669434 0.995775282383
490.427886963 0.0 46.402130127 57.8478889465 0.994992077351
294.915466309 8.8461856842 44.7332763672 53.8179912567 0.994044601917
709.2890625 77.8944854736 46.4151000977 56.7218475342 0.993333637714
579.85925293 29.3555107117 43.5020751953 52.7013206482 0.992307782173
137.652313232 10.5258636475 46.0286560059 53.3381919861 0.989629089832
650.771789551 63.9402313232 44.8756713867 55.4395904541 0.984335303307
0.0 70.4564285278 36.6605377197 69.1220779419 0.963536798954
977.894775391 24.207857132 21.9873046875 30.0256938934 0.830905079842
