12--Group/12_Group_Team_Organized_Group_12_Group_Team_Organized_Group_12_330.jpg
8
698.360595703 134.425582886 56.5732421875 69.5461273193 0.998837649822
464.466705322 79.55027771 60.0788879395 73.4580078125 0.997833311558
579.223266602 71.9626846313 58.6385498047 70.6958694458 0.997460603714
287.472198486 99.4239578247 66.3931884766 83.5515975952 0.996661663055
851.018676758 82.8765258789 66.8613891602 82.3813323975 0.995594322681
808.878723145 45.8012237549 56.1123657227 74.0492248535 0.995242118835
381.106628418 103.530296326 66.0025024414 80.7890548706 0.982958614826
94.1189498901 68.3750991821 74.8436203003 94.0896377563 0.967836618423
