12--Group/12_Group_Group_12_Group_Group_12_62.jpg
9
802.147033691 124.565231323 52.3814086914 63.9279632568 0.999391555786
341.127044678 155.895721436 49.4873962402 63.825088501 0.998907923698
188.388427734 147.912353516 48.5045318604 61.953414917 0.998536586761
466.588043213 177.670516968 47.1319274902 60.3144836426 0.998513162136
650.222106934 137.752380371 52.5501098633 64.7506561279 0.997685551643
257.412597656 135.410507202 45.3589782715 55.8995361328 0.996047794819
744.081237793 94.3791046143 46.4302978516 59.326675415 0.99451559782
555.433166504 141.185424805 43.533996582 54.9230194092 0.994493365288
398.850952148 125.809432983 43.9067382812 55.6809844971 0.992650926113
