12--Group/12_Group_Group_12_Group_Group_12_315.jpg
8
815.194519043 328.37878418 47.1580200195 56.4096069336 0.994539797306
275.912536621 314.238891602 30.7034912109 39.5269775391 0.993422210217
197.901077271 317.206115723 32.4584503174 38.6040649414 0.990038752556
717.382507324 321.814727783 44.846862793 54.5102844238 0.985664010048
399.987335205 293.417022705 39.397064209 43.7796630859 0.984592616558
331.083251953 322.200866699 32.1866455078 39.3333129883 0.98129427433
521.53112793 311.084320068 36.1049194336 44.9602050781 0.978317260742
614.018371582 324.268371582 36.8825683594 45.6421813965 0.966953873634
