12--Group/12_Group_Group_12_Group_Group_12_59.jpg
8
172.625549316 108.554252625 26.042098999 39.3634262085 0.995679974556
592.713134766 122.35043335 25.1217651367 33.1960144043 0.991625010967
806.596740723 145.856216431 30.2246704102 40.4084014893 0.979694187641
273.310974121 86.1930770874 22.0217285156 28.6618728638 0.967963755131
521.522338867 91.3100814819 24.1425170898 31.9476165771 0.93837171793
117.894790649 90.0942382812 21.2392883301 28.1973800659 0.890831172466
746.650146484 174.020294189 23.2118530273 36.3491516113 0.847319662571
415.401794434 82.4585418701 22.1313171387 28.9759597778 0.810929775238
