12--Group/12_Group_Team_Organized_Group_12_Group_Team_Organized_Group_12_685.jpg
22
645.254882812 977.106689453 67.2595825195 82.0759277344 0.99869710207
403.36920166 161.651397705 63.6546630859 79.1152038574 0.997529804707
534.974853516 987.958862305 48.7418212891 65.1097412109 0.992863893509
646.118469238 775.938659668 25.9027709961 32.3461303711 0.98204523325
564.456604004 766.869628906 26.7286987305 34.1900634766 0.981078445911
756.813842773 866.196716309 26.7387084961 31.0581665039 0.977510511875
802.041687012 770.123657227 24.3059082031 31.3863525391 0.97120565176
853.912780762 858.221008301 27.8612060547 35.0064697266 0.962587594986
680.58605957 720.516357422 23.68359375 29.7836914062 0.961791038513
89.5467147827 631.698730469 26.0481262207 33.98828125 0.960195958614
326.023468018 760.508666992 24.3293457031 31.6311645508 0.954178869724
166.961364746 765.551330566 23.6212005615 30.3483276367 0.951071023941
729.182861328 758.065795898 24.3962402344 30.469909668 0.940540790558
421.644439697 988.855957031 61.8596801758 64.9996337891 0.936658740044
945.04699707 614.69708252 26.0153198242 32.4442138672 0.913857221603
752.059326172 712.764404297 26.1008300781 31.0220336914 0.875158250332
26.7985477448 640.472106934 21.639081955 28.5202026367 0.861499965191
77.7495956421 753.18951416 24.6207733154 32.8710327148 0.848045110703
643.09197998 871.301635742 25.137512207 29.6928100586 0.835882782936
276.857788086 640.629882812 26.2164306641 32.1328125 0.828602612019
602.943725586 720.790771484 24.3253173828 29.9253540039 0.825075984001
493.214691162 865.045593262 24.9846496582 30.3503417969 0.817045509815
