12--Group/12_Group_Team_Organized_Group_12_Group_Team_Organized_Group_12_458.jpg
16
731.379211426 213.50680542 35.6091918945 40.637298584 0.997211873531
911.873413086 208.929138184 36.303527832 43.4174957275 0.996605277061
628.053222656 209.760665894 31.7717895508 39.1011810303 0.995623290539
455.974487305 212.587493896 33.5506591797 41.7357635498 0.995578348637
368.599182129 227.448165894 32.144317627 39.2186737061 0.995427846909
408.09487915 209.79119873 28.3897094727 35.869140625 0.994977295399
573.311157227 265.668670654 34.323059082 42.8254394531 0.994743347168
279.526580811 226.831573486 35.697845459 43.6632080078 0.994446396828
545.676696777 203.697891235 29.0544433594 37.1205596924 0.994333982468
253.759414673 360.329376221 46.4915924072 56.5678405762 0.991208910942
669.998718262 220.406845093 30.5781860352 36.4642791748 0.990031003952
694.731567383 350.389312744 37.453125 45.2141113281 0.989694476128
798.711181641 214.731658936 38.2105102539 48.612701416 0.988734424114
135.719299316 222.350463867 40.1675262451 47.2471923828 0.984931349754
474.353149414 182.851242065 27.6696472168 33.0133514404 0.978086054325
306.20993042 204.706268311 28.8945617676 34.7275695801 0.962266683578
