12--Group/12_Group_Group_12_Group_Group_12_101.jpg
8
659.368713379 128.141448975 54.7977294922 68.2261352539 0.999292373657
828.397094727 139.654037476 54.2943115234 73.8360748291 0.999033212662
477.592163086 123.739746094 53.1780395508 67.3911895752 0.999032139778
322.399841309 143.886123657 48.2595825195 61.7308654785 0.998941004276
731.319824219 227.696548462 51.043762207 64.4261932373 0.998778164387
516.012451172 187.335510254 53.3008422852 70.0475158691 0.998750686646
349.645019531 211.624923706 51.826751709 61.0771636963 0.998557388783
166.962127686 441.232452393 51.9131774902 67.6982727051 0.998104095459
