12--Group/12_Group_Team_Organized_Group_12_Group_Team_Organized_Group_12_83.jpg
8
808.898132324 220.570495605 63.755859375 79.297454834 0.997643053532
723.919006348 369.527954102 174.107116699 250.596740723 0.996463119984
144.226104736 284.875091553 29.0560302734 39.6893615723 0.994384288788
302.486358643 243.210922241 32.5531921387 44.7448272705 0.987968087196
109.778129578 235.859649658 27.6200332642 36.8282775879 0.982942700386
88.0779190063 279.890441895 27.6654434204 35.1670227051 0.973568379879
402.468780518 248.817825317 29.8629760742 37.9848480225 0.914069712162
29.1373577118 322.94128418 23.3944072723 28.2377624512 0.831784486771
