12--Group/12_Group_Group_12_Group_Group_12_112.jpg
35
317.667053223 458.940673828 40.3159179688 43.0556945801 0.997111201286
700.362365723 206.378692627 33.4583740234 42.1119842529 0.996867954731
85.7607040405 302.756652832 36.6269226074 40.4268798828 0.996384859085
786.07434082 456.151580811 36.4173583984 40.697265625 0.995239019394
860.504272461 152.904144287 34.9746704102 42.5224914551 0.99482178688
144.375900269 172.989700317 34.4300994873 38.7770690918 0.994464814663
785.974182129 122.701210022 34.3204345703 42.87084198 0.994270563126
720.140563965 450.748657227 36.5040893555 41.9027099609 0.994062006474
366.455932617 155.056991577 32.6305541992 38.3033294678 0.993951559067
256.637329102 116.484428406 40.438293457 43.4824752808 0.993848383427
180.847351074 307.292419434 40.0585632324 42.5232849121 0.993822455406
922.745239258 318.886260986 37.1369628906 42.6741333008 0.993761837482
741.332214355 319.226135254 35.5717163086 40.2939453125 0.993044555187
542.525634766 482.636169434 37.2276611328 40.4437255859 0.992746770382
363.190368652 263.274475098 29.5985412598 39.565246582 0.992281138897
369.084533691 318.525390625 35.3281860352 37.8424377441 0.992215931416
186.793640137 483.4324646 36.4784698486 39.0137023926 0.992006838322
671.996459961 275.809082031 34.5630493164 37.649810791 0.991429626942
488.838165283 265.081512451 36.9749450684 41.5420837402 0.991013228893
147.920974731 231.89239502 34.8937530518 41.8620605469 0.990929663181
398.839874268 255.093414307 30.5876159668 36.486907959 0.989820837975
791.499755859 198.301696777 36.5301513672 39.6018676758 0.989041745663
454.684082031 479.075286865 39.5713806152 42.3426818848 0.989024341106
639.98260498 485.487884521 37.0477905273 38.9332580566 0.988131046295
448.011627197 236.458892822 35.4095153809 39.5783996582 0.988120913506
265.951568604 238.018005371 34.5503234863 38.8270874023 0.987832307816
257.111602783 315.889678955 36.0481567383 43.046081543 0.987282991409
467.001861572 149.214050293 35.429473877 40.4401245117 0.986597001553
581.04473877 256.705780029 34.6262817383 42.3132629395 0.986441075802
579.072631836 143.344039917 34.7377929688 40.8414154053 0.986096322536
850.757446289 246.253158569 37.3184204102 42.2438201904 0.983606219292
729.374816895 249.07043457 33.1121826172 38.2766418457 0.982338607311
525.985412598 214.319381714 36.8462524414 41.6310119629 0.975331187248
232.87689209 274.720245361 37.5181274414 40.2040100098 0.962840676308
611.935119629 238.173095703 29.6834106445 36.8635864258 0.946222186089
