12--Group/12_Group_Group_12_Group_Group_12_38.jpg
8
271.199981689 70.5819015503 48.05078125 59.2885665894 0.997515439987
788.41619873 57.9798049927 47.9284057617 59.5676651001 0.99500221014
572.442321777 69.8742828369 45.3876342773 56.973197937 0.990704357624
198.942352295 73.3759078979 48.5561523438 54.5301208496 0.982552528381
489.890716553 81.6298828125 43.8657531738 55.9848022461 0.97494828701
103.131637573 84.4732055664 50.5861663818 57.0981445312 0.966546177864
716.89251709 58.8522109985 44.0141601562 53.4265213013 0.961374878883
409.908660889 87.079864502 47.1109924316 53.8890075684 0.938742220402
