12--Group/12_Group_Group_12_Group_Group_12_227.jpg
31
636.917236328 152.655181885 30.9840698242 38.3822784424 0.998965501785
695.157470703 218.026077271 31.2292480469 39.6359100342 0.99877256155
566.629089355 184.826171875 28.7210693359 37.7975158691 0.998416304588
338.437927246 156.762283325 28.1922302246 34.5398101807 0.997814655304
240.633392334 180.613632202 29.6379089355 37.1692657471 0.997410953045
444.422851562 151.413528442 29.5521240234 38.6131591797 0.997354149818
386.940948486 308.346740723 35.759552002 42.6645812988 0.997352719307
605.00970459 219.762435913 33.9744873047 42.0628509521 0.997277081013
299.165130615 181.997238159 30.5510864258 38.4542541504 0.997104108334
395.53717041 181.573516846 31.6688537598 39.5801849365 0.996732711792
182.011260986 259.568572998 35.8708343506 45.103515625 0.996706306934
648.919799805 205.787872314 31.6229858398 38.3973999023 0.996558368206
239.345077515 274.822143555 35.7806854248 45.5636901855 0.99649232626
646.526245117 276.178436279 31.791015625 42.4347839355 0.996491491795
423.983642578 226.134140015 33.4319458008 40.29637146 0.995819330215
326.46383667 218.95199585 32.684387207 42.6846313477 0.995128750801
472.362915039 123.368965149 29.2607727051 38.8756332397 0.995017826557
380.147033691 126.969436646 27.2314453125 31.8790740967 0.994794309139
838.109558105 195.109848022 28.9713134766 36.5963287354 0.994464099407
716.833740234 145.632141113 29.219543457 39.7858276367 0.99438560009
731.46270752 187.177612305 31.1083984375 37.2136688232 0.994321703911
549.486206055 280.985168457 31.4837036133 42.518951416 0.994100034237
591.552490234 279.051086426 43.1372680664 57.1792602539 0.993946731091
554.433166504 135.847457886 28.3042602539 36.404876709 0.993791997433
478.611633301 274.261474609 32.7231445312 42.4763793945 0.993719696999
388.895599365 242.644622803 36.9454650879 45.7607727051 0.993339598179
298.847198486 258.725799561 35.1010437012 42.6126098633 0.992855906487
731.012878418 269.095489502 36.8861694336 42.9288635254 0.992300271988
510.797698975 226.038742065 32.3172912598 40.7968902588 0.990630805492
808.693908691 257.955505371 32.4398803711 42.6229858398 0.990049481392
486.563873291 201.174713135 27.0685119629 33.538269043 0.984454095364
