12--Group/12_Group_Group_12_Group_Group_12_179.jpg
12
87.8899688721 223.9871521 58.1232757568 68.8795166016 0.999280750751
785.843017578 255.836471558 53.6590576172 68.8720550537 0.999207317829
228.417678833 238.498764038 52.1735687256 65.9469146729 0.998908758163
492.780090332 206.089172363 55.5760498047 71.0799865723 0.998801112175
893.19934082 250.609359741 55.1239013672 65.8571624756 0.998736321926
723.659912109 201.13899231 49.4514160156 60.6680755615 0.998370468616
637.944824219 251.834732056 54.0832519531 62.2062225342 0.998318195343
447.278961182 142.48626709 47.0150756836 59.2220611572 0.995887935162
309.747314453 199.284103394 43.6652526855 59.5634613037 0.994100153446
145.301544189 200.594924927 46.2237091064 55.3725585938 0.991689801216
269.664794922 159.715316772 38.2218933105 48.6344146729 0.991129517555
357.566619873 232.75088501 45.2632751465 63.2990722656 0.990932822227
