12--Group/12_Group_Group_12_Group_Group_12_293.jpg
10
519.36907959 137.729125977 59.5038452148 71.3703918457 0.996479451656
903.790771484 135.92578125 44.8522949219 57.4596710205 0.996009588242
371.659637451 101.220558167 44.8901062012 61.288230896 0.995450556278
646.330566406 86.3073654175 31.9351806641 39.7712783813 0.990803599358
6.07113742828 81.8216018677 31.8405332565 41.6321029663 0.982078015804
754.495483398 141.877410889 47.0653686523 66.8794250488 0.971109509468
110.833557129 141.273727417 59.2671966553 56.2646942139 0.963492631912
576.552734375 124.693023682 45.3197631836 59.0937805176 0.938302576542
823.813049316 158.05305481 35.1761474609 44.4007415771 0.926141500473
527.055969238 294.702941895 68.0511474609 62.5811157227 0.875179350376
