12--Group/12_Group_Large_Group_12_Group_Large_Group_12_575.jpg
9
770.425598145 259.703491211 57.6388549805 68.3405761719 0.998695790768
344.043304443 276.455749512 51.6650390625 64.5676574707 0.997943580151
487.42565918 299.077270508 55.400390625 63.6801452637 0.997707486153
431.646575928 203.341461182 56.4443359375 64.7215576172 0.997545897961
194.320068359 234.041595459 58.2736053467 69.623626709 0.996387481689
277.830444336 182.249771118 58.3415527344 69.9363861084 0.996237874031
624.485107422 244.723220825 59.5635375977 70.2526702881 0.996090710163
695.252075195 197.577484131 50.1564331055 59.6459960938 0.995969414711
531.511779785 136.454284668 51.145690918 61.7209014893 0.985873579979
