12--Group/12_Group_Large_Group_12_Group_Large_Group_12_120.jpg
8
795.412414551 447.204345703 12.5206298828 16.9080810547 0.879783928394
313.185394287 398.700012207 12.5491027832 15.8993225098 0.873542964458
242.344223022 326.515411377 11.4320526123 14.9876708984 0.873421907425
368.021484375 385.114837646 13.2613220215 15.8334960938 0.867848873138
209.3228302 327.656341553 11.5037078857 14.815032959 0.865211963654
387.035095215 393.193634033 12.150390625 16.1667785645 0.836980462074
619.336730957 240.637176514 11.4547119141 14.7820739746 0.818093657494
409.586364746 385.383270264 12.5085754395 15.6138000488 0.803718686104
