12--Group/12_Group_Large_Group_12_Group_Large_Group_12_315.jpg
36
646.242858887 304.426177979 31.0120849609 39.2748413086 0.99692851305
495.964324951 380.538146973 30.384185791 36.2749938965 0.995089888573
601.225402832 302.443603516 26.3590087891 32.2715759277 0.994131863117
180.640975952 408.564331055 25.6045837402 32.6820678711 0.993825912476
807.792297363 387.696655273 37.4804077148 46.7670593262 0.993732631207
257.367706299 408.551147461 24.5632629395 33.6510314941 0.993419826031
752.282897949 266.646240234 32.3115234375 41.5265808105 0.993362903595
692.907287598 411.314819336 34.3455810547 40.7854309082 0.992646455765
683.298400879 274.536712646 27.2854003906 33.5163574219 0.987001776695
794.076843262 258.876586914 28.5821533203 35.2926635742 0.986873209476
534.377380371 331.554443359 25.421081543 31.0196838379 0.977492392063
116.272346497 424.931549072 27.4541854858 32.8711547852 0.977381825447
368.504272461 359.063232422 25.5871887207 31.4101257324 0.97625797987
578.775024414 405.860015869 34.7875366211 44.8373718262 0.975844144821
118.59992218 344.341491699 24.0935134888 28.9690551758 0.96756953001
477.698272705 331.243682861 24.4645080566 30.5827636719 0.966023027897
333.809692383 380.438262939 23.7930908203 30.1864013672 0.960197627544
948.776977539 447.989593506 24.1870727539 30.5878295898 0.956931173801
185.671539307 341.092071533 23.1212310791 27.9945373535 0.952444791794
503.176177979 313.849121094 23.3937683105 29.197845459 0.944441199303
881.159790039 392.044799805 23.3395996094 29.1007385254 0.938926398754
925.859191895 409.235992432 22.7108154297 28.2924499512 0.936129212379
293.288757324 359.581726074 21.5548095703 26.6435546875 0.925966978073
155.694961548 340.809387207 23.1725769043 28.4780578613 0.924121975899
536.629455566 253.983123779 15.1708374023 19.4978637695 0.91274523735
447.025817871 328.853088379 22.7683410645 29.1343383789 0.912200212479
553.65032959 237.330749512 15.9967651367 20.136932373 0.905558466911
480.616790771 220.56427002 14.2944335938 18.2482910156 0.900868475437
189.744903564 315.278656006 23.3361053467 28.8871765137 0.882316112518
455.218688965 215.18572998 13.0083312988 16.4257202148 0.877038121223
435.656616211 224.801025391 13.9013061523 17.032699585 0.858828485012
228.650772095 334.498443604 21.8489685059 27.6103820801 0.857440173626
427.934234619 348.422119141 23.0559997559 27.6422729492 0.825713276863
369.709259033 319.476501465 21.8190612793 27.8540649414 0.806592404842
419.605926514 240.690872192 13.2611083984 16.4153594971 0.804972410202
657.66607666 184.089309692 12.6728515625 16.282409668 0.802819728851
