12--Group/12_Group_Group_12_Group_Group_12_379.jpg
31
295.293121338 166.992736816 28.8331604004 38.788482666 0.999098062515
893.73059082 227.202255249 34.6846313477 45.5919647217 0.998700618744
79.4886016846 232.02772522 33.6072845459 42.8103485107 0.998627185822
523.234619141 111.889945984 29.2760620117 37.890953064 0.998505234718
614.556518555 112.247192383 27.0852661133 34.9789581299 0.9982239604
536.217773438 234.818283081 32.7031860352 41.0295562744 0.998048663139
791.795654297 106.3152771 28.4463500977 36.6018981934 0.998041987419
480.438140869 117.235366821 32.5188293457 42.958190918 0.997933983803
430.191223145 153.183837891 33.947479248 43.1953125 0.997707247734
532.311950684 164.750366211 34.8555297852 40.89503479 0.997694194317
188.117080688 101.32787323 35.6549530029 44.4615249634 0.997573912144
868.475036621 170.324707031 32.1644897461 40.6761169434 0.997443556786
155.558288574 243.792999268 32.4526824951 41.8040771484 0.997324943542
284.82989502 111.825279236 28.8280334473 36.8453598022 0.997259140015
360.058074951 154.612426758 29.1734924316 37.753112793 0.99722725153
628.913696289 230.967224121 36.6473999023 42.995513916 0.997051715851
732.986877441 219.998184204 35.026550293 42.3980560303 0.996936678886
330.702453613 243.931182861 33.1254882812 41.1959838867 0.996726036072
424.845672607 247.576965332 35.1496582031 43.0174865723 0.996671438217
383.353149414 116.395637512 29.093963623 35.6971359253 0.996653795242
242.533706665 234.92628479 31.1915435791 40.3698272705 0.996614038944
799.323974609 241.670318604 33.0750732422 41.9150085449 0.996583282948
664.812255859 124.983459473 28.9156494141 35.3168029785 0.996054172516
579.92010498 134.737289429 30.5493164062 36.7719268799 0.996032416821
845.285766602 114.392990112 31.7136230469 40.6639404297 0.994356930256
762.444274902 153.4818573 30.645690918 41.0336456299 0.993426799774
637.239379883 178.274841309 30.0399169922 37.7377471924 0.991912007332
416.237335205 98.535774231 31.1450805664 36.2047195435 0.988680481911
156.06288147 187.217926025 31.6465606689 37.6929779053 0.988264322281
226.547409058 174.980789185 27.6456451416 34.7638702393 0.980319678783
728.489013672 133.709564209 28.1659545898 31.697555542 0.978323101997
