56--Voter/56_Voter_peoplevoting_56_874.jpg
10
968.727111816 252.6927948 52.4946899414 71.9719085693 0.991097211838
683.140930176 439.373168945 83.8035888672 151.05871582 0.98342102766
665.352722168 253.467971802 28.4678344727 32.0014190674 0.97420156002
138.237243652 353.092681885 25.8142700195 31.1511535645 0.968549370766
88.088432312 339.366516113 26.1818389893 29.9750671387 0.917380809784
475.07623291 367.703674316 60.1531982422 65.833984375 0.912029087543
778.061889648 293.515716553 51.4619140625 76.5583190918 0.907920002937
191.99281311 257.005462646 13.9007263184 17.6988830566 0.885148882866
359.136383057 280.829071045 14.4041442871 18.3087768555 0.878960549831
593.291625977 332.166351318 34.3441772461 36.9818115234 0.87154841423
