61--Street_Battle/61_Street_Battle_streetfight_61_432.jpg
23
636.789 517.068 33.9938 44.9537 0.991674
177.873 148.58 28.524 36.878 0.989861
646.625 320.779 25.2479 33.414 0.985473
739.666 322.881 27.2354 35.9034 0.985273
805.824 417.268 30.1882 41.2829 0.980226
147.722 234.454 37.835 46.827 0.962747
846.692 325.098 23.2018 29.264 0.960294
102.47 152.553 29.8956 38.7202 0.949718
212.766 211.982 28.1805 38.7395 0.948658
143.299 300.231 33.4199 44.8268 0.946078
967.918 375.249 25.318 31.9276 0.945288
416.511 533.813 30.6575 39.8309 0.942139
621.268 272.042 24.1699 29.1028 0.923406
824.252 269.031 13.7365 18.1344 0.920852
792.905 287.341 21.4005 28.0444 0.920313
263.64 174.241 16.0958 21.1508 0.912839
502.278 296.855 27.5304 35.7394 0.909729
760.962 248.197 16.0111 21.1704 0.867753
833.058 288.042 16.2651 20.5184 0.867342
713.687 397.497 31.9298 43.658 0.843185
885.816 323.313 24.6462 29.1601 0.833586
851.507 401.683 26.3767 32.9233 0.820121
499.305 506.854 32.5494 38.9888 0.819342
