33--Running/33_Running_Running_33_786.jpg
19
951.6635 112.47209375 16.079875 21.960453125 0.999615550041
130.152164062 376.8023125 27.4548515625 32.3775625 0.998931348324
504.153125 124.379085937 33.633625 39.4840390625 0.998804569244
900.702125 123.072273438 13.74325 15.8391640625 0.998787105083
502.92415625 461.0973125 35.75459375 41.86653125 0.998735487461
943.3915 352.62296875 14.945375 17.9664375 0.998654961586
731.371875 455.76084375 30.2690625 44.49640625 0.998147368431
915.08175 451.30521875 23.561375 32.45953125 0.997570216656
49.4925507813 466.43146875 13.2585351562 15.1564375 0.99711894989
977.2773125 340.620875 12.5838125 19.40028125 0.995285451412
332.31803125 253.83584375 19.60871875 20.79378125 0.994293391705
702.640375 124.6915 27.62025 31.453484375 0.994179487228
90.6514375 458.12334375 12.812296875 15.0136875 0.994014561176
312.945375 374.8605 18.891875 21.100375 0.978602170944
142.433609375 464.1809375 13.961546875 16.1729375 0.978213727474
885.946875 339.308375 17.755 20.85815625 0.977035045624
519.64434375 241.375265625 28.50715625 32.671328125 0.964577257633
802.6690625 134.82315625 15.4676875 19.7920625 0.921690165997
279.85128125 226.910390625 16.4495625 21.7775625 0.913132429123
