33--Running/33_Running_Running_33_316.jpg
28
856.636875 202.104171875 47.8875625 63.394828125 0.999441087246
403.07553125 186.23490625 45.69809375 57.50328125 0.999344527721
627.102625 185.319453125 45.5785625 58.497859375 0.999257147312
218.910046875 167.29275 45.900453125 60.003359375 0.99884146452
326.43209375 173.092203125 26.07903125 35.208640625 0.998526096344
759.3725 150.373140625 51.688125 68.901421875 0.998419165611
573.5264375 131.458984375 14.592 18.526171875 0.997952163219
524.96075 223.064046875 42.2878125 55.157640625 0.997839450836
665.305125 132.7318125 13.562875 18.70540625 0.997579872608
153.3646875 190.1005625 40.787890625 49.292484375 0.997244000435
263.0216875 173.037609375 37.622 48.948359375 0.997171103954
854.509875 113.703320312 15.48225 20.0790078125 0.997003495693
893.6924375 121.80328125 14.4910625 17.941578125 0.996419548988
352.81071875 175.162609375 39.03103125 50.051546875 0.994792521
422.20934375 156.98484375 38.1780625 48.69146875 0.994386672974
692.3561875 151.443796875 22.1434375 28.93325 0.993657767773
787.392875 123.54596875 14.4775625 17.64159375 0.987149715424
717.8868125 139.457671875 15.189375 17.9715625 0.979969799519
428.023625 124.636125 15.86278125 18.754140625 0.975348055363
913.311625 133.506703125 13.24075 16.310796875 0.957406461239
479.0038125 230.659234375 34.617625 36.145578125 0.941204369068
185.215171875 130.803484375 16.07334375 20.33834375 0.917810380459
289.70034375 104.365421875 14.21003125 18.0511875 0.914712190628
819.8225625 112.008898437 14.902125 16.128890625 0.909865617752
823.59025 130.177882813 12.1308125 16.2942734375 0.893247723579
48.4954179687 111.201734375 13.4045664063 18.729953125 0.889459848404
100.58540625 157.566140625 16.0855078125 17.90978125 0.854614257812
411.38884375 107.42371875 11.8190625 15.8706953125 0.840067327023
