33--Running/33_Running_Running_33_547.jpg
8
251.71959375 79.116390625 55.7455 61.59146875 0.999506115913
454.25496875 48.6397109375 49.5439375 63.564546875 0.99933642149
526.9708125 108.766328125 45.887625 63.9080625 0.999162077904
364.95653125 96.687515625 49.05115625 64.21171875 0.998828113079
115.649523437 32.4599746094 58.0134140625 68.8907988281 0.99878257513
623.13075 133.5383125 46.873375 56.439875 0.998763442039
744.345375 62.1719257813 55.0606875 61.6310585937 0.998286545277
935.50375 176.913625 14.090625 17.454359375 0.915080726147
