38--Tennis/38_Tennis_Tennis_38_580.jpg
12
344.794 246.282 28.2488 37.6289 0.998454
495.671 248.089 27.0619 38.4714 0.998337
598.796 251.819 29.8296 39.0194 0.998027
285.917 236.597 30.6034 39.9274 0.998019
673.528 248.005 28.3966 38.3171 0.997891
559.919 229.963 27.778 36.3878 0.997792
453.461 238.395 28.2035 37.0181 0.997741
406.814 244.98 29.5222 38.7082 0.997296
521.578 250.381 28.7465 38.6318 0.997031
318.764 242.132 27.7012 38.5168 0.99387
622.642 244.941 27.3981 40.3806 0.989528
646.61 236.48 24.311 35.3357 0.979275
