38--Tennis/38_Tennis_Tennis_38_371.jpg
25
378.571 211.858 26.8723 31.8292 0.999471
785.367 197.734 27.3218 34.3369 0.999268
444.367 214.386 25.7714 33.6001 0.999191
665.8 278.122 28.4925 36.7745 0.999054
695.943 192.593 27.2489 30.6685 0.999034
527.736 214.105 24.7938 29.1044 0.998974
653.299 198.178 24.8129 28.2028 0.99888
129.257 201.241 25.7901 30.9746 0.998707
550.068 373.464 32.0469 41.9209 0.998183
763.562 283.442 30.395 40.0326 0.998126
277.565 202.259 26.5271 32.327 0.99803
232.505 200.015 24.9502 31.3249 0.997998
490.818 203.205 24.6391 29.0467 0.99799
438.762 302.655 29.1868 35.4561 0.99783
344.703 298.822 27.5614 33.4172 0.997685
172.36 192.538 27.2572 32.5873 0.997446
878.948 190.038 25.2628 29.7042 0.997251
566.9 196.058 24.1245 29.0058 0.997235
323.959 205.538 23.6164 29.0715 0.997175
412.696 206.251 24.158 28.8359 0.996093
611.417 219.503 26.4573 30.0203 0.995822
476.706 368.522 30.9733 39.7579 0.994487
730.125 188.711 23.6804 28.4963 0.99299
569.416 287.437 28.0619 37.9562 0.98591
815.663 192.055 23.0364 27.7256 0.974154
