33--Running/33_Running_Running_33_266.jpg
18
483.202 251.951 50.8738 63.2387 0.99911
236.679 220.699 46.9912 62.63 0.998715
358.088 255.435 51.7438 71.2936 0.99864
767.276 269.82 52.5508 66.4376 0.998367
869.842 196.961 47.608 58.5092 0.998102
609.874 123.593 47.0837 55.9901 0.994379
93.1027 254.814 53.0508 67.605 0.993088
793.504 93.7712 44.6659 55.8515 0.989923
181.507 172.512 46.1405 53.5604 0.983647
746.558 213.456 47.2274 55.768 0.981327
393.12 135.856 41.6983 42.7922 0.977682
-8.77445 166.686 50.1457 54.5602 0.941392
246.515 154.012 50.3782 60.0403 0.934007
807.555 202.649 48.4512 54.3755 0.928996
280.094 210.279 38.424 40.8229 0.836258
654.967 195.098 56.1744 59.3641 0.826364
127.69 200.709 30.1205 31.9391 0.821067
921.097 105.436 29.629 47.1582 0.801452
