54--Rescue/54_Rescue_rescuepeople_54_431.jpg
17
520.436 516.065 38.0623 44.5195 0.996404
568.621 460.016 32.043 42.8025 0.995627
757.48 455.464 31.6145 35.1298 0.991745
370.726 397.549 35.3999 44.0161 0.987649
674.953 398.212 26.662 33.3035 0.984523
818.752 375.781 28.2074 33.814 0.981163
872.898 424.678 36.4031 40.8345 0.961637
782.842 522.055 36.1049 40.0892 0.959355
740.935 404.668 24.8693 30.5427 0.956885
532.39 380.977 23.0696 30.3749 0.953276
626.016 555.614 36.9886 44.3019 0.936267
775.044 324.383 24.6387 29.1189 0.907982
661.299 357.059 25.6432 30.178 0.902079
414.918 229.694 24.8394 30.8423 0.895076
86.0935 311.403 76.4488 78.7693 0.873945
601.55 286.915 14.9814 18.3893 0.864877
481.95 210.755 22.7875 29.2169 0.819546
