29--Students_Schoolkids/29_Students_Schoolkids_Students_Schoolkids_29_626.jpg
11
0.0 402.75634375 122.146742187 156.14553125 0.999680757523
154.40621875 177.67584375 74.14878125 93.3521875 0.999485731125
770.283125 341.6400625 108.076 137.53421875 0.999481379986
859.5319375 150.1694375 29.089125 38.620015625 0.999054133892
511.0911875 164.08253125 32.3216875 40.56525 0.999022722244
573.9051875 150.864703125 61.6344375 83.89165625 0.998764157295
967.03075 154.792375 56.94525 77.964328125 0.998074650764
86.039140625 179.8440625 37.127609375 48.014984375 0.99749314785
317.27440625 166.3880625 33.5085625 41.51059375 0.994317471981
704.2784375 131.909046875 26.906 47.059953125 0.914038479328
982.2888125 240.797234375 41.6871875 109.233578125 0.879321157932
