29--Students_Schoolkids/29_Students_Schoolkids_Students_Schoolkids_29_489.jpg
12
441.552875 231.61384375 118.658875 148.24509375 0.999586284161
619.4389375 135.325765625 86.8318125 111.10865625 0.998710989952
819.0319375 56.9095039063 59.2863125 74.2154804688 0.998215675354
516.8449375 10.5149794922 44.08825 59.0499189453 0.997851490974
107.6501875 25.0218886719 48.561359375 54.8363769531 0.995543301105
312.9036875 9.930109375 29.15490625 43.5963007813 0.995148122311
402.0459375 64.2865546875 33.56878125 46.3434765625 0.991366922855
286.16875 17.0204042969 32.4140625 49.5598066406 0.989604830742
586.1944375 0.0 27.004375 44.6594296875 0.987136483192
17.1989707031 179.6703125 56.1993964844 103.75915625 0.94128459692
894.121625 0.0 37.5513125 27.6337382813 0.827434420586
959.584625 33.6588320313 33.1061875 51.3341601562 0.802523493767
