29--Students_Schoolkids/29_Students_Schoolkids_Students_Schoolkids_29_310.jpg
10
469.52515625 200.100875 55.4188125 70.40696875 0.999203145504
283.5959375 196.146171875 56.96859375 80.577828125 0.998442351818
833.4396875 213.490625 61.291875 78.1630625 0.997984409332
95.95159375 206.638796875 61.618671875 78.663546875 0.997887909412
652.6124375 190.67759375 59.5189375 70.10509375 0.996317386627
541.7964375 152.69796875 114.3363125 130.6191875 0.996266305447
836.9758125 408.69459375 13.2810625 15.84365625 0.951570093632
468.08071875 418.08409375 11.8688125 14.3200625 0.940846145153
763.318875 178.220453125 90.0705 124.034921875 0.882583916187
358.33996875 205.1279375 110.5729375 137.8590625 0.86501789093
