29--Students_Schoolkids/29_Students_Schoolkids_Students_Schoolkids_29_66.jpg
13
397.8923125 105.454085937 35.4375 47.1978359375 0.999432265759
646.16625 125.897726562 35.2245625 46.3339296875 0.998485267162
322.0830625 107.465257812 37.34609375 49.1938203125 0.99793279171
191.37790625 91.5446953125 28.384609375 42.3201015625 0.997757256031
448.2133125 171.011859375 36.049 44.769921875 0.9967263937
321.8708125 195.96971875 29.8316875 50.81196875 0.996034324169
15.7196132813 140.52640625 24.6372851563 44.100203125 0.99542671442
474.44728125 128.249398437 28.96696875 43.0408203125 0.994350790977
700.9725625 201.39465625 25.6000625 47.05915625 0.981103420258
110.482398437 127.006421875 26.4301484375 47.477484375 0.960466325283
816.500125 177.733765625 22.0428125 36.503859375 0.94212782383
170.999046875 146.294125 23.75109375 44.141015625 0.890105724335
284.235375 115.429617187 24.33471875 43.5239453125 0.872990906239
