49--Greeting/49_Greeting_peoplegreeting_49_53.jpg
14
435.925 339.777 54.9272 71.8993 0.998744
221.085 333.207 47.3866 73.5658 0.997908
664.15 215.263 54.1903 72.1561 0.995776
85.0088 387.88 59.6442 81.9004 0.995228
796.683 398.344 64.1034 82.5185 0.994465
327.668 647.309 68.8218 93.7949 0.993227
772.535 671.763 69.4755 88.8107 0.993084
565.739 171.662 44.272 66.3888 0.991988
346.471 339.341 43.8876 63.0148 0.984547
170.907 285.566 42.9985 63.5168 0.962085
113.789 347.46 45.4686 67.4214 0.934597
683.555 384.397 48.7443 64.1788 0.920252
823.139 331.31 46.1592 60.6938 0.84682
704.004 292.774 42.9762 61.062 0.837638
