35--Basketball/35_Basketball_playingbasketball_35_674.jpg
23
370.396087646 154.807067871 63.2288208008 77.5377197266 0.99848818779
186.660339355 137.596160889 44.9579772949 55.0897064209 0.997237920761
88.6137924194 8.28762054443 31.5601272583 37.1155014038 0.993143320084
172.362197876 16.7698974609 30.6748046875 37.8128852844 0.992449164391
151.09664917 64.5011367798 36.0717315674 46.8763504028 0.989023089409
15.6242580414 234.378417969 35.1648197174 45.9241943359 0.988792717457
859.540527344 259.925079346 31.7557983398 39.0882568359 0.987253606319
597.369262695 276.341766357 34.9307250977 43.1922912598 0.986210525036
562.522766113 103.339012146 29.3098754883 37.6764907837 0.977660655975
406.618804932 16.3056983948 29.6005554199 38.44871521 0.975392341614
633.406738281 45.8318367004 49.2243041992 73.2586784363 0.975193679333
212.135147095 76.0678405762 28.6361846924 36.1784133911 0.970687329769
0.0 90.9272766113 25.7436294556 45.9082794189 0.968451201916
290.429748535 114.559043884 29.9821472168 39.61353302 0.968203961849
355.41317749 89.2748260498 29.9713134766 34.4638442993 0.967789649963
264.425811768 83.98072052 32.0953979492 39.2352371216 0.96176815033
978.932434082 24.5778255463 45.067565918 85.0936603546 0.947272837162
600.99206543 25.3122520447 23.0882568359 30.9485778809 0.944712936878
349.506744385 7.84582805634 26.267578125 34.3931665421 0.905496060848
801.458984375 50.0642776489 25.1960449219 31.6980133057 0.884323239326
505.508026123 27.6522712708 26.3661804199 34.3484611511 0.87672919035
479.910797119 107.547950745 23.1614990234 28.5125045776 0.810845136642
450.044677734 18.2416534424 30.5139770508 38.3847007751 0.808082461357
