35--Basketball/35_Basketball_basketballgame_ball_35_201.jpg
12
598.143981934 0.0 114.939758301 140.25138855 0.995063483715
507.681243896 225.613006592 101.036895752 139.851196289 0.99352735281
838.56451416 0.0 92.4326171875 113.525993347 0.993322193623
632.774108887 391.520690918 111.143249512 129.242980957 0.993319749832
11.2068328857 396.274108887 113.590690613 162.063110352 0.992695093155
278.410186768 383.579284668 121.314697266 157.527954102 0.992125451565
121.450073242 266.981140137 97.9108428955 135.643432617 0.991947710514
933.831787109 216.722167969 90.1682128906 130.793182373 0.988982141018
721.246154785 163.836700439 104.194763184 123.723114014 0.986951947212
84.4103088379 139.601821899 98.0885772705 125.823471069 0.983581900597
0.0 39.4627799988 80.190612793 136.849399567 0.971225082874
380.652740479 163.396072388 98.2056274414 117.069137573 0.967787742615
