35--Basketball/35_Basketball_playingbasketball_35_127.jpg
9
597.100708008 185.669433594 47.2854003906 63.0323638916 0.998346567154
317.016601562 56.2881164551 30.9057617188 38.826965332 0.997640728951
492.102478027 113.69103241 37.4381103516 43.9779129028 0.996843338013
636.091491699 33.1181716919 33.6363525391 42.5524520874 0.994563281536
885.551818848 64.3707122803 27.6148071289 34.9234771729 0.990057528019
531.426147461 165.522399902 39.7442016602 48.2609100342 0.989652097225
850.208374023 1.90888082981 29.2771606445 31.8773282766 0.963178753853
1002.42248535 113.939079285 21.5775146484 33.7913131714 0.908612430096
14.3028106689 62.6709022522 16.5289974213 20.7469444275 0.905721604824
