35--Basketball/35_Basketball_basketballgame_ball_35_197.jpg
10
628.238952637 155.043899536 59.1566162109 79.5918579102 0.999311804771
800.33416748 13.1485700607 54.9065551758 73.9901323318 0.998704314232
258.307952881 180.372955322 63.287902832 84.1447753906 0.998567461967
243.128555298 103.002006531 65.7948455811 78.217628479 0.997223734856
720.508300781 209.301376343 67.4220581055 91.530380249 0.997219800949
443.66784668 164.269287109 64.2760009766 70.6893615723 0.996906459332
38.4592666626 91.7077407837 72.1406936646 86.2343978882 0.993910431862
21.2107582092 36.1059494019 60.0945091248 73.0942687988 0.976817429066
820.604614258 275.251800537 69.667175293 72.4942321777 0.917486131191
5.17018604279 0.0 52.7320241928 46.5990943909 0.843001902103
