35--Basketball/35_Basketball_playingbasketball_35_782.jpg
10
286.752746582 51.1106414795 64.1896362305 86.7155914307 0.99856877327
226.470367432 3.67023944855 61.5150756836 83.9197416306 0.998043894768
112.220344543 14.6529941559 66.718421936 88.8349132538 0.996289610863
760.767150879 0.0 69.5788574219 74.4588775635 0.995895504951
508.090057373 329.937713623 104.012542725 131.304840088 0.992657840252
420.827514648 31.9356784821 61.3037719727 83.5142726898 0.989117324352
215.067962646 581.004821777 96.0278015137 120.62310791 0.988842248917
459.752502441 78.8149108887 67.8563232422 90.5110931396 0.965149760246
928.043945312 414.036834717 75.4180297852 96.7841491699 0.964548408985
110.096641541 340.558288574 82.970375061 113.508605957 0.93771225214
