35--Basketball/35_Basketball_Basketball_35_529.jpg
8
503.736236572 159.197509766 35.9035949707 43.3981170654 0.99610376358
638.841430664 175.027130127 32.220703125 39.8768310547 0.994368612766
697.424865723 215.861557007 30.3728637695 39.1138763428 0.990458011627
376.239776611 180.363082886 29.0675964355 35.1730957031 0.986909925938
438.865753174 168.919189453 30.2752380371 38.0464019775 0.986873686314
563.46887207 175.949401855 31.0788574219 41.9219055176 0.986289799213
266.249572754 210.559768677 30.4274902344 37.1472320557 0.983159303665
762.266052246 238.712844849 34.1827392578 37.907913208 0.977252781391
