35--Basketball/35_Basketball_Basketball_35_361.jpg
16
164.497833252 250.341430664 26.5855255127 35.5674743652 0.993538320065
908.723205566 130.341491699 30.8911132812 41.0798797607 0.993155181408
70.2835998535 162.825546265 26.8671340942 34.7202758789 0.992485642433
596.27947998 121.161430359 26.3150024414 33.1583328247 0.988114058971
652.251831055 252.698745728 26.9665527344 35.4162139893 0.986419737339
699.586364746 117.283432007 26.3746948242 32.5956268311 0.985843241215
300.008575439 250.504470825 27.2696838379 36.7087860107 0.979935109615
870.780090332 238.008422852 28.6799316406 35.2222595215 0.97898465395
517.695800781 244.100219727 25.19921875 33.4246520996 0.977223396301
405.696044922 247.617553711 25.9179077148 33.0480041504 0.976345479488
478.246185303 117.392288208 24.9501953125 32.1530761719 0.975819051266
776.179260254 240.217346191 29.1752929688 36.7227172852 0.971879839897
161.452011108 127.220909119 26.2594451904 33.3288955688 0.961499273777
263.057800293 126.794975281 25.4254760742 29.6854934692 0.948463559151
365.706787109 130.882797241 26.1422729492 31.8636016846 0.92573595047
825.715942383 115.844741821 25.2334594727 29.4512634277 0.834502696991
