35--Basketball/35_Basketball_playingbasketball_35_417.jpg
10
364.211212158 15.3188438416 49.8258972168 56.6154289246 0.997383534908
225.009307861 130.755126953 33.0825195312 40.3484191895 0.973470568657
353.277709961 245.104492188 31.9458007812 44.9331970215 0.970570623875
286.556030273 257.961456299 29.3961791992 47.8134765625 0.964647650719
51.3306732178 65.8436737061 30.3122406006 38.6569824219 0.959012389183
216.476821899 251.00189209 27.3883361816 47.6963806152 0.950253307819
739.874572754 89.4816207886 35.7473144531 37.7671813965 0.946927905083
181.877960205 50.4428901672 26.204498291 31.0676765442 0.935746192932
884.860717773 164.199829102 31.5155639648 40.0321350098 0.917106688023
525.695373535 37.4070587158 27.6538085938 32.9024047852 0.814898967743
