35--Basketball/35_Basketball_basketballgame_ball_35_709.jpg
32
882.426879883 1009.50366211 32.405090332 40.6585693359 0.994419157505
768.128662109 997.835388184 31.9259643555 42.7145385742 0.993899345398
221.272064209 1007.92895508 35.9920043945 43.4945068359 0.993371963501
180.986923218 982.070129395 35.8113555908 45.723815918 0.991681277752
347.092010498 964.036682129 30.8325500488 37.4657592773 0.991550803185
62.4011688232 987.932617188 32.6448669434 40.9519042969 0.990276575089
135.824081421 959.488708496 26.1257781982 33.8278808594 0.98683065176
285.166168213 992.24798584 35.7943725586 45.1436157227 0.986138999462
526.489807129 407.215454102 65.7495117188 66.9110412598 0.983139574528
245.776062012 929.102539062 26.2555847168 34.1689453125 0.978389501572
1002.69897461 999.828613281 21.3010253906 37.2862548828 0.976429998875
35.384967804 985.887817383 28.8487319946 39.8516845703 0.968655705452
897.190673828 978.518249512 26.841003418 35.0116577148 0.959806799889
172.552902222 939.288208008 24.0852203369 30.7786865234 0.957316458225
2.3739118576 1004.83117676 38.6044054031 46.5903320312 0.954821050167
994.870849609 930.286132812 22.5880126953 29.9077148438 0.946646034718
321.793273926 776.33026123 23.1092834473 31.4476318359 0.945096790791
863.299804688 975.87713623 23.451965332 30.6461791992 0.942055523396
24.9299468994 771.863342285 24.5081787109 29.8052978516 0.933862149715
849.734558105 918.819458008 23.5130004883 30.2530517578 0.912148535252
903.890930176 926.291748047 23.3828125 29.7964477539 0.882474899292
414.140197754 754.127380371 23.7484130859 28.8920288086 0.880032896996
3.39271020889 967.941589355 23.4814810753 30.323425293 0.876635372639
992.369628906 977.121887207 30.340637207 37.5746459961 0.868834257126
16.9617805481 857.012817383 23.3000869751 28.7971801758 0.857184827328
929.680908203 905.406433105 22.1067504883 28.5621948242 0.828530371189
104.567070007 828.108703613 24.3181915283 29.0263061523 0.828209936619
353.274841309 832.467041016 23.6123352051 29.9759521484 0.827869594097
826.341186523 718.599914551 21.8851928711 29.5333251953 0.817719697952
494.916534424 992.903381348 29.1054992676 38.6600952148 0.812717616558
391.451568604 629.191650391 17.1042480469 20.9758300781 0.807620942593
926.029907227 734.86907959 16.9205932617 21.1623535156 0.803137719631
