35--Basketball/35_Basketball_Basketball_35_180.jpg
11
604.709228516 165.40007019 29.0534667969 38.4055023193 0.995851278305
473.000488281 217.351470947 32.9308166504 42.6653137207 0.995517790318
383.725341797 192.723220825 30.345489502 38.1142883301 0.993773162365
283.885955811 188.84286499 31.5433654785 41.5356445312 0.993296205997
219.528503418 174.368850708 30.5581970215 38.5431365967 0.993232727051
439.493927002 176.533798218 28.2775268555 35.3674316406 0.992383420467
611.00402832 356.166259766 32.9111328125 43.5215148926 0.991958379745
529.78302002 156.207855225 27.977355957 35.034576416 0.989261865616
332.844024658 190.723648071 27.4878234863 34.7756500244 0.988346874714
684.666503906 166.343505859 27.7736816406 35.802154541 0.988290965557
412.80770874 398.394042969 36.0917663574 45.8603820801 0.982329428196
