35--Basketball/35_Basketball_Basketball_35_653.jpg
14
732.944946289 44.2743377686 54.4613037109 72.8256454468 0.999483466148
92.217300415 270.84362793 56.05128479 76.0469665527 0.999014258385
595.617980957 22.8375434875 59.9189453125 80.157787323 0.998983919621
869.92199707 36.9796676636 53.5352783203 69.4110717773 0.998952627182
98.5936431885 32.4309806824 53.3538360596 76.7153434753 0.998937547207
652.624938965 272.123840332 50.3375854492 68.7723388672 0.998789846897
919.673461914 278.550323486 55.9229736328 73.5838317871 0.998270273209
379.952545166 294.338867188 53.3924560547 70.650390625 0.997931361198
265.255340576 38.7719917297 58.9277954102 81.268321991 0.997906088829
205.198348999 313.367584229 53.3212127686 72.0201416016 0.99757796526
811.453613281 278.305999756 51.9641723633 70.6899108887 0.997532844543
534.346496582 293.80355835 59.4036865234 79.3569335938 0.997301518917
459.005340576 68.6354751587 60.4387512207 80.4050369263 0.996295511723
367.371917725 47.4973564148 56.7549743652 79.4664878845 0.992504358292
