49--Greeting/49_Greeting_peoplegreeting_49_53.jpg
18
435.351 335.266 59.7603 77.8409 0.999054
769.952 666.909 70.5364 93.8817 0.998682
799.373 401.649 61.2893 75.8219 0.998391
83.7058 388.435 58.2921 77.9895 0.997778
345.464 337.39 43.9267 68.9763 0.997699
665.925 217.915 49.8454 67.8195 0.997446
326.48 643.324 70.5069 93.6925 0.996438
218.571 337.44 46.6128 71.1627 0.994306
329.563 231.045 44.565 60.884 0.99201
704.213 292.95 42.9805 67.3477 0.991585
568.132 171.881 45.147 66.5405 0.991518
171.007 285.952 41.0985 66.1193 0.989918
222.953 217.977 42.4354 60.549 0.987574
825.956 332.437 44.1121 65.7084 0.986816
850.104 284.346 45.5651 67.8849 0.976384
108.441 346.897 46.623 70.724 0.869714
506.285 281.498 41.5052 54.9468 0.831546
688.574 384.122 48.4728 69.3948 0.805539
