24--Soldier_Firing/24_Soldier_Firing_Soldier_Firing_24_890.jpg
8
749.2084375 54.7276445313 62.1030625 76.4852148437 0.998702287674
62.0542148438 213.8084375 43.8018398438 56.411875 0.99857378006
42.7533867188 145.813234375 25.7104570312 31.788515625 0.99632358551
131.387875 150.800125 24.37775 31.42703125 0.991783976555
216.12025 132.548171875 25.290125 31.23471875 0.982597768307
300.87865625 149.589109375 24.6816875 29.63553125 0.976213812828
386.4078125 160.9254375 23.6498125 27.9623125 0.974801778793
476.1248125 155.419453125 21.43025 28.895125 0.931366860867
