24--Soldier_Firing/24_Soldier_Firing_Soldier_Firing_24_691.jpg
24
580.0650625 268.38225 20.916625 21.99615625 0.999370276928
776.5595625 321.51071875 29.6525 35.06846875 0.999351203442
270.2418125 307.55384375 31.76046875 37.04328125 0.999185860157
740.87125 296.005 28.4448125 32.2426875 0.999065697193
879.1238125 454.750125 34.188125 40.7258125 0.999003946781
876.8313125 326.83890625 31.0463125 34.66575 0.998993694782
503.52925 311.20928125 25.37275 30.28403125 0.998887717724
292.48425 277.64015625 28.46590625 35.65484375 0.998831093311
666.6355625 317.52396875 26.5440625 30.399 0.998797059059
265.5375625 268.93540625 27.116375 31.4343125 0.998713493347
621.5891875 304.561375 25.087125 29.23228125 0.998638570309
824.7478125 383.6993125 33.374375 42.61315625 0.99861240387
238.621828125 216.35190625 24.338875 30.01259375 0.998611450195
546.09275 270.32703125 24.9075625 28.458625 0.998235464096
819.99325 299.38021875 24.69 30.467 0.998156487942
364.7346875 304.61703125 24.84071875 27.15928125 0.998000085354
417.8465625 339.79828125 26.7291875 30.965375 0.997014522552
803.1588125 365.55771875 29.157375 37.8319375 0.996808826923
957.0661875 303.00996875 20.2030625 22.68528125 0.994912862778
439.78259375 311.03203125 23.880875 27.499 0.993434429169
561.8215 326.8325625 24.4868125 27.9944375 0.992497980595
93.5869609375 112.3901875 42.5015703125 60.871796875 0.992341995239
410.4019375 247.527640625 24.66940625 26.778453125 0.99152135849
726.7113125 308.9374375 17.337375 20.26575 0.941482484341
