7--Cheering/7_Cheering_Cheering_7_57.jpg
12
431.7484375 337.3175 45.36 57.841375 0.999536514282
0.0 303.34903125 47.6025234375 57.951375 0.999140143394
795.7060625 285.32359375 51.296875 57.6255 0.998063147068
743.3515625 336.871125 49.335875 54.4678125 0.997691035271
134.401328125 303.85015625 41.3386875 46.409375 0.997376084328
31.0187792969 162.892671875 38.4996660156 50.611765625 0.99721968174
666.655125 316.083 39.633 44.78353125 0.997124493122
330.9573125 314.05278125 39.42759375 48.05028125 0.995973646641
553.5783125 348.56459375 46.6854375 49.4921875 0.995333015919
106.304070313 323.55034375 34.7089140625 48.32040625 0.978110730648
1004.8380625 339.37525 19.1379375 63.61771875 0.962826967239
739.052125 148.0514375 39.6549375 45.164625 0.960418224335
