7--Cheering/7_Cheering_Cheering_7_386.jpg
10
763.3993125 290.035375 31.623875 43.37765625 0.998569965363
766.0365625 436.34625 32.0216875 39.18975 0.995984077454
57.8331875 502.91378125 50.20603125 75.65728125 0.994867920876
210.98353125 546.353375 46.016828125 53.77575 0.988668859005
787.517625 482.723 44.0945625 62.156875 0.980582535267
286.04121875 401.344125 16.94059375 21.0539375 0.965765714645
392.0518125 401.97771875 16.061375 19.7671875 0.955961942673
306.20640625 408.095125 15.228625 18.38921875 0.955194711685
221.56728125 429.02653125 16.45934375 21.38628125 0.943734407425
252.80603125 468.622875 30.9256875 43.47065625 0.893622040749
