7--Cheering/7_Cheering_Cheering_7_29.jpg
57
444.398375 170.45396875 14.6005 18.3344375 0.997877120972
976.5268125 336.98903125 15.4453125 20.216125 0.995990335941
937.2363125 116.220601562 13.67175 17.1186015625 0.99492162466
908.8486875 126.863710938 14.5194375 18.7911484375 0.993344306946
205.401734375 93.181015625 13.60809375 17.3700078125 0.993003070354
271.14815625 107.797460938 13.03578125 16.3790234375 0.99147862196
172.90634375 108.97028125 14.214140625 18.684453125 0.990640938282
898.959 351.479625 15.2505625 19.59840625 0.98978805542
768.5785 269.071125 14.03 16.54778125 0.98932236433
805.0313125 276.73084375 15.1995 20.351 0.988937735558
618.878625 178.478359375 13.6741875 17.773265625 0.988915026188
728.046375 165.71646875 14.4725 17.00384375 0.986141622066
464.24771875 360.1383125 15.55896875 19.82340625 0.985757172108
164.165640625 146.0105 12.937875 15.5263125 0.98385322094
680.1155 176.926703125 13.9824375 17.597765625 0.980352878571
605.3509375 238.225734375 16.56225 18.64815625 0.980006635189
370.64271875 297.84015625 12.57234375 14.98746875 0.979837357998
811.2153125 369.093 14.8114375 17.38 0.973713636398
890.623 216.023578125 16.3016875 20.4183125 0.970729529858
999.4794375 188.13775 13.3614375 15.612328125 0.969655513763
358.22075 245.29128125 14.219875 16.90571875 0.968367338181
195.914109375 271.64509375 13.657984375 16.73775 0.965148210526
437.073125 128.41825 13.3284375 16.551625 0.965113043785
994.605625 223.655671875 13.301625 16.084515625 0.962191104889
927.6304375 221.162 14.7783125 17.606015625 0.96053403616
338.95459375 170.26221875 13.1645625 16.119109375 0.958854198456
254.448625 231.63978125 12.8856875 15.307546875 0.955197453499
533.1651875 139.9181875 11.9693125 13.531265625 0.954646408558
571.01125 218.10703125 15.541875 20.495109375 0.951512873173
623.6416875 116.037273438 11.9463125 13.9497578125 0.933504641056
714.48475 294.8595625 14.104625 16.24971875 0.932466566563
477.00715625 334.47571875 15.107125 16.71934375 0.932127654552
591.1479375 97.9214609375 12.2481875 14.9914296875 0.92622756958
403.84034375 294.58025 12.58340625 15.9245 0.925152361393
224.412078125 141.146609375 12.56484375 15.391671875 0.921955525875
156.292734375 269.75653125 12.097734375 14.431375 0.91279143095
655.796375 466.30371875 16.08275 18.4351875 0.904407858849
951.6615625 254.481578125 13.7578125 17.449859375 0.902813196182
593.0703125 124.880460938 12.75325 17.1526171875 0.898809313774
110.9849375 130.270976563 14.13528125 16.5932265625 0.897750735283
1001.6770625 334.8205625 13.3304375 16.9595 0.888015210629
837.6731875 341.243625 15.532625 17.71271875 0.878686189651
517.36765625 280.844 13.85521875 16.9615625 0.876255691051
878.7925625 248.447453125 14.2789375 17.221578125 0.87160307169
410.7074375 201.62778125 13.78584375 17.2636875 0.869169771671
614.21875 419.2920625 14.638 18.08525 0.865554392338
363.364375 360.79346875 15.1359375 19.511125 0.85304158926
704.8391875 319.2281875 14.23025 16.685375 0.842250883579
960.657125 299.62425 14.413625 18.2059375 0.841366410255
1.66905334473 113.708609375 14.2076947021 16.2022109375 0.834993422031
340.67553125 131.10796875 11.0965 15.190125 0.832328379154
779.3165 106.474882812 11.3434375 14.68890625 0.830212414265
215.46221875 240.223921875 12.236109375 14.80184375 0.825277209282
765.08525 489.8168125 26.2460625 21.1351875 0.825039327145
279.6629375 253.621359375 12.3910625 15.289546875 0.821734845638
671.9266875 131.809734375 12.6140625 15.093984375 0.818507790565
346.09578125 434.4214375 16.8113125 18.36721875 0.800493180752
