7--Cheering/7_Cheering_Cheering_7_334.jpg
18
567.5945 177.843453125 42.680875 54.3401875 0.999474227428
680.064375 171.087359375 46.3376875 54.96746875 0.999458372593
375.844875 241.666484375 47.0885625 59.098484375 0.999318957329
613.488 256.76215625 42.8753125 57.9766875 0.999194681644
496.576 243.5841875 45.4678125 58.981875 0.999123632908
166.943671875 135.74421875 46.6555 58.932671875 0.998939216137
299.6014375 200.768625 45.08915625 55.908640625 0.998929560184
194.891828125 282.56609375 48.776953125 57.4359375 0.998915553093
643.448875 374.55740625 45.3561875 59.76771875 0.998915314674
803.107375 144.185484375 45.1601875 57.04603125 0.998898386955
707.43825 290.489875 43.495625 56.922125 0.998706102371
460.1596875 122.362148437 43.10540625 55.6101640625 0.998678147793
510.44465625 341.996 46.06465625 57.75775 0.998671770096
398.86503125 350.977625 44.85075 56.31009375 0.998490095139
291.466875 305.15284375 44.91715625 56.05596875 0.998477637768
778.577 285.468125 43.8624375 55.38440625 0.998019099236
387.49778125 165.261984375 22.16040625 29.1233125 0.910488784313
1015.9753125 147.268890625 8.0006875 17.147828125 0.832913458347
