37--Soccer/37_Soccer_soccer_ball_37_483.jpg
8
683.543875 146.688640625 37.0264375 46.0149375 0.999298334122
206.8155625 166.548828125 29.08696875 38.57153125 0.998744487762
407.6815625 120.06975 37.146375 43.745640625 0.998681724072
912.1129375 77.8843359375 37.5599375 44.99721875 0.998368561268
498.0765 90.2021328125 43.931375 59.1688203125 0.998325169086
760.95725 145.48546875 27.50175 35.910125 0.997748911381
97.6363203125 156.592125 40.0431171875 51.236671875 0.993735909462
853.444 232.518125 15.235125 19.261390625 0.980604529381
