37--Soccer/37_Soccer_soccer_ball_37_583.jpg
11
404.04996875 77.9165234375 45.95375 60.2164296875 0.998769819736
795.3659375 251.708140625 46.0236875 56.613328125 0.998545765877
284.886625 285.87253125 47.12759375 60.56453125 0.998390555382
795.0213125 97.1977734375 42.3044375 55.5841328125 0.998156011105
667.645125 90.0663125 38.946875 50.52303125 0.998013615608
667.335875 253.16884375 46.7035625 56.70584375 0.997680783272
183.029328125 71.68925 45.66803125 60.947671875 0.997609734535
561.7290625 101.342273437 42.7033125 54.2403671875 0.99759978056
270.83503125 94.9448046875 41.0185 54.4912109375 0.997505366802
526.082375 273.31703125 43.099125 56.50459375 0.997410476208
413.9779375 266.25325 45.17496875 56.01165625 0.996778905392
