37--Soccer/37_Soccer_soccer_ball_37_345.jpg
11
714.861 163.3961875 16.3705 20.42178125 0.999466836452
1000.424625 190.809703125 15.915375 20.306625 0.999293208122
490.863375 172.101296875 16.124875 20.926578125 0.99914252758
622.537875 179.60825 16.2155625 20.83878125 0.998484909534
426.7969375 182.00790625 15.80046875 20.113703125 0.998247027397
968.474 181.21759375 16.5601875 21.07878125 0.998208642006
818.131125 167.647125 14.9655625 20.245703125 0.997886836529
556.602375 166.792640625 15.7385625 19.991046875 0.996180534363
364.320375 179.852125 15.37225 20.007453125 0.9872636199
140.646703125 317.55915625 17.061859375 23.91540625 0.980201423168
384.1110625 92.7341953125 12.35809375 14.9296640625 0.90740776062
