37--Soccer/37_Soccer_soccer_ball_37_907.jpg
16
258.172515625 73.1855078125 34.997453125 47.5402734375 0.99806791544
125.47871875 177.201015625 38.46684375 48.649765625 0.998067319393
166.075375 51.40546875 36.893421875 44.62365625 0.99801158905
674.0411875 88.219703125 38.3605 48.939 0.99788159132
43.5348789063 60.9701445312 35.9475585938 47.7975039063 0.997843027115
422.84609375 111.124210937 37.55528125 47.5465859375 0.997634887695
333.55675 113.111359375 35.096375 40.918421875 0.997602164745
13.9241425781 295.07696875 34.9617128906 46.46078125 0.997437119484
190.72325 274.47621875 36.8386875 48.63921875 0.995289206505
540.906 85.136796875 39.8575625 49.344125 0.993838369846
918.4114375 66.8959921875 30.8448125 46.731734375 0.993493855
1000.9764375 79.0604296875 22.9995625 42.358796875 0.993008613586
22.03965625 185.8613125 39.631359375 48.658703125 0.988155007362
911.615625 174.380390625 41.5889375 45.8666875 0.975080609322
147.13234375 303.90690625 34.95215625 44.05165625 0.970549881458
303.9175625 280.9044375 36.71925 48.296875 0.851491212845
