37--Soccer/37_Soccer_soccer_ball_37_851.jpg
14
365.09503125 73.7138359375 49.14315625 65.2371796875 0.999436914921
644.580625 143.92896875 46.5769375 60.3651875 0.999373733997
772.739625 128.24528125 44.6754375 57.8954375 0.998960733414
868.1631875 123.219789062 43.0775625 60.0023203125 0.998692810535
842.7465625 201.6976875 56.8881875 69.65725 0.998681008816
226.38759375 107.737109375 53.678625 67.174984375 0.998526096344
724.415125 206.894203125 52.4085 67.465234375 0.99820125103
492.02525 97.06009375 48.1505625 56.156890625 0.997657895088
528.3323125 274.72290625 55.345 76.79575 0.997639417648
632.7336875 247.863203125 53.8018125 71.716578125 0.997251689434
379.01534375 279.43315625 58.9879375 73.8526875 0.997211277485
270.81815625 237.496734375 60.640875 75.683984375 0.996734678745
120.874835937 238.130140625 60.8591484375 81.659953125 0.996576726437
824.7086875 94.2983671875 42.5104375 56.1826796875 0.996261894703
