0--Parade/0_Parade_marchingband_1_410.jpg
44
561.637 467.195 26.8818 37.6403 0.984031
693.034 482.521 33.0522 46.1548 0.982851
464.03 486.317 25.3044 37.994 0.971835
783.176 225.258 12.6395 15.744 0.946949
877.468 450.386 32.9962 46.4558 0.941431
177.312 258.11 12.4014 15.1635 0.936875
382.988 476.726 26.1148 37.5885 0.93216
266.133 480.833 13.6683 16.6135 0.92942
97.8008 146.21 12.62 15.2752 0.920382
241.205 239.909 13.0408 15.7978 0.914009
313.243 414.611 12.4805 16.0573 0.911045
58.9396 462.958 14.5855 17.66 0.90202
727.624 350.547 14.3159 18.6187 0.901877
48.4355 487.263 14.5605 18.1431 0.90047
548.03 150.122 12.5902 15.6588 0.891033
72.0127 244.734 15.6567 20.0224 0.872452
832.526 175.151 13.3741 16.8308 0.86963
704.967 191.838 13.1252 15.9598 0.868123
249.439 37.5801 12.6676 16.0108 0.866745
73.3591 85.5628 13.9381 16.4008 0.863473
467.95 128.495 13.4291 16.1055 0.863353
39.5877 345.309 13.8653 16.2744 0.858172
567.038 334.71 14.478 18.1715 0.855649
122.583 336.42 12.5882 15.1398 0.855494
225.854 137.335 12.2364 14.8793 0.85129
659.076 216.94 13.9954 17.4573 0.846302
199.363 216.644 12.7928 15.6439 0.842804
1008.88 341.806 14.1382 17.6429 0.840375
575.804 111.683 13.3862 16.7165 0.839912
940.417 216.44 12.3341 14.7372 0.837685
275.273 436.787 13.6245 17.6543 0.834161
139.237 368.568 12.1357 15.1365 0.828533
220.672 480.764 22.593 30.9523 0.827593
769.345 118.813 14.2285 17.7843 0.826901
169.741 463.335 14.8869 17.9798 0.826368
208.672 41.1556 12.6751 15.3066 0.824564
236.23 296.065 12.8235 15.6488 0.823396
115.595 214.364 13.3943 16.4701 0.813272
936.836 28.6451 14.7106 18.2157 0.811707
722.093 162.602 11.8771 14.0666 0.807107
49.0801 130.036 13.133 16.3589 0.806062
651.719 398.207 15.0491 18.3925 0.801181
968.651 336.475 11.8975 14.7003 0.800634
808.776 273.255 13.7421 17.0786 0.800207
