0--Parade/0_Parade_marchingband_1_759.jpg
12
630.853 121.862 56.5339 73.542 0.998898
138.036 148.685 50.5546 62.3072 0.998681
573.052 141.122 51.3148 63.7851 0.997963
304.058 18.3593 47.2905 62.372 0.997162
493.254 138.228 50.5995 65.4706 0.997149
171.778 3.0866 47.6352 60.9636 0.996686
53.1396 42.3856 36.8281 45.0587 0.996327
7.74726 35.4095 36.1097 46.5334 0.996135
369.35 24.465 48.8461 60.4929 0.995891
339.403 126.316 45.9232 55.2967 0.995655
137.173 48.1028 46.5912 59.1326 0.994461
89.0302 18.4865 36.1492 49.9151 0.975121
