0--Parade/0_Parade_marchingband_1_490.jpg
67
80.137 398.926 13.5413 16.9888 0.963451
752.596 361.136 14.5419 18.9656 0.957263
33.2124 393.425 14.2266 18.0226 0.950438
879.293 391.112 15.5007 20.3277 0.947223
544.895 332.992 12.8517 16.5255 0.94547
440.629 301.838 13.7912 17.4911 0.940047
551.482 390.194 15.106 19.5424 0.936801
390.926 359.307 14.6491 18.5542 0.935216
671.002 454.216 16.2646 20.4768 0.934584
744.266 391.208 15.892 19.8829 0.934483
696.863 391.279 15.4253 19.9665 0.934365
263.182 393.008 15.42 19.8348 0.930334
504.55 387.667 15.2899 19.2963 0.928648
361.239 305.103 12.8788 16.2218 0.924384
482.214 356.586 15.5424 19.4167 0.921542
882.744 333.282 13.2247 16.5162 0.920925
169.957 356.072 14.2686 17.9928 0.917542
168.99 396.895 14.708 19.1445 0.91731
329.981 329.428 13.7257 17.7706 0.916268
288.343 328.898 12.9664 16.0063 0.915968
738.355 249.959 12.6814 15.2538 0.915638
439.047 360.318 14.2748 18.4728 0.915356
455.495 392.319 15.5372 19.6182 0.914931
217.366 395.176 15.7231 19.9598 0.907114
368.843 329.941 14.6805 18.3911 0.907093
345.908 232.377 12.5779 15.2375 0.90569
217.063 360.791 14.8336 18.0011 0.900636
274.793 284.891 12.6815 16.109 0.896663
800.747 309.771 12.8535 16.3562 0.89398
600.973 391.458 14.455 18.0093 0.891872
601.664 305.247 13.2312 16.5795 0.890065
321.356 303.993 13.3921 16.9981 0.883105
785.628 393.562 15.9243 19.9791 0.883095
662.108 360.4 14.8837 18.1606 0.882896
327.448 247.824 12.9514 16.1028 0.882562
686.859 288.182 12.3673 15.2498 0.880884
406.634 388.217 16.2025 19.793 0.878463
793.674 360.275 13.525 16.812 0.875548
835.084 359.254 15.1648 18.5676 0.874059
526.502 357.745 14.2188 17.2341 0.866337
408.342 452.267 17.3543 21.8123 0.86571
385.468 285.112 13.1548 15.8555 0.86537
667.322 203.161 11.7401 13.9637 0.86267
369.645 216.744 11.7377 14.677 0.860027
125.828 398.839 16.2167 20.2345 0.85558
975.441 397.383 13.7404 17.3122 0.851694
561.527 217.298 11.9486 14.4343 0.845956
672.997 329.233 14.5569 18.5064 0.844601
570.418 250.63 11.8928 14.3574 0.844431
620.246 185.045 11.7635 14.8958 0.842356
572.205 361.235 13.7639 16.8158 0.842231
435.184 214.959 11.8986 15.1833 0.841654
631.638 332.877 13.7272 16.8209 0.839622
650.976 287.356 12.9713 15.6381 0.838076
402.233 217.13 11.6342 14.3358 0.834549
459.54 285.794 13.2839 16.5275 0.831151
931.894 367.743 12.8782 16.7197 0.825939
617.392 358.551 14.2437 16.8296 0.817471
346.136 360.314 14.0056 17.0352 0.814931
586.859 332.49 14.4116 17.5519 0.814676
706.442 359.253 14.2205 17.2902 0.81261
837.462 311.354 15.7404 19.0934 0.812297
122.341 355.222 15.4815 18.6838 0.810991
355.575 206.062 12.0218 15.0388 0.810436
205.709 327.142 14.2414 17.0011 0.80899
640.521 309.505 13.438 16.4998 0.803833
839.185 249.361 11.9224 14.5831 0.80309
