3--Riot/3_Riot_Riot_3_1037.jpg
13
74.26 153.737 71.8268 73.4423 0.9994
678.694 138.298 33.1232 44.8502 0.998287
771.172 176.518 28.904 35.4413 0.998116
-3.97013 678.693 100.509 119.692 0.99788
602.06 182.829 28.2307 35.2713 0.997632
56.8405 499.152 51.7273 62.9342 0.996685
674.343 410.019 45.3824 58.2322 0.99651
298.431 156.471 33.3931 44.8118 0.996001
717.761 155.956 23.9861 28.1026 0.994746
970.832 210.167 35.1031 43.5931 0.992289
368.816 448.877 28.0331 30.5142 0.965766
433.322 443.857 12.0702 15.4005 0.919865
446.089 451.387 11.4142 14.4919 0.88989
