3--Riot/3_Riot_Riot_3_137.jpg
18
332.175 390.408 55.5706 63.7127 0.999135
656.913 356.699 54.0638 60.6229 0.998963
487.563 321.229 42.3289 56.1345 0.998835
921.729 350.478 60.2594 67.5992 0.998756
972.91 323.037 26.5446 34.6862 0.996593
922.534 315.023 29.4932 33.5838 0.996556
107.62 412.422 36.6383 44.6192 0.991122
403.464 337.394 32.9347 46.787 0.990721
786.243 318.205 22.1251 29.3958 0.989547
61.5781 386.924 38.1853 44.4157 0.987126
271.246 362.411 43.4124 51.6328 0.984961
671.913 298.609 15.866 20.7269 0.980607
898.518 327.817 23.215 27.9458 0.967551
139.708 408.585 31.0918 51.1374 0.954908
459.849 308.554 17.3673 22.6485 0.941683
345.613 324.125 22.8958 27.8111 0.909691
526.492 308.409 13.223 17.0497 0.854374
776.126 317.236 15.7391 20.5268 0.805808
