3--Riot/3_Riot_Riot_3_199.jpg
23
895.09 189.79 16.4756 20.6457 0.997334
974.467 195.77 15.8015 20.0114 0.997201
957.352 180.183 16.1065 20.5291 0.9972
978.407 333.527 27.4365 39.1226 0.996258
58.8081 289.456 43.4536 61.3277 0.995658
853.097 204.113 16.0723 20.9067 0.995454
845.543 176.417 13.3764 17.8562 0.994099
921.544 193.781 14.3088 19.5481 0.992747
770.943 182.541 13.8424 18.4983 0.991059
818.511 188.183 14.7974 21.3136 0.988519
527.558 186.38 15.5258 20.7635 0.988212
115.009 271.191 31.5202 47.5031 0.987642
658.878 173.004 12.948 17.4958 0.982666
854.33 252.836 21.7068 32.0151 0.981692
92.6928 92.0578 12.4218 15.5693 0.981143
113.728 122.176 14.8862 18.5026 0.979116
84.2345 159.703 17.6887 21.8316 0.977283
606.885 172.9 13.1562 16.7437 0.967151
194.405 233.413 23.4555 30.1312 0.943294
793.563 173.581 15.101 17.1758 0.884808
713.685 179.44 15.7153 21.3943 0.874358
394.995 196.089 23.2709 26.9586 0.870249
1009.7 189.847 14.643 19.1851 0.840893
