3--Riot/3_Riot_Riot_3_725.jpg
16
635.859 221.214 36.7541 44.6981 0.999606
261.818 238.076 22.5054 26.4325 0.998423
727.18 263.585 27.316 31.8779 0.998318
815.516 247.062 28.1666 32.735 0.998029
385.979 277.446 24.9816 35.4119 0.997934
388.676 230.83 23.1021 28.4508 0.997881
297.419 246.988 21.8307 28.2957 0.996998
278.068 215.073 18.7507 22.6521 0.996614
325.818 239.66 18.9498 24.159 0.993357
462.353 243.279 23.6375 27.792 0.991385
517.598 284.661 23.2336 28.9636 0.987317
308.36 224.153 20.1994 22.1822 0.986511
733.727 233.594 20.3456 22.4417 0.98591
541.594 120.77 17.9688 21.4744 0.972771
409.789 234.483 16.9608 21.9643 0.899205
940.713 149.358 14.5594 18.3604 0.810472
