3--Riot/3_Riot_Riot_3_542.jpg
21
194.83 337.635 30.9245 35.7686 0.999159
452.716 398.769 27.174 37.9103 0.99776
312.311 273.468 15.8507 20.5878 0.995992
894.966 268.362 15.5135 18.0261 0.995881
100.521 257.935 17.246 20.0961 0.99491
123.868 257.806 14.9872 19.4088 0.994692
139.188 257.399 19.5107 22.3723 0.994111
228.394 256.336 19.286 23.193 0.993435
768.168 262.628 13.2219 15.8154 0.992754
172.577 260.421 19.0606 24.3959 0.990897
804.576 272.932 13.8821 17.4991 0.99083
827.223 262.869 13.2522 16.033 0.976398
360.844 267.517 13.7316 18.8416 0.96744
941.687 267.411 18.2166 21.9141 0.95026
697.048 272.916 14.1707 17.7976 0.944591
296.185 254.398 12.3938 16.5384 0.921878
838.202 272 14.2133 19.1002 0.917331
-0.421345 265.235 17.875 23.9871 0.899156
72.3609 268.163 19.5437 22.5941 0.895803
419.487 249.104 11.8242 14.1436 0.888407
418.004 270.914 12.3992 15.2408 0.866425
