3--Riot/3_Riot_Riot_3_26.jpg
51
358.507 74.9386 27.0346 30.1945 0.998959
675.244 354.095 34.964 38.4897 0.998955
845.407 36.2655 28.1507 32.2037 0.9988
817.025 10.7897 25.2764 31.2032 0.998661
295.868 51.9944 26.6801 32.2736 0.998528
204.83 209.64 32.2453 37.6906 0.998449
900.842 157.671 27.0519 33.9323 0.997845
658.356 63.0283 25.7984 33.2544 0.99782
358.954 224.566 29.0983 35.0677 0.997743
323.678 357.686 32.7774 45.4524 0.997704
789.671 63.9521 26.5012 31.0022 0.997559
463.629 78.2467 26.1866 30.0979 0.997252
937.328 164.213 27.643 37.0018 0.997148
413.993 349.705 33.9832 42.3854 0.996889
273.542 353.706 33.0318 43.0658 0.996817
717.319 393.792 32.4364 46.3985 0.996704
985.934 188.801 31.5987 37.3825 0.996408
939.248 -5.49865 26.8342 33.6362 0.995768
674.742 228.23 30.6682 35.181 0.995033
466.883 212.683 28.8214 32.487 0.994941
783.286 216.223 28.2313 32.3274 0.994553
193.304 45.0778 22.3109 30.2085 0.993111
894.242 48.6589 25.0086 29.2703 0.992652
724.774 355.398 31.8029 40.4139 0.992408
938.314 410.698 27.9751 40.1697 0.992179
249.641 93.9245 25.0463 29.9023 0.992114
254.745 331.504 32.5236 40.8558 0.991103
853.18 387.905 27.9344 43.0444 0.990469
973.728 15.542 24.4869 29.6114 0.990157
645.132 -10.0259 26.5054 31.7572 0.989629
251.134 229.824 31.3015 38.9272 0.98951
230.88 358.499 37.1087 46.2046 0.989113
335.661 425.965 26.5058 39.2355 0.986528
646.344 210.057 25.608 29.9856 0.98395
92.9564 359.78 28.6169 41.1976 0.978319
763.664 37.1678 25.428 31.025 0.977721
558.427 238.013 28.3396 33.5897 0.976601
509.431 75.1055 24.2487 29.3441 0.963406
421.478 372.804 32.5139 44.9806 0.95871
15.6252 101.976 26.2488 28.4912 0.94308
536.878 95.393 22.7302 27.6263 0.928115
1001.87 43.8591 22.996 30.4916 0.913106
954.971 378.67 24.2306 30.7903 0.905702
428.74 216.71 26.2426 33.181 0.889592
55.3098 326.573 29.9707 36.2131 0.886302
275.667 210.612 29.1178 38.4342 0.88181
790.47 341.461 25.4094 29.1038 0.869537
915.627 357.526 23.6194 36.9223 0.867542
889.735 240.439 33.4169 36.9931 0.862028
56.0296 195.494 29.1604 33.3405 0.84957
960.153 421.654 24.643 36.8296 0.822336
