11--Meeting/11_Meeting_Meeting_11_Meeting_Meeting_11_560.jpg
17
193.08 572.988 50.3101 70.963 0.998778
323.112 427.842 36.8312 41.743 0.99479
558.868 400.492 26.2981 32.81 0.990881
198.917 417.87 31.0705 37.4702 0.989024
670.25 411.966 25.7987 33.6444 0.986628
607.515 414.936 23.8361 32.3771 0.981134
78.7362 456.42 31.9962 36.4071 0.980255
398.168 407.834 24.7421 31.4052 0.977909
525.824 415.992 25.4657 32.6432 0.977526
237.373 408.201 25.6091 36.4614 0.967866
758.253 436 36.6372 47.7253 0.961363
0.713923 463.432 33.5659 47.1312 0.960683
487.513 399.964 23.2733 31.6394 0.955135
444.416 416.705 24.7388 30.421 0.947461
743.42 395.254 23.6685 31.1006 0.944495
87.3932 503.608 42.376 52.4653 0.942887
639.937 396.28 23.2729 28.9803 0.914877
