11--Meeting/11_Meeting_Meeting_11_Meeting_Meeting_11_574.jpg
16
957.489 333.201 34.6359 43.0546 0.995258
849.797 294.753 29.1873 36.8716 0.992331
712.296 322.484 29.3887 36.8415 0.988542
972.42 289.216 31.7737 38.0185 0.980511
198.092 289.486 23.8091 31.6501 0.977313
640.001 284.742 25.0354 31.3221 0.973445
261.519 297.872 21.986 30.5842 0.968401
800.934 266.388 21.2764 28.8536 0.947462
347.59 299.768 23.9564 30.1456 0.936021
592.146 231.451 13.5161 16.7852 0.880927
494.54 223.541 15.0026 19.6664 0.872166
513.482 208.759 15.1431 18.8298 0.857368
453.765 219.571 17.0011 21.3233 0.836161
508.785 238.363 16.0679 19.5694 0.818644
587.171 192.356 13.3379 16.8221 0.814412
862.498 239.638 23.5222 28.9806 0.807262
