0--Parade/0_Parade_marchingband_1_649.jpg
26
969.077 151.958 33.0566 41.2422 0.997141
859.803 152.893 31.6512 38.5083 0.99656
172.864 281.57 43.7834 53.9378 0.995693
4.77797 127.159 28.3144 36.775 0.995593
650.546 146.397 29.9496 38.031 0.994694
409.984 86.6974 37.0848 44.2881 0.994372
23.341 200.009 38.5095 47.6342 0.993789
292.024 284.769 46.1124 58.2411 0.993498
341.576 118.234 32.3212 40.964 0.991951
699.132 293.563 39.218 46.847 0.991663
762.243 151.893 27.4978 35.011 0.991094
813.392 203.513 34.7354 45.2198 0.990818
246.095 191.117 38.1059 48.9064 0.990809
942.694 208.709 38.1052 43.8222 0.990704
490.629 123.153 36.1383 44.4596 0.989079
55.2527 120.3 29.3171 35.3135 0.988987
556.096 82.5898 35.5807 48.7519 0.988879
797.364 286.049 40.0286 49.3314 0.986455
249.423 144.158 29.6311 34.1956 0.985949
661.134 217.772 36.6748 42.9026 0.982824
894.906 323.27 37.941 47.9866 0.98032
130.531 235.893 36.8487 45.5752 0.93646
103.371 137.589 24.2333 29.5132 0.935282
905.108 178.494 24.2972 29.4448 0.901092
530.201 131.039 30.0597 38.5865 0.856876
703.017 174.299 23.5906 30.7728 0.843127
