0--Parade/0_Parade_marchingband_1_74.jpg
28
187.979 363.685 36.3417 44.77 0.993971
840.58 376.799 13.3243 16.1624 0.938972
546.639 345.046 13.4093 16.3903 0.938233
769.033 343.699 14.6808 17.0971 0.9234
744.104 368.397 15.444 18.8942 0.907226
673.505 392.936 13.887 16.7911 0.888733
526.712 360.631 14.3302 16.7343 0.882716
466.592 374.927 13.4989 15.6834 0.878939
314.234 329.401 14.6541 17.8774 0.878297
758.573 392.472 17.1993 19.9512 0.870556
497.16 360.503 12.9936 15.2811 0.869886
782.802 384.316 15.7444 18.5934 0.862239
352.22 346.02 12.1015 14.8615 0.86092
605.902 408.421 16.0522 18.038 0.860449
401.067 329.125 14.6328 17.2348 0.857125
672.694 325.341 13.7124 16.619 0.85167
529.994 406.617 12.8197 15.3156 0.850544
803.519 360.778 14.6669 17.7911 0.849245
502.439 384.374 14.5708 17.5258 0.84777
513.121 344.982 12.9492 15.428 0.837464
409.632 359.105 12.774 15.0746 0.835222
583.251 392.115 15.0513 17.7514 0.834778
347.698 312.16 13.5077 16.4709 0.82774
505.292 314.026 14.7896 18.6111 0.825425
910.215 376.17 14.2512 16.6131 0.820686
248.994 308.587 14.7062 16.9913 0.814175
929.635 366.849 12.8916 15.5526 0.812761
465.09 341.456 13.1632 15.8355 0.807859
