0--Parade/0_Parade_Parade_0_470.jpg
20
620.403 138.042 58.4541 75.7126 0.999363
932.361 269.703 59.9399 72.8669 0.999108
464.588 146.247 55.463 66.3529 0.999101
535.729 185.616 65.2192 89.0487 0.999045
296.03 235.867 65.9686 87.78 0.998981
900.021 173.127 58.9977 72.3749 0.998415
326.961 161.869 56.9183 77.5947 0.998034
702.572 233.54 64.087 85.1797 0.997565
416.914 207.45 65.3032 82.5132 0.997365
776.635 228.552 65.348 81.5193 0.997104
838.555 232.156 49.9004 67.7753 0.996575
471.534 334.251 71.1514 95.2345 0.995751
850.085 178.175 50.8362 63.4104 0.993472
219.402 174.187 65.7718 83.1147 0.99272
598.208 246.24 74.5258 97.3622 0.986339
151.192 175.618 72.2143 94.2946 0.980921
312.983 369.317 85.3344 112.76 0.974725
123.135 468.747 83.5941 115.047 0.968388
33.6745 161.657 83.7652 108.57 0.95559
759.787 170.331 22.1117 29.9042 0.922108
