0--Parade/0_Parade_Parade_0_490.jpg
47
593.811 281.619 50.7509 64.6072 0.999071
473.12 330.373 51.6592 68.3006 0.998941
240.566 321.665 56.0665 68.6414 0.998874
382.035 351.215 59.8517 77.8994 0.998712
729.076 239.514 45.3104 54.5728 0.998549
102.166 185.615 45.3572 56.2935 0.996163
501.594 153.97 32.0776 40.3503 0.996041
716.522 88.8472 33.0028 38.8385 0.995942
349.361 125.943 29.8804 35.1957 0.995454
771.558 558.462 108.288 139.308 0.994471
758.778 83.9796 33.8989 42.4708 0.993468
764.012 315.01 67.0149 90.2138 0.992362
524.493 223.691 38.0175 44.245 0.991893
175.975 204.25 48.8298 61.2797 0.990838
175.385 133.932 31.9323 39.1191 0.990262
15.4111 291.743 45.4479 53.5395 0.989383
594.695 172.368 38.6918 47.1031 0.988305
968.812 53.8449 25.564 35.3655 0.984378
898.802 367.745 73.208 99.8199 0.982611
743.112 153.47 37.6599 46.2292 0.982343
910.204 84.5629 26.6777 31.8868 0.982158
545.831 116.089 25.7528 34.7784 0.981403
73.5792 161.714 30.5068 33.3038 0.980189
662.842 637.001 47.8251 65.469 0.979703
635.441 79.3688 26.5182 31.4288 0.979193
242.36 161.722 28.2369 37.0744 0.97818
278.363 178.406 36.0986 43.4427 0.976414
16.4755 497.18 58.2358 65.2826 0.972526
875.773 52.6587 24.5571 31.9239 0.971356
121.83 443.894 77.4337 88.5067 0.970243
671.029 80.5249 25.5334 31.8461 0.966771
596.213 111.559 27.3468 35.0906 0.949832
928.982 7.21212 22.1797 28.855 0.949631
670.632 135.436 43.8226 54.1924 0.946828
830.651 156.623 35.7734 39.7527 0.943153
29.5829 169.687 26.1558 31.3804 0.935483
487.255 665.175 58.5292 87.5227 0.929255
434.256 111.864 23.8469 30.8386 0.927005
383.379 97.0283 23.9501 30.161 0.904369
938.619 188.226 50.8612 53.8116 0.895374
449.395 70.257 22.7719 28.2778 0.880188
533.675 76.5512 23.783 31.2765 0.873897
849.709 226.192 53.5791 79.0094 0.852983
273.819 81.1589 21.283 27.2426 0.851008
571.479 59.3214 22.3784 28.5969 0.846968
721.833 42.4915 22.4237 29.1376 0.814286
642.333 22.2448 14.7875 18.4283 0.811552
