0--Parade/0_Parade_marchingband_1_234.jpg
23
354.847 232.723 13.0522 15.4853 0.950153
208.24 421.688 15.0715 19.4811 0.939121
776.193 255.987 14.978 18.1235 0.935495
863.723 303.082 14.9431 18.2969 0.929178
490.177 310.225 15.4672 18.7552 0.92561
737.235 233.313 13.4117 15.9257 0.920216
401.515 217.334 14.5443 17.5685 0.914437
255.494 256.178 15.1369 17.3892 0.906264
703.293 419.8 16.1516 20.1791 0.899001
702.93 255.681 15.3474 17.7376 0.88909
281.523 421.218 15.9543 20.3554 0.883293
227.125 223.871 14.0949 17.8681 0.877812
343.699 280.802 14.2684 17.0786 0.876513
318.979 261.345 14.5286 18.1762 0.867712
760.063 421.316 16.4462 21.2224 0.861049
670.48 211.901 15.7439 18.7705 0.854711
570.378 269.603 14.7617 17.848 0.840616
603.363 207.971 14.8304 17.046 0.83557
366.252 308.144 17.8294 21.9625 0.835545
807.212 283.625 16.9299 19.5257 0.831415
216.421 293.356 16.4717 20.8667 0.828647
291.848 233.391 13.5704 15.9985 0.828356
646.845 412.283 16.7937 21.2852 0.802321
