0--Parade/0_Parade_marchingband_1_149.jpg
24
441.453 373.32 30.2581 39.5651 0.996671
280.531 385.641 26.9355 36.3855 0.995937
526.806 385.173 27.8929 35.2552 0.995057
663.457 236.392 26.1927 33.1886 0.992777
712.562 389.764 27.42 35.5132 0.992617
631.521 377.49 27.0544 34.0628 0.992086
372.684 381.538 26.7337 36.0737 0.991578
807.849 240.671 25.9519 32.2144 0.991125
225.982 315.423 25.1366 30.2335 0.99064
472.927 234.135 22.9891 29.4753 0.989644
350.487 237.633 27.1281 32.261 0.989154
280.881 230.457 25.0409 31.0879 0.987727
602.186 322.899 24.7242 31.4617 0.987692
309.153 314.261 25.3883 31.962 0.984218
536.442 301.939 25.8508 31.7101 0.983623
672.561 318.762 25.3168 31.5439 0.983064
211.798 235.441 24.4607 29.7992 0.981173
464.117 305.939 22.6602 28.5762 0.979726
601.136 240.821 22.9551 29.2938 0.979052
389.886 307.636 25.6252 32.3356 0.973733
783.206 314.735 26.6421 31.4623 0.973257
534.695 222.842 23.568 30.9654 0.972276
404.855 224.456 23.9073 29.0425 0.960318
728.356 240.543 24.4625 29.9306 0.957991
