0--Parade/0_Parade_marchingband_1_653.jpg
15
762.076 88.4514 12.8903 16.4312 0.938956
352.919 95.4774 13.5617 16.9672 0.924776
114.24 89.2059 13.3463 15.9619 0.906599
648.763 129.081 15.2209 20.2946 0.901432
480.916 205.084 13.569 18.3059 0.899405
537.352 195.672 14.7906 19.4152 0.880285
211.256 95.7346 13.0178 16.506 0.859844
913.12 31.4786 13.165 16.2297 0.851174
225.077 139.938 16.3115 20.1615 0.844332
599.721 183.197 15.9081 20.6837 0.83805
98.1994 49.0204 13.2304 16.9346 0.83424
510.935 131.816 15.9252 21.0408 0.814419
466.101 38.1411 11.8892 15.5012 0.809692
674.289 92.0147 14.6439 17.9374 0.803737
66.8851 97.2223 13.6759 17.4956 0.800947
