35--Basketball/35_Basketball_Basketball_35_653.jpg
14
732.945 44.2743 54.4613 72.8257 0.999483
92.2173 270.844 56.0513 76.047 0.999014
595.618 22.8375 59.9189 80.1578 0.998984
869.922 36.9797 53.5353 69.4111 0.998953
98.5936 32.431 53.3538 76.7153 0.998938
652.625 272.124 50.3375 68.7723 0.99879
919.673 278.55 55.923 73.5839 0.99827
379.953 294.339 53.3925 70.6504 0.997931
265.255 38.772 58.9278 81.2683 0.997906
205.198 313.368 53.3212 72.0201 0.997578
811.454 278.306 51.9641 70.6899 0.997533
534.346 293.804 59.4037 79.3569 0.997302
459.005 68.6355 60.4388 80.405 0.996296
367.372 47.4974 56.755 79.4665 0.992504
