35--Basketball/35_Basketball_basketballgame_ball_35_662.jpg
26
206.971 145.729 45.4542 57.6078 0.997097
114.707 111.158 31.8144 39.4918 0.996981
286.149 131.982 35.0218 41.773 0.996835
796.837 126.719 52.796 66.5971 0.996757
477.177 81.5565 55.5883 76.3212 0.996713
62.5942 40.7415 28.3465 35.5718 0.995229
757.334 1.12108 28.9463 35.0606 0.994789
110.923 66.332 30.5412 39.495 0.994404
169.169 -3.14235 31.9123 38.8181 0.994193
427.586 11.7519 28.7625 38.8961 0.993483
378.63 71.2284 28.443 34.2175 0.99292
308.609 97.038 30.1757 39.6287 0.992734
595.718 47.7398 52.4692 63.6805 0.991824
242.117 66.8448 38.5788 42.6516 0.990123
362.32 139.256 33.6136 38.7806 0.98945
65.5405 106.153 43.1033 53.5794 0.989115
686.647 122.621 47.8124 60.2919 0.989097
686.36 49.5162 29.9365 35.9785 0.988527
803.873 38.8995 31.8955 36.1366 0.981475
556.181 33.2846 26.866 33.0951 0.981128
711.425 81.5465 30.5985 39.6468 0.97798
739.929 127.915 35.5361 41.4014 0.948081
37.3512 116.085 28.9433 34.2663 0.944137
660.037 2.25964 28.8549 33.9556 0.907746
229.214 120.063 32.7969 40.7828 0.895737
277.808 -6.16061 32.5894 38.5323 0.886207
