35--Basketball/35_Basketball_basketballgame_ball_35_256.jpg
15
229.921 72.2136 53.481 64.7314 0.998309
758.979 352.234 49.4233 58.5062 0.996949
528.193 56.2276 65.3945 92.3397 0.996022
934.85 358 43.8878 54.9008 0.992185
869.499 330.441 39.001 48.3006 0.985998
951.559 52.8808 30.7653 41.0131 0.981696
886.67 376.072 38.6282 48.647 0.980007
920.075 120.103 32.197 41.2345 0.97825
849.713 194.763 34.1866 45.4842 0.96807
777.483 111.77 34.0145 44.9109 0.962452
955.576 169.148 41.4734 47.6163 0.943572
357.475 152.565 34.7974 48.1815 0.939535
362.518 64.0728 39.3945 44.234 0.938736
465.652 159.123 48.7285 62.204 0.906868
986.637 343.804 37.2314 49.2615 0.89966
