35--Basketball/35_Basketball_Basketball_35_361.jpg
16
164.498 250.341 26.5855 35.5675 0.993538
908.723 130.341 30.8911 41.0799 0.993155
70.2836 162.826 26.8671 34.7203 0.992486
596.28 121.161 26.3149 33.1583 0.988114
652.252 252.699 26.9666 35.4162 0.98642
699.586 117.283 26.3746 32.5956 0.985843
300.009 250.504 27.2697 36.7088 0.979935
870.78 238.008 28.6799 35.2223 0.978985
517.696 244.1 25.1992 33.4247 0.977223
405.696 247.618 25.9179 33.048 0.976345
478.246 117.392 24.9502 32.1531 0.975819
776.179 240.217 29.1753 36.7227 0.97188
161.452 127.221 26.2594 33.3289 0.961499
263.058 126.795 25.4255 29.6855 0.948464
365.707 130.883 26.1423 31.8636 0.925736
825.716 115.845 25.2335 29.4513 0.834503
