26--Soldier_Drilling/26_Soldier_Drilling_Soldiers_Drilling_26_223.jpg
12
514.31515625 79.4608671875 35.08884375 39.8684609375 0.999538779259
614.871875 98.5379296875 28.4610625 34.5010703125 0.999349415302
719.498 104.796648437 33.1668125 39.5096640625 0.998955845833
277.571625 114.238570313 26.7193125 32.7652109375 0.998643934727
912.67275 113.648796875 36.9960625 45.3281875 0.998496294022
405.40853125 93.7399453125 26.98259375 35.4984296875 0.997234523296
382.98478125 110.873953125 26.51175 31.2955625 0.997118711472
201.511359375 123.78753125 24.51834375 28.687625 0.996964752674
126.810664062 151.973609375 19.4354296875 21.4251875 0.989346086979
16.5641054688 128.7475 22.8514296875 26.174734375 0.988112151623
163.113703125 142.365578125 18.501125 22.634703125 0.981729328632
90.4956796875 131.145375 22.21978125 26.44821875 0.975739836693
