26--Soldier_Drilling/26_Soldier_Drilling_Soldiers_Drilling_26_934.jpg
9
481.48221875 69.530515625 90.72478125 116.81109375 0.999402761459
681.5711875 215.749734375 69.2490625 83.190703125 0.99916601181
801.0985625 538.7963125 99.2945625 137.051625 0.998881042004
141.248890625 385.3549375 84.189984375 113.0731875 0.998559176922
972.642125 209.665484375 49.8230625 61.747921875 0.998377919197
68.037453125 166.326046875 43.649328125 57.110625 0.995829045773
731.0751875 166.05684375 60.09125 93.3619375 0.98432713747
146.731453125 137.10534375 34.897265625 49.0774375 0.941032648087
0.0 178.127984375 24.3700253906 48.367203125 0.906957745552
