26--Soldier_Drilling/26_Soldier_Drilling_Soldiers_Drilling_26_991.jpg
13
346.00875 102.242265625 15.38678125 19.636484375 0.996705830097
478.80396875 98.4894296875 12.25725 15.80353125 0.991600990295
273.90540625 113.218375 12.7190625 15.9129140625 0.985267758369
304.73415625 93.81853125 14.37946875 17.953671875 0.975993812084
630.1404375 83.9474140625 11.693375 14.9371484375 0.971370398998
436.41025 104.30675 12.73809375 15.8785 0.957402467728
242.428328125 121.606 12.819046875 15.4380625 0.946509957314
214.1868125 120.122921875 13.10134375 16.21640625 0.935522317886
783.4781875 66.517203125 12.66 15.590015625 0.904499828815
730.742 82.487875 11.7091875 15.1829609375 0.902291059494
550.925 95.833671875 12.7735 15.6300859375 0.86381816864
836.139 62.2125859375 14.41875 17.3999609375 0.857150256634
609.1885 90.38921875 11.028625 14.9382265625 0.853577136993
