26--Soldier_Drilling/26_Soldier_Drilling_Soldiers_Drilling_26_178.jpg
10
872.092875 139.142359375 112.3765 130.464109375 0.999508738518
347.68703125 160.078453125 79.871375 76.118265625 0.999025702477
697.632625 72.1341171875 90.74 117.881976563 0.998790800571
184.04903125 132.100421875 66.43446875 66.261515625 0.99872559309
454.137125 117.548914063 79.9925 91.2454609375 0.99829107523
547.5899375 105.897625 93.612875 103.703265625 0.998059689999
125.864523437 99.02275 56.2508828125 65.272734375 0.997752249241
290.92065625 135.125015625 64.5070625 76.338484375 0.997712135315
765.7361875 124.474859375 64.0139375 82.479859375 0.993502557278
644.038 124.457632812 64.9303125 78.3088671875 0.984444737434
