53--Raid/53_Raid_policeraid_53_208.jpg
8
698.43675 66.6540625 47.0586875 61.6942734375 0.99966442585
579.090875 42.3399179688 45.4210625 60.8441914063 0.999639034271
447.34996875 84.0006875 50.3155 65.46521875 0.99958127737
352.1806875 72.2763671875 47.74065625 64.7120703125 0.999382376671
891.0104375 54.7143554688 50.3904375 74.3895664062 0.997825562954
97.6114921875 96.2239921875 42.1582734375 58.5932265625 0.997768640518
308.74028125 87.405953125 38.46596875 49.349296875 0.997022688389
389.2376875 72.0502109375 45.13290625 63.0679765625 0.995272696018
