53--Raid/53_Raid_policeraid_53_445.jpg
13
531.9129375 279.7295 108.906875 141.84209375 0.999548971653
116.891132813 165.313171875 50.2304140625 60.09775 0.998900532722
612.7223125 143.51878125 49.33775 64.1939375 0.998583912849
364.44028125 129.144234375 56.377375 65.55871875 0.998234152794
819.4975 130.491046875 50.1884375 63.473640625 0.997827351093
762.377625 157.7535 44.207375 57.864640625 0.993717551231
209.638265625 194.417375 45.974953125 58.917875 0.992872178555
978.6781875 154.601578125 35.90325 49.916546875 0.99073946476
303.99840625 201.720375 38.99159375 46.004953125 0.983488619328
506.1526875 188.976875 48.0825625 57.41115625 0.97023832798
63.8802148437 180.173265625 46.1204726563 57.570875 0.956691205502
427.04953125 156.61271875 44.35615625 56.431890625 0.94788736105
103.415398438 625.9819375 43.2612578125 27.8919375 0.924748599529
