53--Raid/53_Raid_policeraid_53_599.jpg
11
355.70090625 306.38278125 28.99521875 32.63878125 0.997892916203
581.930375 267.476 17.1985625 22.75103125 0.997814416885
835.4234375 269.4278125 16.01725 21.2398125 0.996036350727
137.6326875 148.24853125 63.736984375 106.30621875 0.995818674564
621.77975 264.89259375 15.778375 21.603375 0.987908422947
664.5310625 254.853046875 16.0743125 18.750828125 0.986069083214
241.6148125 326.853125 26.0585625 30.07228125 0.982139885426
721.1331875 239.211984375 14.8320625 18.841203125 0.937078535557
819.8343125 308.16584375 21.5403125 28.65 0.927787542343
505.749125 299.42690625 19.9595 20.2945 0.883610188961
636.44675 325.16109375 22.95225 28.27921875 0.847918629646
