48--Parachutist_Paratrooper/48_Parachutist_Paratrooper_Parachutist_Paratrooper_48_1015.jpg
14
858.761 315.691 55.3135 65.2862 0.997361
92.6517 125.923 46.6304 66.9895 0.989487
328.887 384.938 33.5763 41.571 0.988436
219.176 404.493 33.1358 38.6821 0.985446
343.532 210.693 24.7992 30.4877 0.955409
679.523 347.871 36.9358 45.0176 0.953827
629.393 346.02 37.29 43.1381 0.949798
465.458 362.436 34.5693 41.7077 0.944476
981.92 305.519 36.1121 45.1335 0.928743
954.166 311.773 28.8401 38.7166 0.918076
632.346 208.023 22.2289 27.5713 0.891412
552.209 356.358 35.1697 42.2935 0.878886
454.997 222.494 24.4933 29.1493 0.872675
850.953 208.065 22.4639 27.4254 0.844739
