17--Ceremony/17_Ceremony_Ceremony_17_765.jpg
14
876.722 300.028 12.8891 18.4489 0.999342
716.463 286.772 11.9195 18.1156 0.998097
926.051 299.8 13.387 18.6108 0.997099
795.464 287.976 13.9054 18.8975 0.99277
324.551 296.302 11.8712 14.8977 0.992061
87.3674 470.546 40.5905 60.8963 0.987962
238.253 305.066 12.5133 15.7569 0.987605
372.728 288.622 12.9024 16.2266 0.976421
375.945 401.74 20.6413 32.6302 0.958068
830.748 311.919 12.7216 17.4661 0.953437
136.002 309.38 12.549 16.2551 0.885381
80.4251 304.627 12.5718 16.6392 0.879563
668.593 288.356 11.7521 16.8303 0.871177
557.778 278.93 12.2986 15.599 0.818852
