17--Ceremony/17_Ceremony_Ceremony_17_803.jpg
25
574.453 140.74 15.4666 18.5884 0.999949
597.673 123.599 15.9755 19.3523 0.999907
490.5 130.348 15.7553 19.2987 0.999818
557.735 131.379 13.3638 17.5797 0.999635
325.214 23.3051 98.2982 130.4 0.999129
646.697 82.4862 89.1484 123.866 0.999061
92.4693 140.217 24.153 30.3118 0.998397
172.201 142.851 18.4298 23.2365 0.998019
526.914 115.928 14.04 17.7562 0.997633
605.562 146.064 19.0764 23.7212 0.997356
440.746 114.924 16.0723 20.0147 0.997227
149.559 123.504 15.402 18.8922 0.997107
625.558 107.559 14.9761 19.6462 0.995735
123.987 125.929 16.9068 20.2985 0.995604
942.503 175.111 25.6409 30.7723 0.994046
417.66 116.042 13.2753 16.0233 0.992894
568.563 116.472 13.2346 16.4593 0.991906
114.345 143.346 15.3487 21.1238 0.990477
479.606 121.391 13.5141 17.2919 0.990222
630.391 151.536 22.1671 28.1428 0.989778
-64.8099 43.3038 168.509 275.022 0.978568
506.941 116.67 13.8331 16.6993 0.972084
163.812 106.893 12.7303 15.5241 0.92304
88.976 111.494 15.4986 19.2384 0.91688
195.997 130.455 13.979 18.9907 0.900401
