28--Sports_Fan/28_Sports_Fan_Sports_Fan_28_487.jpg
80
617.528 319.962 33.297 38.3734 0.999315
46.0317 441.548 42.7561 59.3979 0.999243
664.546 490.912 42.6095 58.6616 0.998825
604.07 183.655 36.1266 47.1468 0.99839
327.185 65.5687 36.017 43.8055 0.998314
338.896 555.859 35.3489 39.0351 0.998252
823.774 494.432 36.5724 49.9445 0.998064
458.941 507.999 42.8473 56.2496 0.998003
667.011 157.1 34.4814 41.0194 0.99796
130.242 446.536 37.0499 44.9626 0.997855
620.631 95.4068 31.873 40.2966 0.997717
568.713 341.75 35.6316 45.9552 0.997614
548.339 506.652 39.2887 44.3777 0.9976
261.192 550.148 42.6257 57.4344 0.997006
909.425 451.229 39.4729 46.5976 0.99694
555.694 243.216 32.6304 40.7604 0.996627
856.781 421.563 43.5708 53.1372 0.996612
961.416 481.495 43.3246 55.5359 0.996421
708.858 324.376 38.4994 47.0461 0.996271
511.719 436.374 37.5335 44.8224 0.995823
882.265 308.379 38.6201 44.812 0.995514
109.218 268.593 37.4629 47.7178 0.99546
549.697 565.92 46.3701 54.3229 0.995411
785.985 219.26 40.2174 44.3932 0.994826
744.574 561.612 38.5506 45.3205 0.99472
674.042 10.9743 31.0713 36.7795 0.994424
344.011 -4.94918 33.7362 41.8892 0.994296
872.034 166.831 39.519 43.1172 0.994259
955.772 354.923 38.3516 44.358 0.994159
797.425 -5.80285 32.8891 44.7148 0.994004
914.351 527.313 42.3665 53.9754 0.993821
797.254 402.108 35.0148 45.8973 0.993482
937.477 147.115 35.8865 42.5928 0.99293
968.837 283.887 37.6276 46.0246 0.992862
619.475 537.411 36.4156 41.6535 0.992707
731.094 286.154 36.7966 45.4119 0.992685
405.421 582.45 43.1982 55.5573 0.99263
785.402 81.1136 33.2393 44.2107 0.992554
416.972 260.893 32.5028 44.1496 0.992442
818.112 277.376 39.5554 47.037 0.992411
470.089 36.2382 32.0599 43.4726 0.991054
488.012 374.365 44.4881 56.8572 0.991
673.871 276.227 36.6166 46.4934 0.990751
820.015 560.404 45.4893 58.0053 0.990736
425.675 470.864 47.0704 54.6366 0.990363
196.318 310.171 34.5657 41.8452 0.990357
736.71 241.576 38.7752 44.1994 0.989719
158.627 275.567 35.6859 42.5572 0.989549
422.539 196.207 32.3278 39.0698 0.98913
409.058 29.1775 31.1168 34.9149 0.988283
839.747 351.412 36.3175 43.8812 0.988124
455.774 289.414 38.7041 45.7451 0.987891
990.54 106.342 32.1541 43.1347 0.987765
57.5443 384.586 38.1262 49.5618 0.987358
161.814 145.764 36.7277 43.6928 0.986846
726.203 591.704 33.9342 43.5788 0.986768
595.022 440.786 38.784 44.0973 0.985191
666.984 79.7351 31.8708 43.5624 0.983906
857.711 241.565 38.0573 43.5596 0.983374
462.153 208.201 39.6189 47.3084 0.98253
161.267 1.80218 28.7158 36.8109 0.977851
592.808 385.502 39.0741 43.7081 0.973881
714.646 110.301 32.0076 37.3902 0.973418
428.964 67.8489 29.3554 38.9746 0.969755
989.129 337.281 32.2885 42.6498 0.968852
543.594 12.4852 27.4876 34.9106 0.961995
169.837 510.856 40.0808 49.995 0.958592
-4.80482 461.478 35.5139 45.6074 0.954081
-12.1274 339.961 34.6194 41.706 0.948679
956.086 212.191 35.887 40.7703 0.924714
185.448 392.493 37.6727 41.2577 0.914644
206.689 16.4793 24.771 33.5095 0.89559
219.652 194.627 35.7277 43.4339 0.892784
38.0738 86.4238 35.5713 45.5453 0.888509
605.76 1.36965 27.48 32.5238 0.878098
47.687 120.304 31.4842 46.8963 0.86982
211.573 109.211 35.0969 43.9462 0.856415
140.431 230.95 31.9258 39.104 0.848082
482.44 256.881 32.9198 36.1797 0.837222
753.428 -10.7038 31.5751 39.9727 0.83606
