28--Sports_Fan/28_Sports_Fan_Sports_Fan_28_7.jpg
49
82.013 859.669 72.9783 106.774 0.998309
589.808 634.722 34.8804 41.8763 0.998146
542.084 600.407 35.7553 39.4457 0.998037
840.696 539.512 24.9246 29.6458 0.997942
942.555 853.668 70.0599 95.0679 0.9979
468.223 649.783 118.074 146.725 0.997815
870.081 1124.6 107.056 153.266 0.997787
-2.62588 563.677 45.389 58.6747 0.997604
296.927 432.815 24.6357 29.4084 0.996027
146.609 679.56 53.9258 59.2741 0.995296
195.623 558.631 33.3881 37.4695 0.995259
204.387 661.829 43.5146 57.4464 0.994413
89.6255 571.785 38.764 50.9356 0.992589
806.15 416.381 21.8506 24.8661 0.990966
25.0876 293.186 20.6779 23.7912 0.988373
194.526 303.832 21.2122 28.5859 0.987649
260.08 346.31 24.0667 29.83 0.983916
921.273 311.318 17.1227 19.1904 0.980229
145.763 865.049 56.548 86.4386 0.978913
809.222 808.294 38.988 48.5358 0.976075
972.384 295.023 17.3972 21.1897 0.974881
143.051 262.434 16.0855 19.4571 0.971302
88.8859 11.8175 15.7171 19.3618 0.970507
864.308 352.567 17.9402 21.1983 0.966861
649.669 580.487 27.2542 40.476 0.962411
926.599 691.454 43.2299 50.9631 0.959592
760.797 683.813 38.0534 50.4932 0.9582
315.145 626.885 67.9298 81.4087 0.958189
879.524 402.306 17.3572 21.4279 0.956847
166.526 526.67 28.1038 38.4293 0.953403
883.992 297.182 18.906 21.6873 0.949992
52.2983 787.25 52.263 59.7639 0.944366
776.017 380.615 18.3949 22.9441 0.9417
1.56187 195.305 20.2322 25.1769 0.941242
46.7313 228.162 19.3424 21.0655 0.934284
118.993 353.53 20.5413 28.9531 0.934108
710.601 544.287 22.4497 32.6612 0.933424
703.892 109.199 16.516 19.2576 0.931128
63.9214 506.079 21.6853 31.7984 0.921907
976.072 663.981 35.9555 40.7473 0.910889
603.763 509.604 21.9478 25.6149 0.906155
9.77425 75.2144 16.1048 20.18 0.89545
47.7544 610.969 37.0541 57.4177 0.875155
168.438 90.1796 15.3585 18.0055 0.86606
923.727 233.838 16.4804 19.2649 0.860881
941.4 277.113 16.7458 19.2467 0.855978
586.23 88.7335 16.143 19.225 0.854815
53.0001 263.922 21.2716 24.2855 0.850858
720.751 739.196 42.6216 64.4404 0.835636
