50--Celebration_Or_Party/50_Celebration_Or_Party_houseparty_50_17.jpg
11
721.1416875 352.85871875 72.1535625 93.062375 0.999585568905
383.57996875 389.94759375 67.09646875 91.38346875 0.999505400658
497.42909375 390.4386875 65.33371875 78.0163125 0.999106347561
810.9099375 106.62909375 57.8036875 70.218296875 0.999068558216
29.2819277344 398.555 91.8401738281 119.28684375 0.99904447794
645.3341875 138.086203125 52.52275 70.616546875 0.998761177063
353.4101875 157.74478125 56.1716875 67.316078125 0.998550355434
195.0345 390.725875 76.49115625 102.5071875 0.998423695564
222.1320625 59.7489023437 64.02309375 81.9248632812 0.99797219038
925.0173125 384.78875 87.23125 106.7625625 0.996932983398
474.501875 99.0074609375 55.892125 82.6354296875 0.99644947052
