50--Celebration_Or_Party/50_Celebration_Or_Party_houseparty_50_609.jpg
26
144.201890625 258.89428125 40.90559375 48.69078125 0.998931705952
412.9684375 234.419375 27.1660625 36.640875 0.998676121235
216.0585625 348.28728125 65.54884375 80.047875 0.998643815517
285.9678125 243.83365625 45.04228125 57.0010625 0.998522937298
212.991015625 213.469765625 32.87921875 45.512875 0.997905135155
843.6214375 192.512703125 23.174125 30.360734375 0.997701466084
471.1871875 178.896453125 24.656875 37.18696875 0.996280372143
127.790835938 238.048953125 30.3674296875 40.142796875 0.995896339417
310.349375 321.77221875 49.09940625 74.35109375 0.994919240475
872.0898125 171.72359375 13.9064375 18.102140625 0.993606925011
995.2998125 256.488953125 28.6761875 50.045234375 0.991569459438
799.4834375 211.5129375 22.6324375 32.1684375 0.986737906933
889.3858125 177.6379375 20.2006875 23.68784375 0.985469162464
601.477 254.888765625 28.67225 42.898078125 0.982263147831
768.11025 187.35590625 21.9835 31.250578125 0.981270432472
994.7328125 123.024390625 13.175 16.697515625 0.980107307434
819.826875 166.621734375 13.60125 15.777390625 0.955640017986
539.528375 288.1060625 42.29275 39.87078125 0.954071164131
834.142375 172.196015625 12.8120625 15.957203125 0.947926878929
327.5264375 205.240484375 23.38421875 30.9763125 0.94545596838
739.3540625 157.18046875 13.6231875 18.53134375 0.932452440262
787.3194375 158.14603125 14.0428125 18.373953125 0.917893528938
712.3743125 191.14109375 15.4386875 22.297015625 0.860906898975
82.750859375 349.698 27.994515625 52.107 0.859476745129
270.5070625 180.9148125 27.1460625 31.108828125 0.838577389717
189.37853125 180.694484375 17.377828125 19.953171875 0.80105561018
