50--Celebration_Or_Party/50_Celebration_Or_Party_houseparty_50_432.jpg
30
468.66728125 319.04084375 26.57475 35.86646875 0.998838245869
416.6364375 64.0986679687 25.76509375 35.6484804688 0.998632133007
566.1319375 828.815 31.9805625 37.3249375 0.998281121254
392.5614375 320.5076875 18.74271875 24.049375 0.997998893261
719.8068125 841.38175 38.5374375 46.0635625 0.997950136662
539.4986875 287.75421875 21.1688125 33.33259375 0.997927188873
313.48459375 60.322828125 25.381125 42.570609375 0.99779009819
401.4360625 602.652625 25.8189375 33.4905625 0.997700035572
511.656875 842.6010625 36.75775 43.829 0.997652828693
311.82515625 613.1458125 26.40725 32.9964375 0.997577607632
628.278375 826.1923125 31.2573125 39.220625 0.997373580933
694.68575 271.14278125 23.7444375 32.50046875 0.996476590633
334.288375 284.07453125 31.814 45.62409375 0.996256113052
617.3435625 279.45225 22.1001875 30.53353125 0.995943009853
629.3100625 75.637953125 38.0884375 50.2053125 0.995671391487
719.12825 37.51696875 59.258375 81.363203125 0.995003759861
148.329359375 565.105875 14.21984375 18.35475 0.988913476467
493.2430625 68.8628125 43.4310625 68.70403125 0.988847255707
248.916609375 613.4010625 27.739765625 39.9730625 0.988330721855
374.70971875 57.0803125 18.38290625 26.0791796875 0.981631994247
835.687625 326.3676875 12.8553125 18.6366875 0.978742480278
295.13034375 869.930375 16.2655625 23.1591875 0.971286058426
567.777375 88.323125 21.514875 35.0126171875 0.955650031567
142.83525 853.1915 12.364796875 14.16225 0.952870607376
493.76134375 61.5462734375 14.11840625 20.9815078125 0.943442344666
353.6478125 74.1950703125 20.07265625 30.4349296875 0.937175571918
887.347125 351.94728125 11.8965625 14.5891875 0.930938005447
250.0095625 318.00546875 21.719625 30.25121875 0.918783068657
481.1775625 597.7631875 23.3204375 35.4803125 0.904064238071
985.7323125 322.0649375 12.5669375 14.8513125 0.802775084972
