50--Celebration_Or_Party/50_Celebration_Or_Party_birthdayparty_50_283.jpg
13
18.551671875 462.652375 68.1015 103.359 0.999341309071
249.421578125 374.73584375 52.911484375 69.76853125 0.999083280563
593.6250625 308.06815625 38.402875 46.16015625 0.999051392078
439.38459375 270.5419375 25.9211875 35.84840625 0.998915195465
123.239429688 457.87021875 57.4821484375 74.64028125 0.998854517937
810.5705 179.62721875 38.196 42.8886875 0.998759865761
467.40790625 355.73459375 31.58034375 38.48903125 0.998183906078
364.5160625 356.06625 35.33121875 51.5920625 0.997924089432
458.5143125 314.25025 24.48540625 27.590875 0.997690320015
652.212375 164.127421875 43.4653125 56.86759375 0.99728500843
888.2624375 294.90896875 29.9330625 38.9255625 0.993173182011
178.43190625 112.983867187 42.952375 60.4486640625 0.948335528374
766.5884375 340.33040625 34.5203125 47.66096875 0.919761538506
