55--Sports_Coach_Trainer/55_Sports_Coach_Trainer_sportcoaching_55_516.jpg
17
774.038024902 359.627410889 55.0005493164 67.1319580078 0.998673319817
686.279907227 368.298187256 51.1485595703 63.6420593262 0.998587906361
318.699157715 209.364440918 30.9765625 38.9956359863 0.998465180397
250.224975586 318.026550293 50.7381286621 62.7619934082 0.998384356499
113.38407135 299.537322998 47.2147598267 58.5795593262 0.998234510422
586.533752441 337.604187012 46.8002929688 57.9683532715 0.998026430607
771.237304688 207.464691162 30.4915161133 38.782989502 0.997810542583
664.55267334 196.343063354 33.1602783203 40.879989624 0.997526586056
825.980163574 189.616882324 34.450012207 44.5312805176 0.997301578522
503.098327637 188.176269531 31.9365844727 39.4491729736 0.996879339218
472.831085205 324.243652344 45.6134338379 55.4094848633 0.996766209602
253.716049194 210.783279419 31.033493042 38.7611694336 0.996025562286
443.404968262 192.313186646 33.7086181641 42.0229034424 0.995761930943
572.942749023 131.827438354 36.4784545898 47.8710021973 0.995013892651
373.41506958 325.252563477 46.6513671875 53.5282287598 0.993941664696
379.968963623 211.967590332 30.4650268555 38.1129455566 0.992722094059
739.324951172 207.087661743 25.8292236328 37.9475250244 0.983288943768
