19--Couple/19_Couple_Couple_19_743.jpg
10
523.890869141 278.192657471 34.009765625 40.917388916 0.99263882637
447.459960938 307.534179688 30.8941955566 37.4885864258 0.990807831287
695.96887207 411.150299072 30.7540893555 37.4002685547 0.984137535095
859.100219727 302.201599121 34.4436645508 41.8409729004 0.970065116882
125.161705017 318.29598999 31.0842514038 38.1612243652 0.940889358521
401.088623047 304.875244141 35.5635681152 40.4897766113 0.933846354485
156.804321289 311.499420166 28.5945739746 34.6389160156 0.911896407604
803.13885498 304.26260376 35.5680541992 38.2141418457 0.858301877975
177.248596191 470.696716309 26.7878570557 42.4790649414 0.838272988796
275.888977051 414.937988281 25.0065612793 38.0507507324 0.807877480984
