7--Cheering/7_Cheering_Cheering_7_171.jpg
41
610.208 238.228 14.2111 18.2596 0.929638
953.812 327.858 13.623 17.2234 0.926246
362.222 30.7426 12.6672 16.6796 0.926233
441.914 144.97 13.1391 17.6154 0.912723
385.098 65.0038 13.7119 18.2229 0.908404
696.868 233.312 14.672 18.3125 0.907551
489.208 125.544 13.9675 18.6226 0.906588
568.276 133.494 13.1816 17.7288 0.903179
328.688 1.91983 12.9845 17.1207 0.901971
512.26 260.828 13.601 18.2289 0.897685
57.5036 85.2326 15.6732 19.6433 0.894851
585.25 160.941 13.7667 17.0694 0.8944
657.488 212.07 13.649 18.2032 0.88774
937.437 218.059 11.3866 13.9903 0.882759
515.251 104.668 14.6093 17.5464 0.881443
522.78 207.18 14.551 17.8873 0.879434
475.212 205.684 13.9899 18.3647 0.875425
471.776 179.882 16.3893 21.0472 0.872323
496.435 215.044 14.2074 17.9784 0.870418
601.788 263.388 16.1865 18.6369 0.870374
650.109 165.391 13.7759 15.6843 0.865309
400.479 108.598 14.5428 18.0839 0.855876
601.489 220.858 13.8801 17.5989 0.853635
514.455 32.483 12.7073 16.1808 0.852064
58.5493 61.7139 15.5734 19.1552 0.842767
273.716 88.9433 15.2376 19.6411 0.842113
752.745 208.755 15.0282 19.0793 0.834034
442.714 77.9908 13.8319 17.2921 0.832378
880.844 294.214 13.0458 16.9765 0.82928
620.188 295.763 14.0889 17.7524 0.820102
222.617 61.5902 14.8777 19.1091 0.81954
490.121 70.4136 12.5588 15.6126 0.816845
418.621 143.794 15.2731 20.0781 0.815718
154.469 7.98266 14.3657 17.5387 0.815037
400.59 157.318 13.9896 17.8793 0.814437
639.652 300.404 13.7501 17.0514 0.813456
329.619 54.5315 15.8655 19.5808 0.813395
350.702 271.568 15.5589 21.1332 0.812015
498.512 238.682 15.0076 18.1683 0.811644
991.812 309.58 13.1636 16.4715 0.810452
546.272 101.897 13.974 18.1479 0.801596
