17--Ceremony/17_Ceremony_Ceremony_17_218.jpg
38
855.22 422.574 34.4316 42.6741 0.998916
511.695 519.013 49.4152 64.9639 0.99807
822.477 325.406 31.8597 38.3567 0.997497
247.433 499.516 45.4196 58.1232 0.996987
325.411 484.759 37.8156 45.6644 0.996265
54.6087 313.262 35.0566 43.4166 0.995976
388.23 529.747 43.6962 53.2717 0.995862
290.828 318.331 35.2007 42.0803 0.995695
181.999 311.163 33.302 41.9101 0.995582
763.975 464.154 43.5532 56.8228 0.995523
11.2384 367.406 35.8229 45.3607 0.9955
869.24 373.511 34.1931 40.6735 0.995282
939.907 485.347 37.8922 44.1867 0.994557
194.752 431.692 47.7932 61.1058 0.994539
39.2457 419.365 36.9397 45.0999 0.993908
640.542 324.954 29.2683 33.7228 0.99286
547.409 434.042 34.4054 39.767 0.992303
252.087 383.641 35.964 43.3022 0.991521
43.2738 514.638 44.7615 54.5898 0.991514
492.384 400.371 32.9521 41.1596 0.991469
962.423 422.777 36.1592 41.1055 0.991228
462.556 461.292 33.3206 37.7812 0.991172
363.639 410.918 38.7536 44.7844 0.99101
922.7 350.151 33.515 39.2888 0.990553
704.45 426.591 35.3663 39.74 0.989981
641.653 473.457 44.9139 58.4729 0.989963
563.076 332.408 27.6157 33.6802 0.989271
998.828 361.909 36.8174 44.2311 0.989239
630.457 438.113 32.9199 40.2208 0.987208
719.57 300.551 31.2499 39.011 0.98673
154.528 368.665 36.1843 40.7543 0.984886
513.083 329.915 28.2488 32.8509 0.983139
761.92 363.115 30.6619 35.3078 0.980748
134.453 553.476 42.8621 51.3235 0.977889
67.9939 461.051 43.1871 53.6853 0.976196
891.211 510.037 40.0493 45.2212 0.976125
366.569 362.701 36.2851 40.0547 0.971669
801.328 464.122 29.0785 36.5274 0.89826
