39--Ice_Skating/39_Ice_Skating_Ice_Skating_39_252.jpg
9
717.5629375 180.781015625 32.0518125 37.032078125 0.998970270157
472.32975 184.142625 24.90790625 30.283734375 0.99877256155
513.4308125 176.396734375 25.5175625 29.065796875 0.998679578304
374.17934375 179.956875 25.39059375 32.048859375 0.998537659645
818.745625 165.1725 27.609375 30.926578125 0.998126208782
186.293015625 187.07328125 42.056875 43.99290625 0.997630357742
416.02171875 166.899359375 22.73578125 30.263296875 0.997241973877
322.3134375 178.21021875 24.7095625 29.88721875 0.99533033371
624.45875 192.876578125 22.611625 25.984625 0.983769357204
