39--Ice_Skating/39_Ice_Skating_Ice_Skating_39_992.jpg
34
533.324777832 722.815361938 73.8362475586 94.6400378418 0.999620437622
937.997149658 247.661035004 45.7398388672 63.2881558228 0.998900651932
383.115537262 142.127016296 48.8611784363 56.6629728699 0.998804688454
167.258205872 275.756523437 53.5602125549 63.3509820557 0.998796343803
612.105541077 267.596922913 48.168274231 59.0804646301 0.998706221581
116.35616066 42.0376393127 51.387633667 68.3925758362 0.99866771698
993.853302002 458.398849182 29.156697998 66.9732650757 0.998472511768
823.330569458 481.81930481 48.0484417725 57.6137979126 0.998418331146
836.027835693 123.988975906 50.8866156006 68.4306794739 0.998387932777
905.739485474 27.8332336807 43.4360113525 55.7951824188 0.998310804367
900.592012329 711.921651306 50.144241333 63.2132418823 0.998272895813
23.506944294 381.134446564 52.4516721535 56.6541682434 0.998210787773
954.503685303 579.903937988 54.5674468994 66.2530764771 0.998158633709
727.382028198 735.317881775 57.2325128174 67.7253393555 0.998135924339
307.77703476 259.000175171 56.9353939819 72.9825469971 0.998133957386
157.835439911 807.672610779 51.4906278992 67.3025680542 0.998118162155
566.178370972 368.076812439 53.2480960083 56.1738186646 0.998000562191
728.040086975 370.213600769 50.0839520264 60.2846340942 0.9978774786
385.381858063 381.206549988 44.1885084534 61.1173428345 0.99777764082
296.133761902 846.786691284 57.7618847656 72.6669732666 0.997656583786
282.238569031 50.4711625862 46.8161422729 51.6419885063 0.99747556448
665.973439636 480.944413452 53.8266644287 62.7934054565 0.997255861759
745.563930054 0.0 55.7278668213 59.2277928925 0.997217655182
461.652631226 264.913426971 49.5935293579 56.3395645142 0.99712651968
422.64355957 20.2308304596 51.4028552246 65.8099040604 0.996830880642
10.7727348471 638.193549805 56.1953568888 65.5406478882 0.996123850346
776.772550354 607.47953064 58.4166604614 66.2950601196 0.995847582817
802.687102966 250.461204681 47.8663302612 60.8981971741 0.995711803436
288.272399445 423.711804504 37.3684049988 63.3578466797 0.994699478149
333.386857758 473.160874939 53.3136083984 63.4811611938 0.994449138641
213.421334991 620.157098389 50.3137677002 62.2282678223 0.991343736649
282.894737549 675.048373108 74.493659668 86.8449588013 0.9814209342
999.484084473 125.379373169 23.5259155273 61.980917511 0.978219985962
216.592890778 169.270411224 46.995269165 57.7781260681 0.951299548149
