39--Ice_Skating/39_Ice_Skating_Ice_Skating_39_1029.jpg
9
206.97009375 252.767875 11.491671875 14.1060625 0.962964355946
296.35790625 252.36234375 12.12834375 15.33390625 0.956923782825
926.304875 214.31065625 12.3545625 15.44959375 0.953205406666
753.03125 225.36778125 15.330375 20.17225 0.920642971992
268.08240625 255.86815625 11.28996875 14.3025625 0.90892469883
739.8261875 223.755875 11.46925 14.948421875 0.891607761383
351.9845 254.58915625 11.1979375 14.103375 0.88885563612
653.308125 230.80421875 14.013875 17.456296875 0.835250735283
392.51046875 256.350375 11.9531875 14.2854375 0.82883554697
