39--Ice_Skating/39_Ice_Skating_Ice_Skating_39_388.jpg
8
451.165726807 307.451166016 103.887396484 149.804088501 0.999645233154
31.4629797058 299.219574707 70.8848680725 93.106206665 0.998906373978
883.693554932 341.1359245 69.1308942871 89.8933812866 0.998544573784
383.467476379 318.488361267 73.5727863159 89.1659159546 0.998114347458
245.170343994 335.639961853 96.3557661743 123.83581073 0.997955083847
779.744569824 360.196820862 67.7525778809 96.0085962524 0.997362196445
621.967082642 365.213782471 83.1274309082 87.2849110107 0.99432939291
202.487412109 295.685464478 69.3393859253 93.963305542 0.989338636398
