34--Baseball/34_Baseball_Baseball_34_350.jpg
12
606.031 271.619 16.9894 20.9547 0.972909
118.376 7.8235 12.3515 14.907 0.960875
895.968 116.735 12.0304 14.6205 0.906245
607.769 154.504 12.7725 15.4365 0.903029
593.438 129.383 12.3468 15.8609 0.897576
86.026 115.761 13.0358 15.9978 0.891035
539.557 132.042 14.0955 16.8156 0.869129
655.691 275.868 14.7133 17.2279 0.867361
973.301 99.2241 12.4653 15.1321 0.863817
961.478 117.432 12.518 14.7383 0.862589
681.83 18.86 14.5881 16.9605 0.861057
17.2047 7.2751 11.901 14.9885 0.829895
