50--Celebration_Or_Party/50_Celebration_Or_Party_birthdayparty_50_43.jpg
14
486.196380615 442.875854492 45.8556213379 57.1095581055 0.998105168343
204.197662354 266.951416016 47.1613006592 61.2926635742 0.997026503086
624.964477539 407.68737793 45.6931152344 57.4180297852 0.996120393276
520.328186035 255.631851196 37.8037109375 46.0261993408 0.995954751968
395.451812744 262.376098633 38.6859130859 48.2049865723 0.995443224907
462.500793457 97.6024475098 32.5101928711 42.3354187012 0.995055913925
640.381103516 254.815933228 38.1524047852 45.7695465088 0.992912471294
352.397491455 419.09979248 46.5424499512 54.5473022461 0.991826057434
751.237976074 238.767578125 42.0206298828 53.2111206055 0.991823971272
582.531188965 42.3760719299 37.4125976562 43.6003074646 0.991529464722
715.834472656 95.1782913208 33.5274658203 42.8617782593 0.983948290348
298.647735596 111.39478302 42.2948913574 53.1587905884 0.983724594116
203.971817017 76.7167358398 36.3101043701 46.4954299927 0.981450915337
773.101867676 413.894836426 42.5950317383 55.9747314453 0.980644881725
