44--Aerobics/44_Aerobics_Aerobics_44_597.jpg
8
415.335205078 319.138244629 43.395904541 56.8024902344 0.996080577374
0.570721149445 314.067901611 48.1732325554 53.337890625 0.993530213833
782.602539062 287.665466309 35.5796508789 45.8572387695 0.986834943295
563.757202148 315.875976562 24.967590332 31.4224243164 0.980664849281
328.688323975 345.47756958 22.760559082 32.0244140625 0.968448638916
725.205749512 331.176818848 24.8099975586 31.7726745605 0.960160553455
151.189926147 343.832458496 14.0092773438 17.6819458008 0.927861988544
966.723449707 317.636749268 28.0282592773 30.8031921387 0.921397089958
