37--Soccer/37_Soccer_soccer_ball_37_114.jpg
26
364.694 160.264 30.1312 38.234 0.998543
756.989 363.393 35.9766 43.9982 0.998136
500.238 232.962 30.2714 38.4782 0.998131
832.823 162.002 29.4745 36.0501 0.997738
610.33 156.092 29.5449 36.5333 0.997714
411.345 243.859 30.6661 35.7797 0.997018
505.396 345.445 33.1222 41.4188 0.996717
774.209 254.533 28.2385 34.6133 0.996615
239.697 260.488 29.4019 35.3716 0.995782
263.541 361.76 34.2758 44.0105 0.995464
683.559 258.501 28.5562 34.7434 0.995444
136.156 368.233 36.4139 44.2157 0.995323
123.323 149.115 30.094 36.2291 0.995221
442.72 153.862 27.5372 32.9783 0.995059
603.023 275.271 29.833 36.0684 0.994476
675.265 157.295 27.713 32.9806 0.993216
291.906 164.456 28.2177 34.6123 0.993198
159.667 260.406 30.9893 36.1789 0.993177
888.229 252.778 34.4707 41.6615 0.992207
384.653 350.951 32.5353 41.7849 0.992119
325.686 243.269 32.6316 39.9268 0.991344
642.353 354.407 35.6537 44.3308 0.991309
218.252 177.799 28.0405 33.0846 0.99118
738.857 155.307 30.8365 38.5496 0.990951
521.134 152.518 28.2473 33.9076 0.988292
73.2669 254.594 29.8189 34.7949 0.982746
