31--Waiter_Waitress/31_Waiter_Waitress_Waiter_Waitress_31_420.jpg
19
464.58075 180.458796875 30.4003125 43.849984375 0.999283730984
651.8893125 220.277875 27.7224375 33.366578125 0.999190509319
690.5475625 240.027828125 28.3764375 32.776609375 0.999160289764
581.3314375 218.805421875 30.4879375 35.71 0.998979866505
238.918828125 314.952875 21.990984375 27.2781875 0.998738706112
916.8785625 211.731953125 30.307375 38.5104375 0.998569250107
372.95603125 299.84025 23.801375 28.64590625 0.997823834419
534.965625 205.085578125 23.2669375 30.37465625 0.997643887997
40.620671875 222.299046875 24.3392617188 27.754265625 0.996643662453
488.80046875 218.45575 25.64375 29.204890625 0.995708227158
332.42515625 300.42925 23.61128125 30.22675 0.995414733887
550.735875 218.966984375 25.21475 37.349828125 0.993818461895
280.184375 318.5426875 15.62296875 20.92 0.988706588745
695.2629375 207.629875 25.31275 28.80828125 0.980472505093
866.2488125 305.2416875 23.7858125 33.51678125 0.979346811771
193.482859375 288.743875 20.85671875 23.508625 0.97769767046
408.34625 234.458765625 17.4030625 24.428875 0.950275480747
417.33775 215.797421875 22.160875 31.083609375 0.910272479057
121.139726563 297.09340625 18.6537421875 22.5275625 0.818296909332
