46--Jockey/46_Jockey_Jockey_46_352.jpg
20
812.107299805 226.528518677 47.9041748047 59.7475738525 0.998439371586
693.924804688 68.9086380005 35.4475708008 46.599937439 0.997707128525
422.059051514 73.8803329468 35.0783081055 46.2135314941 0.997667849064
519.810791016 72.4950942993 35.1106567383 44.1303863525 0.996735274792
558.033447266 243.539855957 43.953918457 53.9152832031 0.996558487415
88.7231903076 149.728805542 46.6357879639 57.5425872803 0.996204316616
434.400695801 249.991867065 45.9301757812 56.4180450439 0.995913207531
496.451324463 184.940795898 37.3305969238 46.1198577881 0.995559811592
338.335510254 47.6977500916 35.043182373 45.6041526794 0.994942009449
169.483032227 239.006622314 45.2443847656 58.5679321289 0.994769871235
901.019775391 132.450012207 44.612487793 56.6470794678 0.994751155376
632.234741211 142.3853302 43.2457885742 56.5859375 0.994446635246
778.45715332 134.859039307 42.3576049805 56.2075958252 0.994067430496
791.865478516 58.7335624695 36.689453125 45.6617012024 0.992462158203
675.87322998 235.7865448 45.2034912109 55.5435333252 0.99238306284
205.710662842 140.721405029 44.76222229 55.3079986572 0.992152154446
299.945678711 251.276367188 45.6116943359 55.4855041504 0.991137683392
610.952331543 64.8623428345 37.7836303711 46.7350845337 0.989030659199
221.275619507 50.0701980591 37.4321136475 47.0203170776 0.986776888371
335.55569458 124.615470886 42.267578125 53.1647415161 0.986343026161
