2--Demonstration/2_Demonstration_Political_Rally_2_18.jpg
13
10.1384 352.077 23.1949 28.6732 0.963553
527.249 393.251 21.413 29.8841 0.946384
353.161 343.217 22.3912 28.5161 0.935014
442.272 457.341 22.5871 29.585 0.933693
222.703 272.776 22.3073 29.2655 0.9237
271.622 395.267 22.2861 28.1917 0.88979
767.367 420.254 17.6875 21.778 0.8699
170.711 448.962 22.8433 28.6407 0.868636
168.248 257.799 21.4284 29.7573 0.864659
41.1715 448.536 20.7931 26.0196 0.832135
423.172 428.935 16.105 20.4822 0.80692
24.3507 257.718 16.8046 21.5367 0.802791
313.96 435.445 22.3541 28.3096 0.801406
