2--Demonstration/2_Demonstration_Protesters_2_525.jpg
40
552.509 484.418 33.0541 42.2725 0.992056
415.405 514.009 30.2833 40.8414 0.98738
481.587 434.43 29.3767 36.7676 0.986167
578.133 403.328 24.4626 30.0745 0.985039
759.559 457.869 27.8693 33.4076 0.984999
848.711 425.914 25.7457 31.79 0.984323
763.489 400.645 23.5791 28.8372 0.983382
655.528 427.114 28.851 32.8428 0.98234
659.1 485.807 33.0762 40.5593 0.979673
879.377 519.671 35.491 42.4824 0.979063
994.987 457.538 32.678 37.6643 0.974571
299.347 490.56 28.6196 33.548 0.963436
997.621 398.208 24.2815 29.6901 0.961849
53.5598 433.343 26.5137 34.0848 0.96032
920.639 478.685 31.2795 38.2656 0.958309
326.691 415.186 24.7593 29.4235 0.950278
203.046 379.626 22.0434 29.4152 0.949159
249.063 367.515 23.4081 28.5447 0.933733
712.958 309.361 15.3342 19.9951 0.925946
310.896 383.157 23.1316 29.9491 0.922476
714.762 361.394 21.9742 26.9996 0.915163
233.173 487.19 27.2912 30.1203 0.909149
783.509 318.639 16.1221 19.3548 0.902984
389.484 437.351 22.5319 29.0424 0.902345
918.97 376.387 21.6852 28.4503 0.898591
241.225 289.151 13.5073 16.4263 0.897398
672.175 321.407 15.8383 20.3058 0.890197
811.418 229.474 13.7201 18.0159 0.862881
849.732 367.24 16.0286 20.6318 0.862476
61.7678 344.013 15.9784 19.7985 0.858571
78.5925 378.947 22.2903 28.4119 0.856255
592.694 343.42 16.6499 20.7138 0.855945
948.362 431.907 24.629 28.6848 0.849442
967.596 553.014 33.8051 34.4165 0.845263
-0.916984 372.311 23.9967 28.7927 0.823296
145.205 342.232 12.7383 15.8809 0.820072
594.215 212.958 13.4105 16.4329 0.814872
368.499 324.297 14.2498 17.8055 0.814083
615.507 208.861 13.7264 16.8766 0.811986
447.186 209.349 11.678 14.1276 0.810262
