2--Demonstration/2_Demonstration_Demonstration_Or_Protest_2_32.jpg
13
724.519 1101.44 61.3834 76.6055 0.999042
454.015 1064.33 52.727 67.636 0.996618
520.434 1145.37 65.5482 94.1067 0.989875
517.395 1060.36 28.8855 38.1116 0.986532
628.133 1065.86 27.3651 35.4551 0.982062
236.516 1236.56 85.4594 116.8 0.979116
335.609 1032.02 33.1466 40.1187 0.969157
165.56 1089.37 54.2056 68.825 0.963732
865.998 1107.39 29.265 36.041 0.957906
893.788 1022.78 25.2385 29.0869 0.923548
425.581 1033.16 35.5623 44.4492 0.902837
299.893 1088.99 54.9034 73.4031 0.865099
284.988 1080.54 51.0894 65.1096 0.812969
