2--Demonstration/2_Demonstration_Demonstrators_2_378.jpg
52
809.949 489.976 60.2747 69.96 0.998777
102.618 459.976 64.7006 79.0543 0.998691
197.962 400.462 60.6901 70.1995 0.998573
671.94 333.526 49.5726 56.0776 0.998449
937.121 396.358 61.4835 69.8295 0.997916
215.761 496.304 69.5564 89.8911 0.997792
261.083 354.815 58.7481 66.7289 0.997618
606.945 327.465 50.8895 60.4189 0.99755
320.929 462.355 54.4359 61.4209 0.996028
596.797 414.416 48.6146 58.7737 0.994382
154.504 268.266 39.9478 44.6039 0.991534
395.581 238.021 34.7167 40.5711 0.991407
306.878 275.91 37.3597 44.9232 0.991295
103.466 139.093 26.2074 30.6632 0.990872
535.846 257.903 35.4631 44.5103 0.990853
481.682 207.783 31.8606 41.366 0.989972
495.507 515.961 77.8241 81.5255 0.987487
330.671 220.83 28.6605 37.3095 0.984276
155.083 204.591 31.3167 37.9078 0.984261
90.1935 298.047 46.1963 51.9836 0.983359
765.632 317.698 37.2239 40.8932 0.983293
645.215 440.512 50.1792 61.4341 0.982828
13.3236 205.804 36.6791 41.5618 0.982703
97.9129 206.043 36.2021 39.2519 0.980921
647.777 261.59 38.2665 42.9987 0.979328
191.988 190.253 26.0477 33.7736 0.979211
359.495 223.353 32.1862 39.6199 0.978989
416.192 191.856 32.0163 35.1323 0.977942
507.857 363.627 45.5429 55.8091 0.975854
601.161 271.043 32.0775 34.4834 0.973237
220.13 245.236 37.1969 45.6522 0.97223
503.542 301.207 40.7078 43.846 0.971049
571.165 238.157 29.2137 34.1225 0.969486
433.834 307.048 39.5171 46.7724 0.968555
431.742 459.111 71.3544 77.7603 0.966485
715.269 407.059 35.9512 43.1019 0.960776
208.149 135.858 23.7891 28.5564 0.959529
158.392 168.916 25.9574 31.2374 0.944158
343.443 192.635 24.615 31.8463 0.942628
735.562 284.648 28.8109 36.6733 0.93485
753.925 421.734 47.2327 54.723 0.932496
645.045 495.542 59.9329 66.7268 0.928818
268.556 225.653 34.5458 40.8061 0.926446
494.911 416.256 49.3831 60.7587 0.922376
93.7961 249.787 32.5668 36.8451 0.910897
868.531 335.709 30.8617 35.8495 0.881006
370.054 291.301 37.6755 42.062 0.875336
-21.5005 302.776 53.6222 63.7007 0.873169
552.155 376.622 38.6885 47.2017 0.860776
309.977 169.031 23.7657 29.234 0.859785
948.715 227.256 25.5948 31.6207 0.818178
137.548 303.25 30.6281 44.6729 0.809215
