2--Demonstration/2_Demonstration_Demonstrators_2_425.jpg
17
560.932 462.23 48.7671 65.7305 0.99796
791.74 424.515 66.1147 79.9207 0.997265
577.63 386.599 27.2198 33.4709 0.99414
632.421 392.988 38.0389 45.975 0.993146
863.786 302.887 30.5312 36.7498 0.985913
701.498 374.073 26.7778 33.6662 0.984918
20.6064 476.762 38.3836 45.8797 0.9803
785.679 303.649 39.1774 46.5605 0.962756
353.531 430.682 50.8984 66.7762 0.961868
428.923 571.932 72.5866 99.475 0.95844
138.488 375.543 12.8084 16.7414 0.925285
526.916 331.934 15.6401 20.603 0.870175
224.319 427.797 34.697 48.3981 0.840267
707.596 280.938 12.5697 15.0392 0.826369
487.358 372.576 16.1201 20.7427 0.812356
970.276 355.727 64.9333 72.952 0.803628
793.072 270.06 22.5808 28.8091 0.801919
