2--Demonstration/2_Demonstration_Demonstration_Or_Protest_2_173.jpg
22
671.221 279.985 49.5255 63.7498 0.996183
49.0567 353.39 52.1325 55.5627 0.995886
653.18 207.373 34.0815 44.2017 0.99564
845.314 290.182 52.5122 65.9501 0.995466
774.078 187.645 32.8639 47.02 0.994424
865.372 210.44 46.3849 56.3735 0.993483
169.116 313.241 43.0566 56.4451 0.992287
360.64 294.9 42.1365 57.2515 0.99194
506.607 217.859 36.0221 46.9818 0.991173
353.041 227.781 28.5479 39.4955 0.990785
272.471 277.378 35.0397 42.2817 0.989408
254.342 252.649 30.1311 41.5972 0.987072
580.033 234.449 45.3301 57.7316 0.98284
109.497 248.726 36.9838 49.9131 0.977944
456.703 227.975 34.7575 45.4034 0.971669
741.517 160.371 21.7274 30.6548 0.966245
828.676 164.656 25.1346 31.3865 0.963916
174.998 225.378 21.6965 29.6635 0.951593
672.381 153.894 20.1935 28.0833 0.927952
3.76988 216.125 13.9945 17.3438 0.846585
450.379 208.713 22.9096 29.7637 0.833782
546.931 167.84 14.3118 17.2219 0.824922
