2--Demonstration/2_Demonstration_Demonstrators_2_28.jpg
23
657.464 602.278 56.1096 69.6621 0.997587
454.828 396.188 25.6714 35.6995 0.993764
514.99 445.049 29.0717 38.2015 0.992977
841.185 509.006 47.0807 59.6049 0.99093
334.321 515.605 33.2617 40.8098 0.989596
173.204 381.879 26.1653 32.7286 0.988729
892.37 437.834 26.9803 42.6794 0.987665
597.822 506.514 32.5339 41.8644 0.98741
752.873 430.581 24.3162 32.4811 0.983909
37.7449 389.282 35.4684 44.6057 0.981456
385.636 430.465 27.4177 33.8868 0.978744
249.964 395.01 24.458 31.8405 0.978425
602.497 385.433 23.6892 29.6292 0.977533
295.909 425.119 25.3746 32.6025 0.976941
172.586 509.786 48.3859 59.9667 0.97649
978.587 480.39 28.649 37.7242 0.959887
328.51 443.8 26.2158 35.7994 0.958748
490.371 389.756 21.3218 29.0662 0.940554
261.952 451.85 24.4135 30.4241 0.940359
81.3807 475.38 42.0345 53.7679 0.923428
867.099 398.32 24.8132 32.091 0.85863
647.983 369.065 14.7667 19.1569 0.807221
216.66 369.195 14.6905 18.1917 0.804689
