2--Demonstration/2_Demonstration_Political_Rally_2_329.jpg
24
137.782 343.427 63.2992 73.4297 0.999403
123.399 230.786 51.3737 64.361 0.997657
930.25 279.854 65.303 85.8464 0.996262
866.899 333.921 62.6677 73.7042 0.996086
924.765 210.363 32.2723 40.1951 0.995795
648.764 236.714 37.639 45.9517 0.993677
130.227 177.707 29.232 34.3328 0.992469
877.769 161.348 30.3103 37.3704 0.99007
615.62 209.479 28.5114 36.8183 0.988968
305.604 307.92 71.5468 87.0481 0.987311
269.331 199.54 39.9205 47.0713 0.98502
194.667 194.352 41.6487 46.5098 0.983629
744.667 394.273 92.8889 125.474 0.98277
832.33 181.108 29.1625 35.4913 0.978581
464.867 240.001 38.2679 43.9227 0.976606
691.348 323.736 51.3741 53.8146 0.974852
801.904 206.897 39.7166 47.117 0.972796
479.291 312.283 86.5822 109.528 0.963784
772.177 175.629 26.6102 32.6827 0.961374
851.936 223.925 26.6404 36.8835 0.951326
-0.0508862 190.822 33.8319 47.8512 0.929134
665.841 189.792 29.4817 32.2224 0.908502
970.62 227.456 27.6145 35.8992 0.893942
327.536 181.014 30.406 35.2282 0.877201
