2--Demonstration/2_Demonstration_Protesters_2_293.jpg
13
796.341 453.035 58.5488 80.9251 0.99923
287.918 429.609 56.2171 81.0954 0.998995
456.025 433.768 52.8072 77.8577 0.996963
87.0153 345.366 45.0581 66.2332 0.99557
561.275 409.726 53.1539 72.2069 0.992707
866.151 456.004 74.35 92.3892 0.992337
163.486 375.221 44.0692 58.9423 0.989278
222.619 522.82 88.3542 110.697 0.988079
353.097 364.655 32.2352 47.6302 0.987547
544.862 456.571 66.8846 97.3897 0.987423
675.926 356.744 29.6383 40.0899 0.943651
836.865 596.913 64.7754 102.762 0.938417
609.375 388.41 31.2545 46.7096 0.906786
