2--Demonstration/2_Demonstration_Demonstration_Or_Protest_2_200.jpg
17
15.3509 363.04 43.7891 57.421 0.991444
277.875 220.232 35.1504 46.9093 0.98783
789.95 383.876 44.9764 55.7062 0.987703
225.604 190.178 28.9991 37.3243 0.983986
851.772 326.795 36.8322 45.825 0.97692
71.8973 268.897 38.6745 47.7104 0.975953
808.288 492.064 56.0251 60.4486 0.975694
386.954 224.139 24.2712 32.8761 0.970899
176.94 226.016 29.8347 34.334 0.969462
85.5374 132.076 32.0943 41.0393 0.957536
939.355 300.627 45.5535 56.9913 0.952016
881.647 163.53 29.4392 39.5098 0.945964
948.325 175.423 36.4578 41.6918 0.915026
841.399 132.16 24.9664 29.3107 0.900728
310.849 97.1081 15.2499 18.2768 0.864775
399.59 48.2938 14.725 18.7762 0.863078
22.976 71.6384 15.3913 18.2016 0.822594
