2--Demonstration/2_Demonstration_Demonstrators_2_329.jpg
13
250.661 94.4488 64.6398 82.2598 0.997963
204.016 48.2204 47.8073 61.8908 0.996676
859.892 167.283 40.2405 47.3771 0.996038
932.727 180.636 33.1576 39.8019 0.990322
711.94 165.811 25.7632 36.0238 0.987552
663.918 149.603 25.933 34.8983 0.987218
375.615 98.4164 26.7767 33.3923 0.982631
790.47 190.266 23.764 29.7613 0.944538
982.245 221.422 26.6949 32.6513 0.928637
135.653 90.2636 47.7456 53.8705 0.883563
28.1898 -13.7802 46.6825 65.4406 0.881004
114.83 34.7887 36.9736 44.2285 0.877752
956.665 191.398 26.9353 34.511 0.876914
