2--Demonstration/2_Demonstration_Protesters_2_618.jpg
19
250.896 235.109 54.5744 64.9141 0.998998
517.776 170.934 50.381 65.9693 0.998952
459.009 253.868 61.2726 81.6724 0.998554
364.261 166.41 51.7551 69.517 0.997494
480.136 15.627 44.1626 57.1987 0.997365
934.88 160.817 49.4973 58.9722 0.997255
604.189 148.097 52.7531 70.9094 0.99675
146.783 72.9731 44.7518 57.3259 0.996068
243.882 50.9521 39.3201 51.4986 0.995865
703.975 43.3916 44.4 58.8235 0.994589
599.724 13.6015 45.3665 58.2646 0.994412
321.073 88.9953 46.5624 59.9617 0.994018
963.332 48.2037 43.8936 53.8295 0.993042
442.063 189.606 50.239 60.5582 0.991389
-8.7463 12.9368 48.6094 60.1135 0.988686
-14.5156 161.154 49.3776 68.7049 0.984583
820.59 234.194 56.8303 63.7562 0.984016
811.731 -6.82213 47.0797 57.0971 0.979852
848.684 255.764 54.2238 79.7454 0.964967
