2--Demonstration/2_Demonstration_Demonstration_Or_Protest_2_606.jpg
18
631.5 241.218 58.4722 66.3177 0.997875
900.459 260.592 58.7655 66.935 0.997864
217.594 297.068 44.7525 58.2272 0.99611
186.473 246.572 31.2742 38.9554 0.994652
711.07 260.036 33.4575 42.7922 0.99094
760.296 253.42 65.4235 74.011 0.988914
830.1 237.509 34.4708 46.5119 0.985326
283.229 236.767 29.1481 37.1885 0.983263
220.233 239.985 36.3497 44.3245 0.9787
45.3422 256.412 42.149 46.982 0.978297
539.445 298.331 96.1525 119.662 0.977925
501.292 240.759 43.5583 64.7662 0.971212
333.662 286.569 73.8448 89.7526 0.938327
707.364 218.516 24.8256 31.646 0.928384
743.665 277.314 34.2035 46.0803 0.904547
444.911 222.554 32.2807 45.4088 0.860733
147.185 256.702 27.1582 28.8952 0.853809
7.27498 283.186 37.5153 40.4427 0.828559
