2--Demonstration/2_Demonstration_Demonstration_Or_Protest_2_385.jpg
19
756.301 471.879 25.7484 34.6956 0.995226
287.702 536.889 30.381 43.8295 0.991994
360.374 454.702 25.0116 31.4362 0.989406
678.072 558.029 34.4534 40.6683 0.987015
394.503 531.506 31.018 37.7893 0.986699
213.301 469.875 26.2645 30.0735 0.981756
504.584 538.888 34.0879 37.0474 0.975997
582.03 455.969 22.6682 28.4383 0.974921
615.506 495.785 26.3102 28.9547 0.953128
187.43 523.362 32.9243 39.2324 0.933827
32.3599 511.958 33.1991 39.9999 0.927448
21.7896 545.284 28.4613 42.7295 0.924684
686.724 465.438 20.95 27.7317 0.909236
129.943 501.435 24.8518 32.0593 0.88959
99.9244 516.05 27.0168 33.6005 0.835077
778.229 460.886 23.3615 28.747 0.834683
820.242 392.041 13.6884 17.6049 0.815494
984.674 367.444 13.4225 15.9014 0.808626
873.678 392.474 15.4858 18.5967 0.805202
