2--Demonstration/2_Demonstration_Demonstration_Or_Protest_2_816.jpg
20
139.433 284.146 52.3443 64.8191 0.998411
679.051 201.727 45.2173 56.2583 0.995279
859.489 171.463 43.1378 57.593 0.991408
814.788 83.3446 39.0503 46.7367 0.990986
354.915 394.801 48.473 59.4798 0.990534
719.579 -0.709856 44.056 58.0881 0.989924
12.259 167.287 45.7704 55.9827 0.989235
90.3646 63.7787 44.8762 54.0521 0.988333
344.903 264.593 51.3941 67.2399 0.986511
314.941 208.258 46.212 55.1469 0.981776
490.852 152.838 47.0806 60.273 0.97954
299.555 150.959 49.1965 58.2521 0.979062
217.729 263.617 47.6865 62.334 0.967526
790.197 226.215 45.5648 55.6557 0.967273
685.339 68.8983 35.2056 44.4843 0.951026
572.531 123.851 44.7374 52.4377 0.937861
448.926 64.9704 32.4882 49.5305 0.91457
777.787 280.711 48.2803 60.3271 0.9144
634.58 174.272 31.6034 45.0125 0.88348
160.093 -10.8006 31.8083 38.4204 0.883416
