46--Jockey/46_Jockey_Jockey_46_444.jpg
13
408.911 170.871 34.7024 41.4625 0.997168
218.279 339.066 34.1379 40.0989 0.994705
615.254 138.09 35.4645 47.0144 0.994364
315.098 149.507 34.1644 41.7581 0.99379
219.01 139.878 31.7915 38.7968 0.993672
857.534 344.286 42.2267 52.8981 0.993455
711.972 146.313 37.8229 48.1502 0.992935
485.688 334.252 38.1403 47.371 0.992723
522.172 154.195 35.4049 41.7835 0.986192
665.56 364.281 41.4316 47.0527 0.985189
344.069 332.136 40.8989 52.8743 0.984102
814.594 134.082 35.4701 48.0196 0.982334
99.5948 350.953 36.9484 45.5838 0.980165
