38--Tennis/38_Tennis_Tennis_38_580.jpg
12
598.85175 251.45103125 29.73675 38.79621875 0.998874485493
560.3025 230.147875 27.870125 37.00184375 0.998845100403
285.7655 236.32534375 30.42928125 39.84490625 0.998721778393
345.082375 245.50596875 27.99534375 37.92221875 0.998688042164
495.7449375 247.793484375 27.40309375 38.212328125 0.9985242486
673.7143125 247.57709375 28.441625 38.4585625 0.998486101627
406.59384375 244.459875 30.2466875 38.86871875 0.998366057873
521.686 249.7185625 29.06275 39.1071875 0.998256266117
453.42259375 237.97359375 28.55803125 37.4219375 0.998224318027
319.292 241.00009375 28.08978125 38.9233125 0.996621847153
622.9249375 244.56403125 27.3536875 40.29115625 0.993634343147
646.9691875 236.242484375 24.0040625 34.577078125 0.987264037132
