38--Tennis/38_Tennis_Tennis_38_452.jpg
9
46.3705039063 116.23653125 38.4418085938 48.71353125 0.998915195465
912.306625 115.861203125 37.933375 48.178703125 0.998790323734
186.01875 130.671046875 39.905046875 50.16484375 0.998626351357
613.782875 62.528 38.812875 46.731296875 0.99795460701
393.7425 66.7700859375 34.99103125 46.985125 0.997802555561
720.9608125 80.5438828125 37.3840625 49.1495546875 0.997716426849
807.238875 101.968960938 38.071625 48.2363046875 0.997467637062
511.03540625 57.0489804688 37.26365625 50.2396289062 0.997169077396
281.14725 80.0149296875 38.599125 50.509515625 0.996961295605
