38--Tennis/38_Tennis_Tennis_38_535.jpg
39
895.220625 490.74203125 25.293875 28.2510625 0.998749136925
514.57409375 422.613625 23.48853125 30.481625 0.99873405695
459.919875 422.21525 23.9288125 32.1815625 0.998708367348
466.594 264.82425 22.84903125 28.360125 0.998528838158
777.9033125 307.05528125 22.5089375 28.8618125 0.998443305492
578.2353125 305.0078125 25.464375 31.685125 0.998352885246
204.88575 431.36546875 23.904 28.71103125 0.998276948929
369.02546875 406.62309375 23.16765625 27.6084375 0.998024344444
479.178875 316.77275 22.2694375 27.3849375 0.997829377651
862.8089375 324.2259375 22.347 28.99253125 0.997600018978
432.449 448.4793125 24.25325 30.59065625 0.997440576553
321.27321875 381.8126875 23.40815625 29.31865625 0.997431457043
505.48403125 471.3545625 24.71715625 32.1420625 0.997088611126
231.215125 318.8625 21.834625 28.15365625 0.997019052505
133.1751875 454.23646875 24.344015625 29.35896875 0.996770143509
191.525125 338.95465625 22.30815625 27.7748125 0.996677041054
762.2874375 427.97971875 22.1054375 28.5719375 0.996589064598
713.641625 316.5463125 22.5088125 29.25815625 0.99587136507
508.2980625 315.5249375 23.56275 28.10571875 0.995843708515
418.1208125 314.796125 23.106875 30.4695 0.995615243912
655.2645625 463.21546875 22.0413125 28.2371875 0.99496114254
597.086125 425.28996875 19.3138125 24.45459375 0.994424283504
45.6356992187 449.3181875 24.2011679688 29.1196875 0.994324743748
139.77446875 414.2225625 22.148609375 26.884625 0.994128584862
171.569265625 274.91190625 21.529453125 28.0755 0.99295604229
357.16978125 311.736125 23.95 28.684875 0.991433382034
146.4264375 305.43634375 22.201515625 29.406125 0.990124940872
815.428 466.45409375 27.1358125 35.27603125 0.989748120308
376.89940625 450.744375 22.72246875 27.92175 0.988784432411
640.5185 313.94290625 22.448625 27.13134375 0.987487673759
240.295375 286.07415625 22.20625 28.25975 0.986103713512
397.69153125 321.6733125 19.49765625 23.6069375 0.98532050848
434.28878125 412.06071875 22.64628125 28.330125 0.985035181046
709.315875 421.38053125 18.9490625 21.31153125 0.98420727253
549.9796875 469.75865625 23.169 26.71903125 0.976768732071
647.272 422.1061875 21.6396875 28.166875 0.969700455666
363.88171875 516.94740625 25.91525 26.63921875 0.940252482891
288.8489375 460.86184375 21.675625 29.144375 0.919909417629
292.09453125 293.1965625 19.362625 22.42021875 0.916328310966
