38--Tennis/38_Tennis_Tennis_38_371.jpg
25
696.102625 192.913921875 27.3348125 30.078359375 0.999610364437
785.552625 197.61403125 27.318375 34.521703125 0.999609410763
653.0566875 198.31828125 24.7456875 27.963546875 0.999570071697
665.374375 277.4088125 29.0440625 37.94296875 0.999565541744
378.463375 211.916703125 26.96234375 31.977109375 0.999546468258
527.59725 214.09246875 24.741 29.340421875 0.999492287636
444.2225 214.166609375 25.91715625 34.04465625 0.999443590641
438.76878125 302.105 30.0820625 36.0838125 0.999407172203
129.043015625 201.02559375 26.384390625 31.425671875 0.99918192625
763.1854375 282.76221875 30.5898125 40.37203125 0.999162435532
549.4721875 372.33440625 32.923125 43.1983125 0.999136865139
344.35321875 298.605 28.020125 33.80246875 0.99910992384
172.230875 192.024140625 27.887421875 33.2694375 0.999028801918
490.493 203.223515625 24.6550625 28.968046875 0.998976349831
277.02840625 201.66 27.34953125 33.27509375 0.998828113079
232.14146875 199.22859375 25.11353125 31.894609375 0.998766064644
566.8398125 196.109015625 24.16425 29.05984375 0.99868696928
878.859 190.187046875 25.3681875 29.5503125 0.998473346233
324.03078125 205.60615625 23.4066875 29.08115625 0.998257577419
476.77671875 368.4490625 31.0355625 39.351 0.998010456562
611.041875 219.256984375 26.9628125 30.512890625 0.997849464417
568.493875 287.153125 29.385125 38.3943125 0.99779945612
412.69615625 206.249953125 24.04309375 28.8690625 0.997413992882
730.3883125 188.9691875 23.523875 28.1783125 0.996929943562
815.7934375 192.23753125 22.803125 27.69959375 0.989015519619
