25--Soldier_Patrol/25_Soldier_Patrol_Soldier_Patrol_25_515.jpg
21
835.778 314.686 16.4347 24.5761 0.99966
476.732 320.792 13.6283 19.7009 0.999039
786.401 309.836 18.517 24.3997 0.998295
614.781 324.574 14.0869 16.8066 0.997391
56.4924 309.028 15.6063 20.8377 0.992381
575.709 324.839 15.6774 19.9335 0.992121
638.176 310.774 17.312 23.2409 0.988841
803.392 295.431 17.3069 24.3841 0.98686
698.908 317.732 15.9331 22.2275 0.986085
720.725 302.41 18.3116 23.9797 0.979961
371.471 320.517 13.5828 19.5139 0.977001
416.735 320.044 13.3192 16.6454 0.976527
860.365 305.049 14.6086 22.4779 0.964933
520.734 318.487 12.0077 16.1036 0.963548
910.114 311.186 16.3234 22.6189 0.942201
536.174 312.644 12.9984 19.4231 0.94165
671.099 311.512 16.3436 21.902 0.887737
394.626 312.777 14.4357 17.9971 0.880177
735.473 326.478 15.2863 19.3283 0.867888
439.212 333.616 12.3051 18.3285 0.865867
884.83 329.003 16.1341 23.4553 0.842804
