12--Group/12_Group_Team_Organized_Group_12_Group_Team_Organized_Group_12_418.jpg
21
302.247 369.656 25.275 32.0759 0.995413
167.016 354.143 23.6265 31.4281 0.994042
469.654 374.707 25.6854 34.4961 0.991347
403.69 260.316 24.832 32.387 0.981599
314.404 283.643 25.0483 29.9455 0.977722
392.522 401.551 24.6007 31.4252 0.973976
657.456 305.66 22.4811 28.6862 0.96267
558.375 369.085 25.5427 28.6675 0.938328
513.287 288.083 22.5686 28.8978 0.913943
407.197 222.031 15.9274 19.7734 0.901983
154.185 172.258 16.2551 20.6988 0.891515
306.494 160.53 13.6005 16.9445 0.886502
360.094 228.175 16.7836 21.2212 0.876169
248.091 184.392 17.0928 19.613 0.850522
633.904 362.298 23.8901 30.0762 0.841406
379.825 145.13 13.0108 16.2645 0.833578
206.726 167.984 15.6735 19.3179 0.826076
649.724 105.998 14.1503 16.8884 0.823142
456.285 217.718 15.726 19.7347 0.81542
553.107 185.613 12.9412 16.2318 0.809854
267.339 134.598 14.8378 17.9938 0.807316
