12--Group/12_Group_Group_12_Group_Group_12_367.jpg
24
695.111 352.172 26.1193 33.5988 0.997529
259.807 365.821 27.5082 35.7062 0.995039
215.304 299.32 23.9625 30.9623 0.994146
324.724 364.876 26.8629 33.5438 0.994087
566.31 323.901 23.4109 30.5276 0.990691
652.776 324.52 25.4332 30.0868 0.99035
424.282 283.282 24.5423 32.1297 0.990182
610.473 292.772 25.3734 31.9261 0.988962
519.018 285.717 25.8629 31.9716 0.988957
627.087 357.405 25.6481 32.5366 0.987697
202.345 340.403 26.2399 32.5728 0.9865
519.249 339.267 23.9377 30.6855 0.985395
547.637 370.818 27.3972 33.0107 0.983897
436.636 332.979 23.9648 30.2877 0.983811
456.619 356.349 26.6108 29.6059 0.983504
382.785 271.226 22.3013 28.1638 0.983407
634.572 265.405 23.2484 29.2145 0.982775
351.68 295.875 23.1687 28.9791 0.977353
393.786 344.862 24.444 28.4911 0.975823
199.178 259.678 23.8142 28.9565 0.969872
560.005 281.546 22.2833 27.5103 0.968986
469.03 280.655 23.3121 28.9532 0.96367
293.281 264.346 22.17 27.7247 0.951697
285.029 307.929 23.4532 27.9995 0.926984
