12--Group/12_Group_Group_12_Group_Group_12_522.jpg
16
653.57 397.367 42.9113 55.5458 0.995413
504.202 392.77 44.8362 52.3871 0.995403
886.802 289.701 43.5643 56.0306 0.994082
358.765 404.92 45.3582 53.1877 0.993094
372.117 302.19 37.3937 47.7957 0.992306
722.91 297.903 39.2069 48.4335 0.991811
264.564 295.658 40.2129 48.3165 0.990997
301.495 230.797 37.9026 46.302 0.989989
599.568 265.548 39.964 46.1087 0.988476
490.68 247.058 42.8058 53.5779 0.988127
792.635 283.916 42.1412 53.22 0.984971
189.869 232.839 39.2636 47.1608 0.984476
683.457 228.283 42.8513 52.3168 0.98395
397.497 228.869 36.8279 45.7863 0.98231
821.114 243.731 37.6989 46.046 0.97942
114.848 231.892 40.6052 44.971 0.945485
