12--Group/12_Group_Group_12_Group_Group_12_268.jpg
24
853.049 229.545 34.4728 43.8666 0.997481
807.146 224.731 31.5128 40.7051 0.997421
457.814 326.697 37.7538 46.877 0.996802
702.126 191.096 32.9834 43.1653 0.996516
625.092 220.136 35.6566 44.6626 0.996411
570.906 222.852 35.3033 45.0121 0.996297
443.424 215.535 36.5556 47.1691 0.995573
218.325 210.59 35.1538 40.9471 0.995376
150.391 262.44 32.6586 41.0372 0.994995
914.141 321.425 36.1737 44.9191 0.994055
757.971 211.525 33.807 43.2468 0.993814
339.884 355.313 46.7325 57.0463 0.993747
585.753 364.108 37.8833 47.1845 0.993398
486.36 190.854 34.806 47.8118 0.992253
366.27 207.847 36.9805 43.2807 0.990735
725.271 264.563 35.0834 41.9261 0.990395
104.416 245.953 36.579 43.2751 0.990395
245.109 350.421 37.7003 46.1536 0.989416
894.787 209.123 36.2544 47.9638 0.98834
707.994 384.447 37.5662 46.4245 0.988148
810.858 395.75 40.5625 46.9707 0.988045
157.636 349.439 38.0421 46.1915 0.98595
304.223 243.632 31.3744 38.2299 0.983401
239.935 91.2302 26.8977 29.6514 0.816802
