12--Group/12_Group_Large_Group_12_Group_Large_Group_12_15.jpg
20
635.269 445.662 36.0747 43.9092 0.997739
407.332 367.71 46.8934 57.5458 0.99694
519.605 393.583 32.9069 39.5234 0.99631
805.862 427.317 35.2679 40.9305 0.995612
76.062 416.187 35.1402 42.0799 0.995379
736.555 344.2 30.9573 38.8431 0.994962
243.631 355.414 35.0664 44.0496 0.994918
173.256 383.284 30.6572 37.4854 0.993937
859.331 438.068 34.5137 40.1411 0.992819
139.224 325.545 37.2591 46.9104 0.992599
517.539 258.742 34.8766 46.7742 0.992304
634.474 328.945 34.1324 41.3951 0.99223
764.317 267.732 36.4325 44.6274 0.991453
356.862 282.651 38.3657 45.7119 0.988963
613.142 196.97 39.3177 46.9763 0.986956
853.06 203.451 42.4352 53.3326 0.986847
303.986 195.971 43.8529 55.1288 0.986732
566.693 308.463 29.2115 35.3712 0.984446
405.58 240.303 40.1848 46.2341 0.980785
217.786 220.552 37.6437 45.7677 0.977405
