12--Group/12_Group_Team_Organized_Group_12_Group_Team_Organized_Group_12_138.jpg
12
879.394 1002 60.4041 74.8665 0.997351
236.797 529.909 55.7375 81.8925 0.996258
763.848 966.947 67.6788 83.7975 0.99558
139.705 429.843 71.1731 80.1234 0.994566
384.767 428.296 31.1431 42.4819 0.985525
513.497 434.607 29.2932 37.7816 0.984584
104.578 896.301 88.6741 111.928 0.981931
219.167 950.634 89.6232 110.139 0.980467
760.723 411.78 47.8486 63.0714 0.9785
424.116 410.918 45.6353 53.5687 0.936884
574.988 398.654 50.4805 67.8538 0.931222
830.786 398.699 46.8579 58.2444 0.896951
