12--Group/12_Group_Team_Organized_Group_12_Group_Team_Organized_Group_12_927.jpg
31
908.451 147.893 32.5255 41.5083 0.998175
167.612 176.609 35.8971 45.407 0.997175
583.193 274.004 29.453 39.1268 0.996381
968.657 164.072 27.5968 35.9483 0.995754
511.95 286.017 29.2507 36.2936 0.995653
1000.09 194.558 31.3432 38.7032 0.995578
669.605 291.432 26.1855 35.5682 0.995567
744.272 153.858 25.8976 33.9125 0.994842
666.993 370.372 29.6078 40.4964 0.994596
402.71 195.429 28.1277 36.3177 0.99453
214.553 199.667 27.3093 36.3977 0.992557
678.003 175.296 24.7782 33.2818 0.992062
794.502 186.813 26.4054 33.5791 0.991854
346.919 179.34 29.8152 36.0604 0.990663
554.322 208.845 25.4456 31.0128 0.988906
844.339 165.799 28.0675 36.494 0.98845
123.441 189.644 28.3629 39.072 0.987949
442.594 173.571 26.27 32.6906 0.987805
503.518 179.466 26.2347 34.4305 0.986994
632.385 158.831 26.0636 31.1971 0.986186
288.041 171.478 28.3519 34.3602 0.984927
863.33 337.929 24.1108 32.2946 0.979346
784.339 316.743 22.933 30.1307 0.978816
580.287 181.051 24.0077 30.2675 0.976001
711.557 155.251 23.8422 29.3827 0.962655
604.216 209.781 23.9056 30.0129 0.960029
739.612 425.86 23.4557 29.8342 0.956338
477.552 153.181 23.4255 30.0831 0.955884
724.928 340.456 26.3041 31.501 0.950472
401.555 167.001 25.1934 31.8018 0.940819
546.907 175.152 22.0386 29.3287 0.835592
