12--Group/12_Group_Group_12_Group_Group_12_165.jpg
13
506.375 204.866 52.1975 69.5022 0.998664
607.731 182.165 45.8809 60.6011 0.998239
186.109 235.378 45.1344 59.3086 0.997799
787.007 228.604 45.3 56.7612 0.997299
692.957 252.33 48.2806 58.7311 0.996231
441.623 204.75 44.2548 58.4785 0.9948
680.467 109.908 43.1057 57.4649 0.993478
550.783 94.2333 43.1509 57.2521 0.993091
916.724 235.031 47.9386 61.0393 0.992714
51.1912 194.404 44.6134 57.1772 0.9898
407.929 121.713 42.6476 56.5651 0.986338
253.131 124.351 38.1631 48.1018 0.985001
315.196 214.049 41.691 55.636 0.984139
