51--Dresses/51_Dresses_wearingdress_51_654.jpg
8
76.64103125 449.9808125 44.9962421875 57.14978125 0.99785977602
309.4635 30.9742324219 28.8791875 26.4158964844 0.997819900513
646.1079375 434.63125 24.7286875 27.79959375 0.997667312622
605.6646875 16.5541484375 26.620625 30.1648203125 0.997310757637
869.658875 40.9356914063 43.69625 55.4903320313 0.995762825012
905.3121875 435.4654375 22.752 29.22196875 0.991235136986
78.761734375 32.71459375 24.71840625 26.2119492188 0.988501548767
374.16425 451.18390625 24.3105625 27.5005625 0.985810101032
