51--Dresses/51_Dresses_wearingdress_51_7.jpg
10
777.310875 11.8429023437 69.3093125 96.2404257812 0.999433219433
293.865875 16.0173261719 63.01396875 88.5346660156 0.998664259911
489.449375 85.86428125 30.39775 36.583421875 0.998062908649
955.8218125 123.847914062 37.474875 50.0141015625 0.993170976639
7.73046044922 57.4251289063 22.1583852539 31.9324882812 0.990839540958
53.4994101563 63.4198320313 23.0912460937 30.5562304687 0.989425778389
530.8175625 56.9037695312 35.2291875 52.8172695312 0.983441233635
165.7354375 82.748453125 21.65821875 27.2746640625 0.930320739746
116.23825 68.6809609375 21.53109375 28.6174140625 0.823060810566
379.06759375 92.268375 29.20246875 42.060296875 0.80876737833
