51--Dresses/51_Dresses_wearingdress_51_739.jpg
12
267.653839111 293.922332764 35.6417236328 44.458770752 0.997131228447
439.977416992 108.918968201 128.019958496 186.843910217 0.995639562607
638.819030762 258.716064453 31.8419799805 39.4730529785 0.992605924606
567.209472656 291.122375488 57.3251953125 70.0637207031 0.99133682251
905.132507324 278.364318848 36.4899902344 43.5789489746 0.988093554974
224.347396851 239.447982788 29.4606170654 37.6287384033 0.986169934273
725.242431641 219.589157104 72.2427368164 93.1668243408 0.982229351997
253.020309448 170.896957397 28.8347930908 35.9681549072 0.982110917568
864.809997559 241.795547485 32.0335693359 40.7990875244 0.97849303484
682.307006836 181.548980713 32.7908325195 41.2132873535 0.95467966795
997.292480469 253.83001709 26.7075195312 41.1968383789 0.948499560356
359.945068359 227.136810303 24.8763122559 34.9605407715 0.809334158897
