40--Gymnastics/40_Gymnastics_Gymnastics_40_659.jpg
11
412.223 480.87 47.5195 62.8506 0.997769
452.218 349.606 45.7487 56.1597 0.99686
613.534 326.382 44.4209 56.9264 0.996418
565.483 162.323 35.6331 46.6999 0.995312
483.985 217.924 36.4512 45.724 0.994298
411.991 185.732 33.9198 46.5089 0.99419
350.209 313.941 41.1823 56.0382 0.993132
285.016 192.969 33.2844 42.929 0.992366
675.085 182.464 36.1847 48.2195 0.990109
232.808 315.439 35.4199 44.8154 0.989408
755.695 296.042 38.3899 48.4598 0.988613
