40--Gymnastics/40_Gymnastics_Gymnastics_40_273.jpg
24
201.692 126.363 32.7836 41.0094 0.997915
389.638 121.836 33.2294 43.2561 0.997724
407.182 77.4179 30.5056 40.8155 0.997693
592.91 126.82 32.073 40.5539 0.997253
754.627 66.5531 30.6886 39.7687 0.996626
487.21 62.2244 29.7627 38.4483 0.995932
692.569 126.243 34.9105 42.3325 0.99589
180.928 229.385 36.7667 46.6195 0.995549
792.703 124.267 34.5144 42.8456 0.99554
316.056 69.4608 31.6329 39.0513 0.995355
489.277 126.877 34.9142 41.0933 0.994979
894.801 127.665 33.5839 43.9979 0.99399
672.104 73.6712 30.4841 38.8921 0.993905
671.534 250.286 36.6414 45.3885 0.993807
827.699 235.678 37.4088 45.7702 0.993641
822.589 57.409 31.7747 42.6851 0.993283
550.264 276.346 34.6917 43.6099 0.991931
98.8912 112.793 36.7384 43.2202 0.991663
298.812 129.095 36.0676 44.3477 0.991106
580.305 76.5165 29.4684 36.5342 0.991008
486.229 261.133 37.1984 46.7335 0.988505
146.976 69.8166 29.7746 36.3867 0.985349
375.268 233.103 37.2136 47.4593 0.98511
231.842 66.1669 29.0959 36.5197 0.983901
