40--Gymnastics/40_Gymnastics_Gymnastics_40_891.jpg
27
520.149 481.316 30.507 38.3817 0.997454
676.056 487.903 31.9661 41.1226 0.997451
184.138 311.837 29.9747 36.6416 0.996873
321.169 294.395 30.5822 38.4562 0.996506
605.708 391.497 30.3097 39.8562 0.99588
259.001 280.065 30.7095 38.5824 0.995048
379.659 287.773 29.8075 37.2472 0.994811
873.157 352.408 31.6219 40.4144 0.994802
456.917 477.709 29.5781 36.9337 0.994635
606.942 485.156 30.96 39.1405 0.99338
450.9 306 28.2652 33.1252 0.992441
547.864 381.313 29.0624 36.3817 0.992036
476.79 385.72 29.3887 35.834 0.991914
696.277 337.489 29.7378 36.4636 0.991899
676.57 393.796 30.8472 39.9862 0.991836
121.733 298.788 31.6877 40.7384 0.991525
581 320.873 26.3658 34.6512 0.989359
387.384 482.989 28.6143 34.3929 0.989133
736.456 498.897 34.5819 44.1223 0.987993
841.676 346.747 28.0032 34.1548 0.987746
762.061 415.222 31.0502 34.3816 0.987575
524.247 304.294 26.7271 34.9122 0.987522
760.767 334.899 28.687 33.9193 0.987161
921.818 359.614 32.1188 41.8085 0.986754
69.1381 305.724 33.7414 40.9059 0.985437
668.91 281.055 31.5776 39.2423 0.981068
822.904 336.658 24.4673 32.0465 0.903081
