13--Interview/13_Interview_Interview_On_Location_13_313.jpg
25
449.835 497.168 30.8666 37.2787 0.995041
828.955 337.116 26.2314 33.546 0.994773
219.115 444.647 28.6421 36.1766 0.99287
879.088 318.98 25.8947 34.3608 0.990927
176.485 372.474 24.8181 31.1602 0.987932
598.025 370.043 27.3719 35.46 0.987368
295.982 475.708 29.425 34.9487 0.984631
308.012 346.576 24.9511 32.5621 0.983527
801.819 362.885 24.879 32.8613 0.981575
773.967 333.28 24.7504 31.6578 0.979062
264.264 356.909 23.8303 29.6325 0.978938
659.693 338.764 24.4757 29.9207 0.976791
658.186 474.386 27.9222 37.1117 0.975229
591.538 477.318 25.1155 32.9355 0.97282
559.294 363.872 25.0444 30.608 0.972804
623.898 341.213 23.1831 30.3692 0.972653
739.552 332.429 24.2516 31.3759 0.944266
37.4553 353.994 25.3454 34.1268 0.943768
115.821 348.849 25.5008 28.6345 0.904938
806.389 320.736 24.5284 29.34 0.903908
360.685 348.235 25.7518 29.9877 0.891908
494.599 363.754 24.3213 28.7363 0.867337
154.464 354.737 20.7433 28.1403 0.847522
961.793 349.901 25.6516 33.3801 0.839427
929.637 344.2 27.7123 33.946 0.820097
