13--Interview/13_Interview_Interview_On_Location_13_401.jpg
12
342.175 229.233 46.4541 61.5838 0.998476
216.661 85.8003 52.2539 63.7698 0.997239
788.73 150.236 45.2709 55.3348 0.996964
659.071 90.8667 38.3539 48.7782 0.994639
533.18 154.978 44.7491 59.7682 0.991829
413.573 113.633 44.3302 56.5733 0.991785
640.427 276.806 47.3932 58.7203 0.991588
571.308 66.8797 37.1152 47.6155 0.989103
481.725 61.9961 38.7849 48.697 0.974718
352.696 149.585 35.7642 43.033 0.968943
373.878 73.209 37.1835 45.223 0.962643
831.034 88.9467 39.851 50.4378 0.909002
