46--Jockey/46_Jockey_Jockey_46_444.jpg
13
408.910583496 170.870895386 34.7023925781 41.4624786377 0.997167646885
218.278930664 339.065856934 34.1379241943 40.0989379883 0.994704544544
615.254272461 138.089569092 35.4644165039 47.0143737793 0.994364261627
315.098297119 149.507095337 34.1644287109 41.758102417 0.993790209293
219.010482788 139.87828064 31.7915344238 38.7967681885 0.993672370911
857.534423828 344.285858154 42.2266235352 52.8981018066 0.993454635143
711.971984863 146.31338501 37.8228149414 48.1502075195 0.992934644222
485.687805176 334.252227783 38.1403198242 47.3710327148 0.992722809315
522.171875 154.195129395 35.4048461914 41.7834625244 0.986191630363
665.559997559 364.280914307 41.431640625 47.0526733398 0.985189497471
344.068817139 332.135772705 40.8988647461 52.8743591309 0.98410230875
814.594238281 134.08241272 35.4700317383 48.0195617676 0.982333660126
99.5947723389 350.952880859 36.948425293 45.5838012695 0.980165481567
