11--Meeting/11_Meeting_Meeting_11_Meeting_Meeting_11_189.jpg
9
195.127359375 387.23253125 30.536859375 37.288125 0.996701180935
17.5593613281 361.4525 11.8033242187 14.8218125 0.99582618475
65.4324882813 367.8805 18.4302773437 22.2093125 0.995780348778
808.3288125 148.619484375 34.9928125 52.08190625 0.991853833199
97.227015625 384.04528125 18.39740625 24.7155 0.988481879234
253.958703125 360.5551875 11.667890625 14.923125 0.971148192883
396.588 391.92609375 15.454 20.1258125 0.959364652634
159.047671875 368.8260625 14.34346875 17.096125 0.90683734417
326.40540625 379.04146875 13.7764375 17.49640625 0.889187455177
