11--Meeting/11_Meeting_Meeting_11_Meeting_Meeting_11_295.jpg
14
121.711585938 447.57928125 66.9103359375 104.12646875 0.999538064003
607.2920625 371.183375 53.3265 63.37815625 0.999500155449
231.96340625 338.36575 28.208671875 33.8385 0.999443233013
690.5904375 291.17840625 22.4105 30.423125 0.998833715916
800.0740625 296.86078125 22.60325 31.33671875 0.997463703156
490.30309375 333.71046875 30.382125 42.171625 0.993966698647
899.1734375 309.67415625 23.7769375 30.99653125 0.99347525835
55.9290898437 338.10115625 35.0238320313 51.52175 0.993190944195
139.45584375 375.8800625 31.0961875 54.14384375 0.986755073071
590.9270625 310.9879375 22.2121875 37.3050625 0.9835755229
443.09871875 219.903703125 16.49234375 20.46296875 0.983181536198
812.2539375 553.411125 60.7784375 110.71625 0.953851282597
791.153875 321.20603125 22.4133125 34.3175625 0.922302424908
503.66409375 235.452859375 12.97375 20.4445625 0.890543878078
