11--Meeting/11_Meeting_Meeting_11_Meeting_Meeting_11_807.jpg
8
775.5716875 95.2553828125 49.5811875 67.3896171875 0.999638199806
555.0911875 27.5953105469 43.2038125 55.9477988281 0.999398231506
408.8479375 77.55378125 48.735125 58.155875 0.999268114567
888.97375 241.2485 72.46675 100.5925 0.999096512794
687.1754375 407.39778125 89.435375 118.55446875 0.998907327652
273.459625 169.18025 66.33496875 43.51821875 0.998597562313
623.9389375 73.0886640625 44.0515625 58.5711328125 0.998401105404
974.08175 183.877765625 49.89425 78.00028125 0.989473283291
