11--Meeting/11_Meeting_Meeting_11_Meeting_Meeting_11_385.jpg
23
360.27834375 153.9220625 16.95196875 23.693203125 0.999809920788
713.4095625 169.9369375 25.6778125 36.0495625 0.999185740948
159.745796875 209.084890625 28.49171875 46.730546875 0.999008476734
830.83225 89.08078125 26.7199375 37.5054375 0.998993098736
941.7286875 248.83378125 52.997375 77.30503125 0.998755097389
768.047875 214.861265625 42.6554375 48.13665625 0.998706102371
658.616625 161.524640625 24.3535625 31.395484375 0.997830927372
280.6233125 180.83234375 22.80734375 33.0738125 0.99647128582
30.76034375 261.155734375 50.7030703125 72.951640625 0.994900286198
832.2533125 220.10665625 39.5744375 44.619375 0.993729114532
959.081125 167.150640625 17.0186875 19.597140625 0.993299484253
910.03925 163.747453125 17.21525 20.460421875 0.992322921753
803.5203125 176.28965625 24.569 36.12884375 0.992023825645
773.6725 146.6911875 12.78525 16.522109375 0.986498594284
296.4896875 168.097578125 20.8976875 28.081828125 0.986463904381
68.9159765625 221.08821875 42.5095390625 59.58415625 0.984674215317
600.095875 146.86021875 12.3915 15.048765625 0.983607470989
385.674 149.315546875 12.43796875 16.1868125 0.983153402805
756.42825 144.7824375 14.01075 18.514109375 0.96508872509
574.794 107.950265625 11.3846875 13.288515625 0.941925764084
1008.37225 166.160203125 15.60375 29.531328125 0.886917710304
453.0965 147.766 12.982 15.7278125 0.852470219135
641.8014375 156.55996875 14.67925 20.463453125 0.842007577419
