11--Meeting/11_Meeting_Meeting_11_Meeting_Meeting_11_529.jpg
14
842.9313125 409.58134375 77.9011875 93.87903125 0.999613583088
665.761875 459.32065625 71.351 92.39246875 0.999575793743
537.7538125 350.18225 66.123375 83.56540625 0.999376237392
8.24900390625 312.40615625 56.4051523438 71.947875 0.998898744583
633.0750625 281.74134375 50.2899375 65.02040625 0.998845458031
66.378828125 231.83396875 33.9991328125 39.58325 0.99877935648
827.61675 317.3729375 52.853375 64.9225 0.998770415783
172.941046875 302.02853125 44.337484375 57.3028125 0.9983907938
457.83125 282.78428125 48.56959375 56.59096875 0.998069226742
354.88609375 400.9825 43.99271875 62.48290625 0.996709465981
420.8521875 123.909117188 36.708125 44.8671484375 0.995699524879
728.6235 293.63821875 32.305 37.60559375 0.995244920254
12.4874589844 249.282859375 46.2902988281 59.505890625 0.986997365952
778.1140625 289.06934375 27.744625 32.89634375 0.976876318455
