11--Meeting/11_Meeting_Meeting_11_Meeting_Meeting_11_339.jpg
8
890.8345 246.6469375 87.580375 126.459125 0.999427616596
670.241 141.133328125 40.479625 63.57628125 0.999376237392
162.077796875 148.32653125 44.512171875 55.405046875 0.998628020287
614.8076875 120.955976562 31.1821875 46.2560234375 0.998301208019
276.735375 139.1046875 34.08275 47.928953125 0.99722725153
455.61403125 121.070289062 28.1456875 38.2353203125 0.993804216385
717.8985625 182.37740625 40.7360625 65.345171875 0.991022348404
139.05409375 212.210515625 30.177671875 54.645578125 0.950342655182
