11--Meeting/11_Meeting_Meeting_11_Meeting_Meeting_11_663.jpg
8
239.879015625 216.24996875 53.926203125 75.52665625 0.998868882656
131.008960938 481.07825 12.8948671875 18.2191875 0.997956037521
57.8413242188 511.3350625 16.4869882812 19.0920625 0.99325221777
81.728609375 508.62603125 12.915015625 15.40065625 0.988847017288
37.5115585938 507.41296875 13.2992890625 17.0305625 0.98669064045
100.645875 479.09003125 13.345359375 18.8336875 0.983428418636
0.768342956543 534.130875 14.6989646606 19.5461875 0.898552954197
27.809125 524.7033125 14.0131367187 19.9616875 0.819185197353
