11--Meeting/11_Meeting_Meeting_11_Meeting_Meeting_11_574.jpg
42
712.494625 321.11315625 31.2324375 38.55059375 0.99938082695
532.2708125 244.011390625 17.1521875 22.039609375 0.998977661133
509.30028125 238.012625 14.19990625 18.469328125 0.998782217503
955.9905625 333.31278125 35.6698125 43.0368125 0.998696267605
850.448625 293.914375 28.8583125 37.08040625 0.998571395874
638.1869375 284.5521875 26.4791875 31.409125 0.99851244688
970.327 289.76259375 30.90125 34.36290625 0.998416185379
453.61496875 220.523546875 15.2671875 20.377234375 0.9980879426
261.9115 298.4230625 22.1324375 28.81590625 0.998030722141
800.7169375 264.99675 23.585875 30.91015625 0.997795939445
353.14565625 236.508109375 17.6148125 21.108625 0.997434556484
197.640703125 290.39571875 24.3851875 29.85296875 0.997146189213
435.32709375 216.3744375 14.90990625 20.7554375 0.997125089169
864.5265625 241.9973125 19.0971875 21.27175 0.996695041656
728.585375 241.017375 15.893125 20.238359375 0.996082901955
303.62809375 258.515875 16.66859375 21.85946875 0.995951533318
348.36646875 301.0639375 24.213375 29.4128125 0.995815098286
567.5329375 199.5758125 12.2898125 14.933734375 0.995332062244
737.6649375 290.07121875 26.5305 30.575625 0.994222223759
43.9078710938 333.21959375 42.6178320313 72.761625 0.991975009441
494.0755 223.032765625 14.3299375 19.203078125 0.988541960716
623.5799375 218.724296875 13.53125 16.68325 0.987361431122
357.7820625 257.331828125 16.62921875 22.852734375 0.985323965549
123.266851562 294.93015625 22.8745234375 27.2939375 0.985087931156
400.0523125 277.0271875 18.9589375 24.492375 0.984048604965
925.68025 220.369390625 17.156625 20.084078125 0.976838469505
592.7955625 231.845328125 13.384375 17.3780625 0.975112259388
527.5390625 206.238265625 11.973125 15.46203125 0.97351282835
918.91825 194.85515625 12.337625 15.856578125 0.970172584057
550.451375 233.61396875 15.192625 19.78453125 0.959027945995
752.7798125 220.014828125 14.34175 17.731515625 0.958616137505
514.9094375 209.871265625 14.3844375 18.0050625 0.958389937878
658.3204375 205.933125 12.094125 15.85978125 0.957098126411
687.903875 261.08328125 21.9670625 30.33521875 0.95106959343
771.018 208.1595 12.5729375 15.110578125 0.950388491154
483.0565 260.194015625 17.16784375 22.932828125 0.94441729784
803.97525 236.98409375 15.747125 19.046734375 0.935126364231
634.95825 188.748203125 11.189375 15.0754375 0.925569653511
930.3546875 204.890921875 14.4210625 16.357046875 0.921914637089
951.1169375 257.915953125 21.545 29.719484375 0.906357347965
554.4596875 198.4116875 11.4760625 15.45034375 0.891789972782
410.773875 236.918359375 16.15065625 19.40934375 0.847718894482
