11--Meeting/11_Meeting_Meeting_11_Meeting_Meeting_11_774.jpg
57
14.6607509766 602.745125 51.1072060547 60.1134375 0.999192178249
234.38034375 413.187875 17.070078125 20.51915625 0.99805945158
449.3224375 437.26828125 19.374625 24.1586875 0.998031795025
743.0398125 396.93825 17.3308125 21.6695625 0.997523725033
349.88221875 418.561375 15.85584375 19.32621875 0.99750572443
393.00071875 411.85553125 16.13375 21.274125 0.997267723083
788.8243125 352.974875 13.7304375 15.99775 0.99712151289
597.9595 405.708625 15.2935 19.97521875 0.996725142002
801.2483125 374.59759375 14.1030625 17.9756875 0.996469259262
302.77215625 423.10365625 17.1299375 23.850375 0.995989739895
819.823 374.6815625 14.3085 16.76584375 0.995288491249
600.266125 441.21378125 22.4844375 29.27821875 0.995089709759
709.19925 414.44446875 18.242 21.15646875 0.994772970676
131.927125 353.06215625 11.51165625 14.155625 0.994662225246
195.21803125 373.80759375 13.972171875 18.34703125 0.993908882141
402.901125 437.023125 23.14709375 30.134125 0.993057250977
426.61765625 408.96009375 15.7074375 18.95465625 0.992840051651
507.76396875 390.50746875 15.45215625 20.63059375 0.991954028606
108.421585937 377.34046875 12.1911796875 14.26959375 0.991108417511
499.39328125 421.54475 18.7415625 24.4138125 0.990423202515
452.2090625 380.0359375 12.29634375 15.13384375 0.990130782127
410.488 359.96384375 12.3789375 15.99384375 0.990112125874
765.1140625 391.13265625 15.5105625 19.4869375 0.988901734352
271.9920625 404.14271875 17.1750625 21.33475 0.98669052124
396.07071875 387.647875 13.52015625 16.1670625 0.984628915787
101.3689375 395.11090625 12.3975546875 16.70578125 0.98382216692
347.86721875 369.91628125 13.8305625 17.7100625 0.98367023468
472.6124375 392.346625 17.34771875 22.6904375 0.977747380733
480.25503125 353.91278125 11.66515625 14.177125 0.976565063
565.1545625 472.1665625 22.823125 28.392125 0.975759804249
828.5374375 392.4655625 13.6525 17.71353125 0.973710000515
479.80490625 372.22140625 12.6991875 15.159125 0.971094310284
625.575125 394.6086875 13.57775 19.3116875 0.969647228718
535.34125 468.8099375 25.194 28.2069375 0.967720508575
144.28375 368.086125 11.986171875 14.5336875 0.966550767422
328.967625 353.41353125 11.06240625 13.84175 0.958232939243
658.3539375 390.86209375 13.5925 16.82809375 0.954186856747
229.209109375 377.47528125 11.97228125 15.17578125 0.941843450069
713.0916875 370.16125 13.375375 16.37375 0.94153881073
422.5053125 387.36265625 12.85253125 15.1605625 0.939571797848
376.3265625 368.53840625 12.17721875 16.4145625 0.933953106403
173.883640625 358.94978125 14.16765625 17.86840625 0.931638896465
321.39490625 374.86184375 13.5929375 15.8085 0.924359619617
271.30290625 351.46825 12.7194375 14.72025 0.915822565556
66.6024140625 379.6735625 13.3617578125 17.5873125 0.912018537521
741.6164375 359.67253125 11.7560625 14.3369375 0.911157786846
296.03440625 389.709875 14.6126875 17.73571875 0.899573385715
844.6133125 366.93578125 12.3115625 14.97421875 0.891913771629
357.06384375 343.50003125 12.2944375 14.9259375 0.884255826473
249.0741875 381.555375 14.7251875 18.41609375 0.882827103138
828.5934375 310.15275 11.676875 14.1615 0.861154556274
732.36325 346.13384375 10.8553125 12.93571875 0.855984508991
200.02490625 346.722 13.048 16.0538125 0.849528253078
544.6281875 345.21428125 11.2354375 13.20240625 0.842469513416
101.8461875 354.431 13.702453125 16.993875 0.835340857506
648.8325625 451.96753125 14.4774375 19.42878125 0.815761625767
306.42896875 361.380375 12.8290625 15.38353125 0.814584493637
