4--Dancing/4_Dancing_Dancing_4_41.jpg
12
598.155 105.16 53.5998 70.9404 0.998406
130.687 376.471 15.4887 20.5809 0.997988
196.399 393.711 16.8046 20.2371 0.995468
57.1676 364.408 15.9096 20.2613 0.994689
20.2533 402.351 22.9916 27.7439 0.994688
550.218 99.8914 44.3441 80.0154 0.993595
255.547 385.685 16.9999 20.7017 0.984887
95.6675 400.911 22.3421 29.2833 0.98183
38.5709 382.198 17.9118 22.6699 0.977477
229.451 370.959 14.5167 18.2798 0.967424
103.718 352.518 16.4162 19.9382 0.892823
152.419 399.493 17.8585 22.7054 0.854191
