50--Celebration_Or_Party/50_Celebration_Or_Party_birthdayparty_50_43.jpg
14
485.774 443.295 45.8032 56.5803 0.999536
352.255 416.614 45.0721 55.8008 0.998971
206.249 266.069 43.6956 58.2774 0.998715
625.623 407.476 45.615 56.0518 0.998509
581.581 42.5759 37.5456 42.6334 0.995838
520.049 258.098 37.085 46.1695 0.995305
773.121 411.892 42.4409 56.1289 0.995052
641.337 256.027 36.2962 43.9473 0.994655
396.32 262.288 38.3662 46.587 0.994647
298.714 114.28 39.2588 48.2112 0.99371
752.92 244.518 39.069 47.5721 0.992432
461.944 96.9668 33.6679 43.2618 0.987117
714.374 96.1938 36.306 43.8252 0.986587
199.025 73.084 43.6403 55.1395 0.982387
