50--Celebration_Or_Party/50_Celebration_Or_Party_birthdayparty_50_18.jpg
13
131.634 402.186 29.4214 42.6205 0.999129
848.063 377.181 24.9918 32.4409 0.99871
233.119 376.643 26.3725 31.9308 0.998422
808.515 349.328 18.6545 22.5269 0.997148
334.312 365.146 25.6021 30.6236 0.997118
611.821 343.924 22.238 28.8633 0.994465
764.216 399.697 21.842 31.7172 0.990429
639.754 341.88 19.8609 21.8411 0.985997
664.413 398.794 22.295 32.0986 0.984105
394.636 368.327 21.4672 29.9009 0.981153
545.403 355.554 19.7335 23.1469 0.980578
716.404 331.859 21.7395 29.1841 0.955483
468.26 355.248 16.0056 24.2751 0.837083
