50--Celebration_Or_Party/50_Celebration_Or_Party_houseparty_50_17.jpg
11
721.142 352.859 72.1775 93.0864 0.999586
383.58 389.948 67.1205 91.4075 0.999505
497.429 390.439 65.3577 78.0403 0.999106
810.91 106.653 57.8176 70.211 0.999074
29.2819 398.555 91.8642 119.311 0.999044
645.334 138.086 52.5467 70.6405 0.998761
353.41 157.745 56.1957 67.3401 0.99855
195.035 390.726 76.5152 102.531 0.998424
222.132 59.7489 64.0471 81.9489 0.997972
474.502 99.0075 55.9161 82.6594 0.996449
924.356 385.379 86.0807 106.257 0.995937
