50--Celebration_Or_Party/50_Celebration_Or_Party_birthdayparty_50_75.jpg
11
237.383 385.619 31.1517 36.4687 0.997201
404.694 198.434 89.6254 108.866 0.995764
116.522 605.875 29.5987 33.4118 0.995321
174.708 387.158 31.3853 33.8706 0.993513
236.289 455.373 32.3424 39.5329 0.993148
54.7205 457.333 31.8214 35.1147 0.98934
115.211 384.188 29.6491 33.2292 0.989143
178.541 599.36 30.2871 36.6598 0.986545
49.8139 602.117 35.6956 44.2131 0.976141
157.647 472.972 16.2407 20.2966 0.948686
48.4946 529.487 35.2268 38.8655 0.866432
