61--Street_Battle/61_Street_Battle_streetfight_61_276.jpg
20
198.845428467 62.3088188171 27.0020141602 35.2624015808 0.992543578148
312.360900879 21.1884841919 29.0717163086 37.871181488 0.990647494793
254.40222168 47.3077354431 26.1491088867 34.3452186584 0.990570187569
7.99524116516 52.4312362671 25.2214107513 31.7780227661 0.988387286663
522.931030273 37.2478637695 27.626159668 32.3612060547 0.985271930695
64.2455444336 125.129837036 27.51197052 34.5367736816 0.984517633915
636.278686523 38.3486709595 26.6929321289 32.3152999878 0.983602404594
937.859802246 29.1496086121 28.2608642578 32.5807991028 0.983506500721
779.790649414 44.5860710144 25.8167114258 32.3425483704 0.981049835682
345.635803223 64.3719711304 25.0652770996 29.8564071655 0.980327427387
809.970458984 22.1198749542 25.4190673828 30.5739612579 0.979892492294
50.7988357544 77.5140991211 25.9636688232 30.7250747681 0.979064285755
151.501724243 60.4953765869 26.1716461182 32.8748168945 0.976668894291
671.04119873 41.1017684937 24.6318969727 30.4544372559 0.973173975945
583.455688477 36.2792892456 26.6911621094 30.5642471313 0.966180503368
391.041534424 38.9882736206 26.5513916016 30.8825302124 0.944932818413
173.274597168 45.3994979858 24.679107666 31.1519851685 0.944831371307
439.199310303 54.8873176575 26.267578125 28.5845298767 0.917231023312
124.222015381 46.9748764038 25.411605835 28.5906448364 0.907979547977
960.645690918 32.1125144958 22.1638183594 28.5456542969 0.873895704746
