61--Street_Battle/61_Street_Battle_streetfight_61_12.jpg
9
494.424407959 212.748657227 34.7369689941 42.6182556152 0.995548248291
599.78918457 153.624359131 69.03125 93.3925170898 0.993599057198
223.975997925 259.328857422 32.7604980469 40.5875854492 0.993164360523
408.745269775 199.169845581 63.516998291 95.3807830811 0.992043316364
156.819351196 243.866287231 30.6476898193 37.2210235596 0.991644918919
15.4600868225 143.384307861 75.516254425 94.7684326172 0.976883292198
260.609313965 278.928344727 25.9598388672 31.2720336914 0.966230332851
90.0559768677 228.615982056 40.4274520874 46.8196563721 0.903878986835
728.942626953 114.099472046 68.943359375 96.626449585 0.896533429623
