44--Aerobics/44_Aerobics_Aerobics_44_852.jpg
14
387.035675049 276.536437988 39.4863586426 43.2045898438 0.995882630348
438.564331055 254.172561646 29.4204101562 34.422744751 0.993829190731
697.01550293 259.080749512 43.1048583984 53.0457763672 0.993331968784
236.836730957 258.509216309 26.6462402344 31.8424987793 0.989578783512
121.029647827 291.337799072 26.6304931641 37.3206176758 0.987280070782
486.975646973 230.464401245 24.0048522949 30.0341033936 0.978150486946
265.340362549 240.557647705 22.947265625 30.8191833496 0.956948637962
943.989196777 201.64553833 21.5443115234 26.7511901855 0.925669133663
326.931274414 223.60987854 22.577911377 28.3347015381 0.896836638451
349.29397583 214.588760376 16.0024414062 19.33203125 0.889020204544
190.388793945 237.062271118 16.581451416 20.5039520264 0.849730014801
909.602661133 191.507247925 16.3180541992 19.8015289307 0.830220282078
222.284118652 224.448913574 16.9532775879 21.2851409912 0.808517098427
92.3756637573 257.104370117 22.3468322754 26.5247192383 0.804932773113
