44--Aerobics/44_Aerobics_Aerobics_44_916.jpg
10
517.290771484 313.944152832 48.7647705078 60.1319274902 0.998258292675
700.05456543 300.803192139 51.321105957 58.024810791 0.997032999992
790.070678711 201.363937378 44.8597412109 51.7910614014 0.995822310448
369.810821533 198.366424561 45.6192626953 55.9058685303 0.994585692883
249.302764893 310.312988281 47.9325256348 56.6513671875 0.991762518883
492.120574951 66.8304443359 46.2445983887 61.0547637939 0.989727914333
131.450668335 201.899337769 46.313949585 57.9624786377 0.983428776264
617.723632812 202.626831055 43.9862060547 53.4018707275 0.954883337021
488.79699707 190.49407959 34.892578125 45.0838012695 0.913591206074
341.808654785 184.12348938 36.2733459473 48.7302398682 0.896977186203
