8--Election_Campain/8_Election_Campain_Election_Campaign_8_118.jpg
16
292.387542725 166.880523682 54.1095275879 70.0391998291 0.998718500137
889.10345459 330.928771973 58.4163208008 79.1363220215 0.998462915421
405.674346924 207.067169189 70.844329834 86.8326416016 0.996547758579
715.050048828 367.939239502 104.384643555 134.897186279 0.995238423347
649.550598145 200.341369629 37.5108642578 44.1164398193 0.993415236473
530.502868652 167.566558838 37.9373168945 46.0976257324 0.990131139755
214.118057251 190.742263794 43.9173431396 54.3195037842 0.984041213989
692.701538086 242.878662109 86.0015869141 120.544342041 0.974645614624
995.400146484 238.861572266 28.5998535156 37.435333252 0.969433188438
534.27331543 299.076782227 63.4820556641 100.57623291 0.953961491585
360.669586182 172.663238525 46.1909484863 62.0124664307 0.946449398994
156.595550537 205.70274353 48.8016052246 60.087600708 0.944887816906
139.616928101 190.879226685 50.9776306152 66.4800872803 0.942642509937
957.026000977 274.428009033 38.4464111328 44.4764709473 0.900201141834
213.629348755 282.32220459 34.6130981445 48.3907470703 0.877488553524
886.347717285 228.748535156 25.6423339844 41.2853088379 0.829692184925
