8--Election_Campain/8_Election_Campain_Election_Campaign_8_412.jpg
33
901.205932617 353.013519287 31.8635253906 42.7836914062 0.985587954521
809.479980469 139.025985718 27.3822631836 34.2835083008 0.98151576519
425.617279053 423.737121582 32.8304443359 44.041015625 0.975215673447
691.71697998 446.995330811 42.2160644531 58.9631652832 0.974087655544
967.76385498 535.581665039 34.5367431641 46.6480712891 0.964658200741
963.60760498 206.185424805 31.1841430664 35.5197296143 0.962200462818
301.731048584 564.36517334 45.1039733887 64.6891479492 0.961379170418
250.089401245 170.808883667 26.5831451416 34.9013977051 0.954907894135
976.931396484 261.0909729 29.7709350586 38.6932067871 0.949200749397
278.888580322 488.337280273 29.4348449707 38.4778442383 0.949082911015
141.595397949 301.792053223 29.7891387939 39.549407959 0.940907597542
639.640014648 425.97869873 37.3748168945 45.6741333008 0.928244113922
272.343353271 258.107208252 29.9875183105 37.1358337402 0.92283397913
933.415283203 317.675994873 29.333984375 37.5521850586 0.92275673151
546.077087402 142.977966309 28.8643798828 33.3190002441 0.921523988247
616.985107422 289.06036377 28.1406860352 36.7349853516 0.919445693493
232.836257935 71.6341171265 15.2055511475 19.2579269409 0.919107139111
5.19050884247 263.419128418 33.4207391739 39.0402526855 0.903186738491
623.954589844 387.793701172 32.8341064453 43.0458068848 0.898453891277
168.712142944 246.472717285 25.0232696533 35.5624694824 0.897489011288
304.756347656 13.4912395477 13.6948242188 17.5476589203 0.884888529778
726.14239502 500.121002197 35.4651489258 46.9839172363 0.879921197891
768.044250488 591.915771484 49.0993652344 59.8379516602 0.87623667717
401.510803223 373.692169189 24.1449584961 31.9262695312 0.870635449886
640.061706543 304.83706665 32.1831054688 40.359954834 0.867279827595
486.197113037 256.735900879 36.1604919434 41.5705871582 0.856670200825
347.553771973 178.642532349 24.5592956543 31.6528320312 0.855877459049
862.621704102 457.584381104 35.2631225586 42.2446594238 0.848521471024
978.297607422 318.877990723 31.2316894531 41.5885620117 0.847064554691
768.856506348 431.517059326 31.1608276367 49.869140625 0.825474262238
359.857208252 233.492050171 27.8226928711 35.9120025635 0.825408279896
337.889556885 398.772979736 34.2336730957 45.9281921387 0.819863200188
15.9037332535 511.554199219 32.297961235 47.6740722656 0.800760447979
