1--Handshaking/1_Handshaking_Handshaking_1_579.jpg
53
649.164 277.382 31.6292 42.7997 0.998296
586.23 250.624 27.9342 36.8116 0.996043
676.172 365.323 34.0229 43.5235 0.993704
749.418 304.554 27.9668 35.5067 0.991757
775.567 353.029 29.3564 40.3756 0.991396
271.661 214.294 26.1669 35.7165 0.991384
624.994 236.015 24.9796 33.5353 0.990191
583.455 319.174 34.8969 43.152 0.988744
498.53 409.519 33.5276 42.6358 0.986415
530.483 313.964 26.8721 34.9933 0.985801
859.367 256.218 26.4955 35.8714 0.982171
597.435 421.745 32.1985 39.1187 0.980938
881.91 273.829 31.0626 39.7457 0.978216
528.901 239.535 23.3778 28.7948 0.977263
470.781 349.701 28.605 36.5121 0.974149
940.222 430.184 34.6941 41.5206 0.970278
384.543 279.251 23.5052 30.3234 0.966192
1003.83 230.57 29.4528 36.5722 0.965455
859.046 343.647 35.8927 44.6419 0.962589
440.089 310.012 26.7496 34.5567 0.958959
147.397 314.545 32.6723 39.145 0.957798
398.004 382.53 31.6276 37.3312 0.951437
235.62 198.807 25.2296 29.817 0.948905
788.122 412.793 34.8116 41.6223 0.944872
25.914 201.768 25.7314 33.5665 0.940589
493.399 285.86 25.5217 30.4449 0.935032
149.613 203.131 25.9687 30.5932 0.934358
171.794 283.107 23.2793 29.5422 0.933394
415.033 333.053 32.7319 36.9913 0.928944
76.7764 359.71 32.6234 38.0474 0.928031
8.12931 392.424 36.8206 41.0749 0.926624
636.532 197.405 24.1287 30.2712 0.915831
891.687 173.058 24.5331 32.9195 0.91172
144.728 85.668 13.562 17.4377 0.906123
442.175 132.779 15.4702 19.9908 0.886094
737.906 191.311 24.1887 29.9197 0.874526
116.596 253.104 25.8034 29.6995 0.874023
32.1126 161.427 23.009 28.5109 0.866601
887.396 143.914 16.6539 20.6072 0.863299
387.008 74.0809 12.7245 16.112 0.86018
305.927 258.902 23.998 28.5678 0.850832
531.773 195.618 21.6709 28.6946 0.849147
89.2183 209.571 23.8583 29.7878 0.846687
839.711 140.192 16.3612 20.8366 0.844505
475.311 134.529 12.6107 16.4723 0.841889
3.71541 257.774 21.7409 29.4865 0.838785
425.424 97.2895 12.966 16.6924 0.832181
179.397 314.691 26.9747 31.0594 0.829606
736.045 144.68 15.4487 20.2184 0.819085
828.5 240.806 25.658 32.3193 0.812025
961.197 110.801 14.4165 18.2783 0.811283
497.744 201.385 20.9094 27.7596 0.806566
129.85 152.763 21.9505 28.0694 0.804753
