56--Voter/56_Voter_peoplevoting_56_819.jpg
9
752.1626875 213.760828125 40.5446875 46.775109375 0.998466789722
600.4369375 394.93940625 44.776375 55.55790625 0.998404920101
113.991734375 428.90925 46.696 55.0629375 0.998309254646
276.0754375 615.0835625 48.17025 59.4725 0.997928142548
857.9086875 223.498203125 43.7484375 53.224421875 0.997877597809
482.90665625 443.9109375 36.95059375 41.326875 0.997674286366
644.5328125 196.407671875 44.8699375 53.189265625 0.997532486916
290.360125 353.12184375 41.4711875 46.7265 0.997530758381
390.5340625 469.62409375 35.692625 45.1628125 0.995088279247
