56--Voter/56_Voter_peoplevoting_56_122.jpg
20
440.25515625 37.756125 29.09959375 37.993296875 0.998931825161
403.35775 9.22542675781 27.926625 34.2408779297 0.997255504131
687.1835625 47.9105429688 42.4111875 64.0178164063 0.996443688869
81.3484921875 68.7163046875 38.6504765625 43.4788125 0.995620667934
935.1564375 75.4574921875 41.290875 62.0112578125 0.995512902737
558.879125 80.7668203125 33.7598125 49.661640625 0.994801402092
420.99596875 136.141140625 28.58965625 36.12509375 0.993577301502
901.416625 30.5001367187 34.9069375 51.7075664062 0.993304789066
836.912625 61.1212617187 37.201 49.2307851563 0.992839217186
531.313375 13.9269697266 29.5210625 33.3713896484 0.990153968334
296.331375 14.5717392578 23.42709375 32.8658623047 0.986579477787
485.4774375 19.1821171875 31.0025625 37.463375 0.986313819885
348.46675 29.2312675781 27.606 33.4344785156 0.986293792725
483.44159375 5.270140625 27.40278125 36.296515625 0.980104088783
614.612125 56.171546875 33.9204375 44.8153828125 0.974539637566
210.2328125 33.4252421875 26.109515625 33.1733125 0.965603291988
962.02775 13.6388535156 32.0888125 42.8486386719 0.961949110031
698.37775 361.54721875 63.5184375 62.2573125 0.902453541756
897.351375 82.8716953125 25.7969375 36.755296875 0.827516555786
663.3106875 0.0 26.5503125 31.3442910156 0.809248209
