56--Voter/56_Voter_peoplevoting_56_260.jpg
16
277.539 157.858046875 37.91971875 45.974484375 0.997778594494
909.6365 427.92959375 30.9949375 41.5016875 0.996778428555
25.1984570313 213.38021875 30.50509375 38.669953125 0.996314227581
946.89675 220.836453125 25.848 34.516953125 0.996211647987
837.5065625 322.18315625 28.9100625 36.441375 0.995727956295
684.72575 151.41146875 47.727 49.495828125 0.995660722256
930.6750625 319.97278125 27.144875 34.45825 0.995129823685
56.2575742188 39.2596132812 31.1527148437 41.2768867188 0.995095610619
469.6554375 127.69675 43.07021875 55.562359375 0.993968367577
1003.3764375 431.45578125 20.5995625 37.97425 0.993848502636
856.8644375 217.987359375 29.052625 35.764265625 0.993350446224
41.5326328125 312.8174375 28.802546875 36.1629375 0.992210745811
847.656375 418.9356875 29.1916875 35.0688125 0.991097331047
65.2074140625 120.814601563 27.0104296875 33.3923671875 0.990052640438
930.2880625 123.884867188 27.2401875 34.4868515625 0.987809062004
0.0 415.69096875 18.9608046875 37.06334375 0.966960549355
