56--Voter/56_Voter_peoplevoting_56_268.jpg
27
243.431328125 280.16546875 34.183234375 39.00078125 0.999342978001
741.974375 227.3163125 28.0718125 37.1218125 0.999271810055
390.8021875 253.86015625 29.91146875 40.23659375 0.998971939087
803.829625 218.36340625 26.291 34.52621875 0.998706698418
631.6161875 193.232921875 18.5171875 20.69921875 0.998640358448
863.2115 230.220421875 23.9575 31.4974375 0.998407542706
660.34925 216.764 29.473 38.51571875 0.997147500515
471.85984375 219.715703125 27.3601875 29.689640625 0.99685138464
410.28978125 195.646890625 13.7203125 16.68040625 0.995200395584
514.1445625 212.81009375 16.6764375 21.186375 0.992076516151
370.24965625 178.672625 12.43959375 16.248625 0.989650130272
261.98425 226.159125 20.697625 22.516234375 0.983445227146
334.523625 230.13825 23.31103125 30.507109375 0.982506036758
24.902734375 182.384 14.6970039062 17.69578125 0.979409813881
678.62275 193.257140625 16.1090625 20.57434375 0.976987600327
137.93034375 218.733515625 20.23240625 22.4375625 0.973171830177
415.8155 222.5578125 22.1028125 29.987109375 0.968643069267
299.05721875 211.95003125 18.30475 19.270921875 0.966036975384
392.8941875 185.39103125 13.70284375 17.95128125 0.965298473835
126.39365625 190.401921875 13.64453125 17.5329375 0.958467721939
222.227828125 202.54865625 17.62134375 22.794890625 0.955349087715
354.8169375 202.216078125 16.62625 18.799828125 0.946221470833
614.3980625 244.661375 17.1291875 22.0788125 0.941477835178
74.5428828125 185.914078125 13.11528125 15.807421875 0.913405478001
938.350375 205.8985625 22.978 27.188046875 0.893248856068
110.235320312 183.553953125 12.51553125 15.4118125 0.842448294163
829.095375 222.51140625 22.461125 27.221 0.822174429893
