56--Voter/56_Voter_peoplevoting_56_344.jpg
12
178.5794375 83.56375 18.430921875 21.8521953125 0.999117553234
979.839125 70.66946875 16.17775 20.3801484375 0.998910784721
309.96940625 54.9533984375 20.1030625 25.5457890625 0.998796820641
462.79834375 86.5658203125 19.64409375 22.3459375 0.996422171593
800.387625 93.1579453125 16.0523125 21.19525 0.994844079018
891.9475625 83.419328125 15.8683125 19.3436875 0.989070534706
379.55890625 87.7660234375 17.13396875 19.9342265625 0.987439990044
94.9002421875 56.275390625 19.24890625 24.5360859375 0.985565841198
208.80484375 76.6176953125 20.731765625 22.6995390625 0.981086790562
553.9569375 78.834671875 18.429875 20.4753984375 0.965091466904
700.5310625 67.076109375 20.172 23.1600703125 0.957696139812
63.580015625 80.3949140625 13.9400078125 20.31028125 0.957621574402
