25--Soldier_Patrol/25_Soldier_Patrol_Soldier_Patrol_25_1029.jpg
15
255.629745483 360.302124023 57.7938079834 70.3831481934 0.999144792557
121.334648132 437.442871094 61.8599319458 78.1558837891 0.999127686024
155.918182373 199.929733276 48.0687103271 59.1226043701 0.996971964836
554.009277344 328.959655762 32.8555297852 40.590637207 0.99387794733
611.483459473 297.263122559 37.3597412109 44.3172302246 0.992290198803
661.077514648 310.844085693 36.5112915039 44.0213928223 0.990472555161
513.458251953 384.696014404 44.3928833008 67.9177856445 0.989806473255
579.111083984 143.889450073 32.32421875 41.7242279053 0.988462865353
457.351104736 178.796539307 48.2682800293 55.7180023193 0.98083293438
657.97442627 194.893203735 25.9180297852 36.6454772949 0.963413417339
500.270507812 183.243225098 32.4288330078 45.1819458008 0.955923497677
874.651123047 172.077590942 42.1024780273 43.7226867676 0.949803888798
250.762069702 184.59552002 40.1429595947 46.2958984375 0.927410125732
735.735839844 144.327880859 57.4556884766 77.801574707 0.884244859219
716.794006348 186.439086914 37.7243041992 47.1449890137 0.83496260643
