20--Family_Group/20_Family_Group_Family_Group_20_282.jpg
8
464.836242676 265.734283447 23.2887573242 30.7530822754 0.98458558321
699.89440918 266.335876465 28.6172485352 37.5152282715 0.982358157635
62.5970001221 357.065765381 32.390953064 53.0283813477 0.981950998306
340.305664062 280.272918701 27.1494445801 34.3843688965 0.977792620659
135.419525146 331.057525635 48.0683441162 51.1102905273 0.976142764091
275.84161377 303.619415283 27.2099304199 39.8631286621 0.971887290478
389.252075195 272.668670654 23.1390991211 31.3374938965 0.97150593996
815.473876953 300.262054443 32.0235595703 33.7949829102 0.970122456551
