20--Family_Group/20_Family_Group_Family_Group_20_914.jpg
12
457.81149292 202.805633545 32.6535949707 41.1466522217 0.993086338043
525.901733398 287.187042236 29.2409057617 36.6094055176 0.98851275444
815.673522949 164.193695068 27.5109863281 34.1113586426 0.985590815544
590.731872559 230.515930176 26.5556030273 33.4438476562 0.983111560345
231.182388306 194.095352173 26.1939239502 32.5616912842 0.981979131699
158.678482056 119.265556335 27.1189880371 33.0530776978 0.977800905704
630.352478027 226.526733398 26.0886230469 32.6205749512 0.970916509628
601.422180176 369.426605225 27.62109375 31.4083557129 0.950715005398
263.062805176 256.675354004 24.0628967285 31.8679199219 0.947907209396
386.274932861 313.539215088 31.0049438477 41.8317871094 0.944780409336
860.844909668 173.665435791 28.90234375 32.6506347656 0.943691849709
144.617263794 172.059844971 26.8047790527 30.1750030518 0.873777031898
