20--Family_Group/20_Family_Group_Family_Group_20_294.jpg
24
653.632141113 216.515350342 31.4765014648 40.3121490479 0.996739208698
483.837768555 206.213439941 33.4559326172 43.1214599609 0.996673583984
463.147460938 303.271606445 32.5436706543 38.5631713867 0.99662566185
651.045410156 360.477203369 33.1263427734 39.7543029785 0.996329843998
563.003662109 275.642364502 32.2406005859 39.4124450684 0.994713962078
742.534423828 246.317657471 32.4761962891 44.1144104004 0.9945525527
173.053359985 181.626663208 34.6434173584 41.3382720947 0.994067668915
395.357086182 183.650741577 33.3775024414 41.3101806641 0.993513286114
841.967651367 254.698455811 33.469909668 39.520904541 0.993056774139
792.32623291 188.659332275 33.5946044922 44.116897583 0.99287956953
700.043151855 195.563095093 30.9613037109 39.4478149414 0.992775440216
135.241149902 389.594940186 39.0173950195 46.3353271484 0.991884708405
239.44543457 335.067321777 30.0474243164 37.5463562012 0.9914457798
213.382781982 234.684814453 39.0029754639 46.717590332 0.99122262001
581.985595703 228.171340942 30.3075561523 35.9083099365 0.990709066391
381.747344971 223.779998779 34.1915588379 43.714050293 0.990113854408
350.758453369 231.405166626 39.291595459 48.3688812256 0.989883124828
677.79486084 258.069122314 31.907409668 39.5769958496 0.989376187325
775.719909668 271.904388428 33.9481201172 40.9887084961 0.987730562687
386.439422607 314.031921387 32.2650146484 36.2035217285 0.987597286701
550.193603516 361.353790283 29.1260375977 35.4231262207 0.981376469135
278.410827637 218.481933594 37.2352600098 44.1738891602 0.973305761814
535.769104004 177.122131348 31.0443725586 37.1844787598 0.965250194073
118.289421082 262.274475098 28.6132888794 33.2810974121 0.832968056202
