20--Family_Group/20_Family_Group_Family_Group_20_556.jpg
19
120.49747467 313.705963135 47.1686782837 59.4020080566 0.997704207897
431.527954102 257.160125732 46.0041503906 60.9058837891 0.996748805046
127.901733398 243.07963562 48.5950164795 61.1352081299 0.995836853981
931.981628418 236.731674194 43.6582641602 55.6060638428 0.995231807232
623.418212891 269.106933594 42.2995605469 55.2770996094 0.994010090828
239.189468384 296.176116943 36.1475982666 45.3635559082 0.993793606758
503.718353271 281.590362549 39.8202209473 48.1106567383 0.99190568924
270.074371338 325.579833984 46.1044006348 56.9434204102 0.991322994232
414.739074707 359.394287109 44.8693237305 53.4179382324 0.990684747696
180.244873047 233.283432007 43.2108154297 58.474899292 0.990651011467
349.883239746 315.941131592 35.2117919922 43.3204040527 0.989382743835
728.91973877 354.702148438 44.2277832031 54.9474182129 0.987647771835
777.354003906 267.242584229 34.7562255859 38.9353942871 0.987222015858
602.670166016 430.577545166 45.4395141602 53.9754333496 0.986924886703
672.496948242 255.854812622 38.6016845703 47.2206268311 0.983052015305
358.047790527 263.052642822 39.9898681641 45.7620239258 0.978058218956
743.798217773 234.722854614 38.7529296875 46.4408111572 0.961862206459
699.446838379 494.573242188 46.3544921875 54.8318481445 0.910908281803
206.321472168 490.940307617 48.4124298096 58.0072631836 0.860855579376
