20--Family_Group/20_Family_Group_Family_Group_20_544.jpg
8
638.986572266 320.848358154 57.5003051758 71.9891662598 0.999348700047
383.726623535 122.648468018 65.9866333008 86.5074768066 0.997881352901
693.115356445 252.361206055 72.4368896484 88.5663146973 0.995552718639
146.571411133 105.874595642 66.0162506104 91.3927993774 0.995326519012
560.547729492 83.1917800903 70.805847168 94.8349227905 0.991676568985
257.194610596 43.5960235596 73.0770568848 92.7198028564 0.989987075329
846.209289551 104.277374268 72.6505737305 95.718963623 0.989825963974
705.492370605 55.59217453 68.8746948242 96.2030982971 0.988762438297
