20--Family_Group/20_Family_Group_Family_Group_20_411.jpg
8
599.176696777 384.557891846 56.5590820312 69.7005310059 0.999269664288
763.382019043 401.893676758 51.2078857422 64.6636047363 0.999072194099
322.274902344 404.289855957 56.4732971191 70.2008361816 0.999063551426
481.032043457 392.417449951 58.0532226562 67.8825073242 0.998845815659
673.881164551 77.0074005127 65.8681030273 82.1368255615 0.9987424016
527.811645508 91.4680099487 65.3208007812 77.9438552856 0.99811065197
364.586181641 65.0867462158 57.999786377 79.8809509277 0.997686982155
219.159713745 396.986450195 53.4837188721 66.3015136719 0.997452795506
