20--Family_Group/20_Family_Group_Family_Group_20_62.jpg
22
627.79498291 169.780700684 36.2448730469 47.3590240479 0.997729837894
335.096740723 130.064819336 36.6541748047 46.2856140137 0.996877670288
560.381958008 309.579803467 35.7620849609 45.3309631348 0.996834933758
415.26171875 137.130081177 34.3202819824 45.6918029785 0.996505975723
644.929504395 306.742248535 33.4657592773 42.246887207 0.996464252472
536.318664551 169.261550903 35.4545898438 46.0546417236 0.995984196663
446.97543335 168.880355835 37.7605895996 46.6717987061 0.995669484138
717.328063965 139.993789673 34.9607543945 46.2870635986 0.99496871233
630.340881348 386.147735596 31.5880737305 38.1300048828 0.994732618332
441.199584961 244.496154785 39.3356933594 46.2815246582 0.994527041912
239.693023682 125.6434021 35.198638916 45.8800506592 0.994491219521
516.156982422 135.256576538 31.1080322266 41.8867340088 0.993731021881
106.666381836 106.998245239 40.4813537598 48.0632171631 0.991513311863
838.751281738 152.301300049 32.9175415039 44.4214019775 0.991217911243
307.554016113 175.747833252 37.4530944824 46.3079223633 0.991162657738
762.743835449 188.273895264 36.4431762695 44.961730957 0.990537881851
621.90625 126.873855591 31.6942749023 43.1007385254 0.989630639553
865.578063965 207.880340576 38.734375 47.8047180176 0.98869073391
240.569259644 220.999588013 40.6310882568 45.8548736572 0.987492442131
365.944152832 205.615402222 29.6097412109 36.8243408203 0.982104957104
190.678741455 168.620559692 40.2385253906 47.0994262695 0.971112310886
722.816162109 237.344726562 31.2654418945 38.1607055664 0.942224740982
