40--Gymnastics/40_Gymnastics_Gymnastics_40_171.jpg
9
485.280426025 328.093780518 96.1368713379 129.965240479 0.993789851665
894.092712402 1307.12585449 36.1541137695 46.5649414062 0.985459327698
784.313842773 1336.40014648 28.5438232422 37.5260009766 0.966836035252
690.846496582 1180.30639648 28.9722290039 36.5555419922 0.902144253254
271.170135498 1178.88317871 28.4689025879 39.2855224609 0.881694018841
696.927978516 1301.3260498 30.828918457 42.4510498047 0.848548650742
95.7978820801 1320.57946777 27.2048187256 37.4468994141 0.84645485878
886.068847656 1054.26782227 25.0603637695 31.359375 0.840406894684
940.908325195 1169.17822266 28.7172241211 37.8546142578 0.804016828537
