40--Gymnastics/40_Gymnastics_Gymnastics_40_273.jpg
24
201.692016602 126.36315918 32.7835540771 41.0093841553 0.997914612293
389.638397217 121.835517883 33.2294311523 43.2561416626 0.997723758221
407.18157959 77.4178619385 30.5055847168 40.8154907227 0.997693240643
592.91003418 126.819694519 32.0729370117 40.5539169312 0.997253239155
754.627075195 66.5531387329 30.6885986328 39.7686920166 0.996626138687
487.209777832 62.2243690491 29.7626953125 38.4482460022 0.995932400227
692.568847656 126.243080139 34.9105224609 42.3325119019 0.995890438557
180.927688599 229.385070801 36.766708374 46.6194763184 0.995548844337
792.702575684 124.266578674 34.5144042969 42.8455581665 0.995540082455
316.05557251 69.4607772827 31.6328735352 39.0513458252 0.995354533195
489.27746582 126.87739563 34.9141845703 41.0933074951 0.994978964329
894.800964355 127.665313721 33.5838012695 43.9979095459 0.993990063667
672.104125977 73.6712036133 30.4841918945 38.8920974731 0.993904531002
671.534118652 250.285995483 36.6413574219 45.3884735107 0.993807137012
827.69934082 235.67779541 37.4088745117 45.7702331543 0.9936414361
822.588867188 57.4089889526 31.7747192383 42.6851425171 0.993282556534
550.26361084 276.345733643 34.6917114258 43.6098937988 0.991930544376
98.8911437988 112.793083191 36.7383880615 43.220161438 0.991663217545
298.811950684 129.094589233 36.0675964355 44.34765625 0.991105854511
580.305236816 76.5165023804 29.4683837891 36.5342178345 0.991007983685
486.22857666 261.13269043 37.1983642578 46.7335205078 0.988505363464
146.975891113 69.8166275024 29.7745819092 36.3866882324 0.985349476337
375.267944336 233.102706909 37.2136535645 47.4593048096 0.985109806061
231.842391968 66.1669311523 29.0959014893 36.5196838379 0.98390096426
