53--Raid/53_Raid_policeraid_53_445.jpg
8
531.09753418 271.842102051 104.756225586 148.672698975 0.994513869286
367.124450684 130.729537964 49.586517334 59.5055847168 0.989002227783
118.916557312 164.70980835 47.6960525513 61.8055419922 0.987550795078
762.436828613 160.497619629 43.703125 54.6987304688 0.979857623577
208.598556519 199.126205444 46.2227325439 56.1549072266 0.978473424911
976.714599609 156.455490112 37.0662841797 48.9819030762 0.97778314352
611.806091309 147.373245239 45.7854003906 59.4575500488 0.971818029881
821.178710938 130.848846436 47.133605957 59.092956543 0.899519562721
