14--Traffic/14_Traffic_Traffic_14_840.jpg
26
703.965332031 277.161682129 30.407409668 34.3657836914 0.995819687843
144.798583984 279.198822021 31.9529724121 35.5950927734 0.992695569992
607.806945801 286.313964844 30.9313354492 36.1610107422 0.992116749287
18.0315322876 283.76965332 37.5336532593 40.4057617188 0.992097616196
278.801757812 279.239532471 31.7227172852 33.9204406738 0.991088271141
92.3251800537 257.379547119 27.4991149902 31.2494506836 0.990985155106
54.1145095825 254.486587524 30.5992279053 34.514541626 0.989657819271
806.595703125 283.660980225 30.0216674805 33.4353637695 0.98808413744
921.57421875 269.925598145 34.2161865234 37.7696533203 0.987779736519
773.854431152 266.596343994 26.6853027344 31.8817443848 0.973359525204
380.909179688 292.408874512 32.697479248 37.8625488281 0.971521496773
488.645965576 271.015899658 37.7446594238 41.3414916992 0.968905687332
314.091674805 254.690551758 25.9047241211 29.2223815918 0.947262465954
667.534851074 261.996856689 29.6301269531 33.4579772949 0.936108291149
133.711853027 238.504776001 28.2815856934 31.2430267334 0.930916309357
185.273162842 258.741210938 33.9308166504 40.4014282227 0.92465275526
935.631835938 167.57800293 14.0718383789 17.6735229492 0.905525386333
577.637451172 257.794158936 29.7209472656 33.4825744629 0.891537666321
624.71862793 240.554855347 26.3165283203 30.7460479736 0.881333053112
860.924804688 261.270233154 29.3739013672 32.7421264648 0.875300049782
574.19329834 206.458328247 15.0485229492 17.7378997803 0.862326145172
958.679748535 258.373352051 30.7969360352 35.0660705566 0.853059351444
792.702453613 216.488586426 15.9152832031 18.5439453125 0.845143914223
257.015441895 236.833587646 30.7134094238 32.1497497559 0.834044516087
663.94519043 184.686981201 15.2010498047 17.7330322266 0.831775486469
494.485687256 184.499298096 14.6551818848 17.6895751953 0.811238765717
