18--Concerts/18_Concerts_Concerts_18_447.jpg
10
906.248535156 122.273170471 49.5192871094 57.0941543579 0.997298419476
244.672058105 523.046813965 34.823059082 42.7317504883 0.993206501007
357.016601562 485.974609375 33.3801574707 43.6162719727 0.990759372711
212.038009644 383.373779297 37.6542663574 45.4163818359 0.981664061546
89.0054244995 387.83972168 33.3254089355 40.9735412598 0.979968070984
399.719970703 189.434173584 35.6816101074 42.0484619141 0.976749181747
72.4237747192 199.465454102 44.3190078735 51.3012390137 0.975264072418
121.313949585 546.19354248 34.5835876465 41.6100463867 0.970055818558
241.33480835 179.079788208 34.9181518555 39.7334442139 0.943896472454
344.762481689 369.638122559 45.7407226562 52.8432312012 0.906717061996
