18--Concerts/18_Concerts_Concerts_18_151.jpg
17
33.7459602356 79.0466003418 15.5131378174 19.320350647 0.946393549442
897.226257324 201.550003052 21.3346557617 28.0388336182 0.940813362598
105.049812317 56.3756332397 14.3303146362 18.7257537842 0.937838494778
870.869873047 257.28692627 22.8870239258 28.5768737793 0.924499392509
119.620544434 331.306091309 22.5292053223 27.3893432617 0.919079303741
753.99822998 259.828430176 22.432434082 27.1956176758 0.912319302559
726.913574219 318.960693359 22.1055908203 28.6445922852 0.88297444582
871.585754395 146.121673584 21.616027832 28.7945098877 0.877694666386
472.227081299 259.752349854 17.741394043 21.1784362793 0.84195971489
331.320281982 262.481018066 21.9988708496 27.5063781738 0.833214342594
590.192199707 324.299621582 22.5377807617 28.3983764648 0.833145439625
345.070831299 79.9916610718 17.6162719727 19.6113815308 0.829934000969
721.122436523 60.9215774536 16.6976928711 22.3600463867 0.827749669552
399.678497314 150.208984375 17.0149230957 22.0354309082 0.826960921288
63.5786170959 75.8483734131 15.195980072 19.5254211426 0.818724513054
582.933349609 269.151702881 16.6876831055 19.5608520508 0.810060501099
88.7971115112 284.517578125 17.282875061 20.6608886719 0.802432775497
