37--Soccer/37_Soccer_soccer_ball_37_345.jpg
8
1000.58880615 189.889099121 15.0919189453 19.3539428711 0.946086108685
818.921691895 167.821044922 14.5478515625 18.3328552246 0.913276970387
426.752227783 182.712036133 15.5718994141 19.1947174072 0.891837000847
621.697692871 178.943878174 17.8102416992 21.4436950684 0.834904611111
490.319519043 171.220565796 16.2723693848 20.8474273682 0.824769556522
714.230041504 163.105728149 17.079284668 20.9235687256 0.823599934578
969.074279785 182.576843262 16.6475830078 20.0842285156 0.815266907215
364.840423584 182.48135376 15.2770996094 18.2096862793 0.801065504551
