49--Greeting/49_Greeting_peoplegreeting_49_943.jpg
8
288.75409375 441.92375 47.10040625 62.11675 0.999432861805
192.60765625 431.202875 52.29709375 66.06065625 0.999371945858
354.84015625 443.6483125 59.1238125 78.2151875 0.99903011322
123.643554688 447.248875 56.0977421875 73.239125 0.998940765858
255.408296875 148.14584375 16.652234375 20.99046875 0.997803747654
206.34621875 140.438828125 16.91028125 19.57078125 0.990163385868
149.4179375 97.4148828125 16.676078125 21.18071875 0.988631665707
343.79321875 75.505546875 21.3140625 28.7021171875 0.984996318817
