49--Greeting/49_Greeting_peoplegreeting_49_894.jpg
11
713.04775 253.58046875 47.4550625 62.97609375 0.999723017216
482.9714375 244.813421875 50.90675 66.047546875 0.999066770077
780.474375 262.3725625 50.6808125 60.88128125 0.998959302902
412.11390625 294.7911875 52.71371875 71.52859375 0.9987372756
927.7013125 254.067359375 46.7895 59.645296875 0.998683750629
89.57559375 258.8005 44.0136875 61.379 0.998046159744
772.8805 385.38625 55.388125 62.581375 0.996891915798
555.89525 285.8883125 45.5304375 73.7341875 0.994859576225
903.3888125 271.32846875 37.8965 48.36621875 0.990229785442
48.7054960937 282.320125 47.4657929687 79.3964375 0.987674832344
1006.9743125 274.898125 17.0016875 40.23253125 0.875531196594
