49--Greeting/49_Greeting_peoplegreeting_49_53.jpg
18
435.347490234 335.265544922 59.3714350586 77.4514199219 0.999054372311
769.882541016 666.881762695 70.2502158203 93.5696992187 0.998549997807
665.660321777 215.032033447 49.727519043 67.4518999023 0.998437106609
799.34062207 401.561499023 60.9921074219 75.554284668 0.998301506042
219.267527344 333.951857666 46.9392709961 73.3246335449 0.997835814953
568.478687988 169.716365112 44.2112177734 65.7579381104 0.997798621655
83.7095744019 388.440301758 57.9046004028 77.5890566406 0.997779071331
344.949987305 335.541901611 45.0007172852 68.2123640137 0.997644841671
329.963387695 229.200395508 43.7518764648 58.2849545898 0.996472477913
326.481433594 643.318441406 70.1078212891 93.3087841797 0.996436715126
704.879522461 290.348969971 41.9896591797 65.0564475098 0.995629310608
224.086065674 216.020702637 40.7471479492 57.6996162109 0.995097458363
171.967596313 284.218974609 40.7181231689 65.4247319336 0.995017230511
826.510365234 330.852971191 43.3453808594 64.3864243164 0.994583070278
850.176404297 283.67254834 44.6601513672 67.4315942383 0.982798278332
110.90418457 344.781828369 45.1473067627 66.8619523926 0.964579701424
688.367619141 380.891097656 47.0198564453 68.7888876953 0.933502137661
230.731731445 262.153854492 37.6082661133 54.6632397461 0.846515953541
