7--Cheering/7_Cheering_Cheering_7_57.jpg
9
30.0543575287 163.576919556 40.7165164948 46.810333252 0.986463010311
430.355499268 340.367004395 45.831451416 58.0850830078 0.969344556332
795.998168945 285.603637695 48.5599975586 54.5032653809 0.964515030384
556.617492676 350.288818359 39.5373535156 43.8166503906 0.949991047382
0.0 309.894866943 44.2867240906 53.7548522949 0.936310470104
667.768310547 317.150634766 34.1766967773 38.4970397949 0.931538105011
134.496948242 306.441223145 37.626373291 41.1506958008 0.931476712227
740.957519531 332.15435791 49.7141723633 61.0049438477 0.865617394447
330.537567139 300.308105469 47.4759216309 60.1875 0.850137889385
