7--Cheering/7_Cheering_Cheering_7_313.jpg
8
161.015060425 126.146018982 46.9060974121 58.7736129761 0.992860019207
653.931152344 153.229324341 30.7051391602 49.2717437744 0.989297330379
26.3880767822 112.69443512 35.2343597412 47.6286697388 0.969676673412
234.660247803 148.68963623 35.5149536133 49.7738800049 0.965112149715
347.354980469 162.82901001 35.498840332 52.5451660156 0.947087228298
960.83605957 147.476364136 45.7079467773 70.293182373 0.941070795059
745.30871582 139.239532471 41.1996459961 57.7445526123 0.897948682308
949.537719727 185.797943115 44.065246582 62.4585266113 0.896311879158
