32--Worker_Laborer/32_Worker_Laborer_Worker_Laborer_32_516.jpg
21
49.5397 24.4395 70.0384 91.2519 0.999503
846.211 119.713 28.8776 32.901 0.997885
369.259 147.753 17.2989 21.8898 0.997048
296.835 120.11 44.8035 58.7726 0.996851
757.14 98.6791 42.6205 54.553 0.996368
227.691 131.297 29.0982 34.7322 0.995743
256.217 112.836 34.8959 44.7915 0.995677
519.425 101.625 38.8552 50.92 0.993217
419.161 124.307 29.9649 38.3091 0.99201
965.833 56.8912 63.973 80.644 0.991934
879.558 146.585 35.2562 43.0419 0.991762
764.455 326.429 55.903 56.4817 0.986507
575.114 354.359 38.9465 39.2305 0.984677
343.848 305.604 46.9088 49.4978 0.983873
481.721 340.292 33.0646 35.1728 0.982653
674.133 155.258 22.8573 30.683 0.969983
278.625 313.558 44.1043 44.2737 0.968919
728.172 144.407 27.1924 33.5637 0.968008
672.374 316.917 48.3866 50.2808 0.964999
592.131 126.609 26.3229 31.6501 0.933428
212.902 147.595 15.219 20.7522 0.819337
