14--Traffic/14_Traffic_Traffic_14_840.jpg
48
704.0848125 278.30571875 30.3011875 34.6973125 0.999591886997
18.8454101563 285.244875 36.7416835937 38.05375 0.999510645866
91.7600625 256.108234375 28.7237421875 32.414046875 0.999411463737
607.493125 287.21675 31.6806875 36.0023125 0.999394893646
143.73396875 279.4881875 34.0940625 36.9599375 0.999083280563
52.7262617188 255.0684375 31.2014570312 33.26190625 0.999071240425
921.545125 271.33453125 34.7749375 35.8275 0.998781740665
806.3228125 284.07146875 30.566625 33.903125 0.998641192913
277.11484375 276.2623125 34.60984375 38.37184375 0.998592078686
490.62384375 273.0088125 34.92053125 39.2559375 0.998237252235
772.8391875 267.15740625 26.611125 32.168625 0.996955871582
316.091875 253.43184375 24.84696875 29.9833125 0.996143579483
186.614046875 262.3519375 29.608203125 36.52621875 0.995405435562
380.9741875 291.72515625 32.32959375 37.28028125 0.995245754719
208.888640625 254.002328125 27.248640625 32.216296875 0.994550645351
627.9281875 240.84909375 25.4835 28.0624375 0.994210481644
960.6618125 263.1915625 25.9816875 29.9665625 0.993345141411
52.2268320312 200.7963125 15.2339257813 19.901609375 0.991966784
861.39325 263.29625 27.8354375 31.86265625 0.991826653481
708.5834375 239.998390625 26.422875 26.784578125 0.991382777691
516.957375 212.71653125 14.2604375 16.8715625 0.991293728352
574.951 260.038140625 30.0461875 33.274703125 0.991192400455
574.8516875 207.1093125 14.8681875 16.852140625 0.990677952766
0.0 196.9773125 14.3791025391 19.339109375 0.989273488522
26.6105722656 211.440625 15.6299667969 17.96265625 0.988966524601
668.741125 265.98690625 26.836375 29.4095625 0.988768339157
793.88325 217.109484375 16.885375 19.28628125 0.986597776413
632.6816875 191.520890625 13.708125 16.8994375 0.985011160374
134.20653125 241.77584375 25.427515625 26.82046875 0.981761038303
662.4923125 188.2058125 15.45975 16.6808125 0.971812069416
862.30975 195.3740625 12.9105625 17.284015625 0.969303429127
935.0268125 167.501109375 14.77 18.272890625 0.956418156624
890.5783125 171.370734375 16.218875 21.94715625 0.955436706543
742.415375 224.229171875 20.018625 20.801125 0.954543352127
598.4079375 225.750515625 18.7425 21.123578125 0.954350888729
625.1389375 210.3863125 17.192 18.541015625 0.944897174835
257.338984375 234.9498125 34.450296875 34.23953125 0.94201785326
754.5568125 147.693265625 13.32275 15.388796875 0.937923967838
748.3665 256.871890625 23.94075 28.830765625 0.932771682739
532.3001875 220.306171875 18.859 22.428109375 0.926521003246
494.9991875 187.400890625 11.89059375 14.786546875 0.920366704464
557.72375 238.07784375 25.099125 28.218875 0.893302202225
882.4781875 234.64928125 24.6995625 28.37696875 0.880887031555
706.928 211.75409375 14.256625 16.163125 0.877354741096
832.3441875 256.0839375 24.5506875 30.3726875 0.861732840538
221.54103125 205.715609375 17.5320625 21.139359375 0.841737031937
322.46715625 202.8411875 13.53571875 15.559921875 0.833466351032
611.9395 241.222546875 17.3111875 20.54 0.826261222363
