16--Award_Ceremony/16_Award_Ceremony_Awards_Ceremony_16_25.jpg
11
927.898 153.306 44.1818 56.9709 0.998919
500.675 96.479 35.2502 45.2948 0.998773
649.859 139.252 37.0575 45.7567 0.99871
741.604 144.293 41.2316 58.8731 0.997913
560.847 102.633 43.4139 56.2068 0.997881
149.575 93.9121 42.0293 56.6801 0.997619
333.373 155.202 39.7431 47.5699 0.99739
225.68 119.519 38.6318 47.1824 0.996664
439.056 121.104 35.028 46.7874 0.996598
842.525 137.041 39.5885 44.6058 0.996319
59.0678 103.558 47.2395 56.6491 0.996219
