6--Funeral/6_Funeral_Funeral_6_109.jpg
14
120.888 215.717 32.77 41.8466 0.997175
388.883 312.516 27.0402 34.2682 0.99212
353.641 226.741 26.2711 32.1828 0.991352
195.931 213.785 32.7313 40.5291 0.9906
247.539 220.981 28.8986 34.5042 0.982103
592.39 301.84 24.9639 32.8439 0.979156
303.182 227.498 25.4111 31.5213 0.973609
423.387 238.678 23.7729 28.6471 0.963546
452.006 302.013 25.5149 29.8321 0.947046
717.106 293.117 24.609 30.5872 0.944447
459.26 225.183 22.4948 29.368 0.937877
912.36 217.582 23.8397 30.2149 0.910432
301.698 197.745 22.9664 28.7589 0.878034
519.874 232.139 21.6228 27.0681 0.834001
