6--Funeral/6_Funeral_Funeral_6_759.jpg
50
496.308 30.9967 31.4001 39.6148 0.998666
950.85 145.939 33.8909 43.4503 0.998464
691.026 50.4446 30.9052 41.0052 0.998251
362.606 54.5465 30.8932 39.9335 0.998057
777.144 213.951 33.6351 41.2918 0.997458
326.869 92.3372 31.47 37.6715 0.99743
442.54 161.33 35.4888 45.6401 0.996514
128.872 93.8566 30.9106 39.9928 0.99636
70.3755 167.685 36.9854 47.6862 0.996336
498.018 261.175 39.2335 45.0494 0.996332
267.971 163.811 35.6425 46.5044 0.995688
850.251 273.816 30.329 38.8163 0.995162
653.793 133.277 34.7778 44.1025 0.99401
742.907 351.569 34.5599 42.7958 0.994001
337.253 181.564 31.4384 39.9663 0.993386
384.463 17.4572 26.4478 32.5043 0.993357
911.109 43.902 31.8405 40.2653 0.993268
16.2964 92.5739 33.8551 43.1005 0.993214
123.184 11.7371 33.1933 43.8514 0.993177
956.792 215.761 35.6543 43.8985 0.992861
193.603 0.0139065 31.2928 39.5376 0.992766
800.432 29.6761 28.2794 37.1087 0.992677
379.179 116.451 34.5233 41.3193 0.992536
651.923 186.476 35.916 45.7512 0.992415
797.071 97.9286 30.3588 37.6212 0.992362
681.616 12.1448 30.1359 38.7563 0.992028
565.188 12.9621 30.3358 37.8738 0.991753
106.761 267.512 45.257 61.6689 0.991512
316.186 -2.5258 29.2659 35.1912 0.990651
899.029 285.034 39.0002 51.7025 0.989837
716.474 138.086 31.6625 38.7751 0.989123
451.046 1.77406 28.6259 34.1365 0.987535
262.188 114.674 32.2236 38.7899 0.987119
727.382 63.6457 32.5209 40.8237 0.987065
602.589 81.6329 30.2877 36.7905 0.986218
169.429 67.5686 32.4575 43.3302 0.97854
197.077 158.347 34.1798 43.3517 0.977885
460.027 94.5374 32.8823 38.301 0.977213
434.143 72.7953 26.204 36.6145 0.975514
864.196 122.672 33.1841 40.8195 0.967494
964.653 97.5761 25.2368 33.6535 0.96439
317.795 279.022 36.5105 44.9486 0.958432
633.256 26.5299 27.2217 33.3452 0.957291
250.134 83.5926 29.3016 33.5864 0.936624
779.053 12.4928 27.8124 37.1353 0.932943
95.4961 78.2667 31.2012 35.2174 0.918187
44.8816 145.478 29.8689 42.7222 0.900721
975.418 331.298 35.4502 43.175 0.899418
203.58 92.7018 26.9202 33.3017 0.89182
660.369 99.1686 30.5814 38.3769 0.874835
