25--Soldier_Patrol/25_Soldier_Patrol_Soldier_Patrol_25_325.jpg
9
763.993875 278.35446875 34.0155625 37.38325 0.999503970146
97.0342578125 205.476984375 55.6088828125 62.645203125 0.999190270901
852.594 309.4034375 27.086375 30.6555625 0.999142169952
423.51134375 125.26421875 58.93171875 70.69434375 0.999029874802
278.99678125 195.36565625 44.4864375 53.231859375 0.999013781548
819.9339375 299.8221875 31.92525 37.14665625 0.998578429222
670.152375 207.420546875 42.01475 46.782234375 0.998225152493
528.50525 197.82175 45.910375 52.93765625 0.990549743176
880.5570625 325.59653125 23.44275 27.23234375 0.981257915497
