25--Soldier_Patrol/25_Soldier_Patrol_Soldier_Patrol_25_679.jpg
10
433.95453125 62.36925 38.8440625 43.1051328125 0.999473869801
85.51075 180.899765625 28.9130625 33.70325 0.99931037426
867.344625 39.9624335937 41.5586875 45.7960742188 0.99915933609
490.86984375 151.285015625 29.3455 36.48903125 0.998726308346
201.337046875 171.735625 47.030765625 56.019953125 0.998608648777
307.46184375 129.652992187 39.58334375 50.0020078125 0.998582601547
595.6793125 144.382375 86.379875 111.507765625 0.998495340347
121.673625 199.47978125 38.559578125 44.29384375 0.998209357262
308.5765625 98.7571328125 28.8885625 30.00684375 0.995996594429
33.088734375 122.928273437 16.4769140625 18.8259140625 0.993695557117
