25--Soldier_Patrol/25_Soldier_Patrol_Soldier_Patrol_25_1029.jpg
15
153.92978125 199.92521875 52.32896875 60.775046875 0.999476969242
609.0775625 296.70296875 39.5610625 43.38734375 0.999420166016
247.02728125 179.10271875 46.88490625 59.587546875 0.999234437943
497.3578125 184.23046875 34.6138125 45.0235625 0.998961687088
579.277 142.624890625 31.612 44.268140625 0.998669624329
120.551453125 438.87603125 64.409703125 75.633625 0.998654842377
513.38290625 385.62446875 43.33728125 63.79303125 0.998260676861
660.3594375 311.54515625 35.848 41.7123125 0.998176336288
873.48775 171.541140625 42.2914375 45.932265625 0.997721374035
734.8541875 142.92753125 62.383875 75.103296875 0.997430503368
455.977625 176.98290625 48.26546875 57.963765625 0.997293055058
716.7934375 185.814640625 37.207375 47.299546875 0.995579302311
554.209 329.5603125 31.4206875 39.8398125 0.994538724422
253.971109375 362.4823125 58.578953125 67.7513125 0.99402397871
657.27625 194.81996875 28.29125 39.394046875 0.993104755878
