35--Basketball/35_Basketball_playingbasketball_35_127.jpg
12
493.034 113.684 36.2193 45.4226 0.998892
595.29 185.483 50.619 64.8887 0.998483
636.478 32.1829 32.2407 43.723 0.998073
530.837 168.773 37.9881 47.4904 0.997554
318.026 57.4977 29.8758 36.5704 0.995062
14.7527 65.8021 16.0034 19.0757 0.994082
851.331 3.61107 25.6465 29.7302 0.991456
1004.5 116.249 25.115 35.1184 0.989992
90.1774 19.3746 18.119 22.8361 0.987589
886.844 65.7387 26.5496 33.2802 0.982734
759.034 14.9296 19.1168 21.6455 0.926543
168.48 3.57256 19.843 21.3505 0.89783
