35--Basketball/35_Basketball_Basketball_35_107.jpg
52
748.034 381.402 21.8232 24.1871 0.999104
948.402 370.452 27.5499 36.7211 0.998867
420.428 55.0483 125.853 181.8 0.998612
42.7763 205.696 75.4773 108.576 0.998608
734.815 349.915 21.5225 26.3923 0.998526
221.746 69.6242 14.5685 18.5668 0.998154
231.463 119.743 15.9451 19.7514 0.997821
849.75 386.432 27.6048 33.6908 0.997297
663.36 444.145 30.9857 37.6254 0.996741
619.243 451.728 30.2701 36.1213 0.996397
892.538 379.367 27.9732 34.3075 0.996342
993.895 485.195 62.02 80.5412 0.996135
852.629 303.494 22.2632 27.0108 0.995746
744.798 480.544 30.8064 42.4669 0.995727
933.017 441.583 34.7048 41.4288 0.995543
789.432 349.842 17.7802 23.5764 0.995393
318.311 65.4771 17.0511 20.8749 0.994521
916.323 121.293 19.7394 24.8446 0.993829
605.389 520.141 44.4159 61.6797 0.992976
857.612 354.103 21.5314 27.8181 0.991255
691.341 548.177 48.1725 54.5814 0.988897
272.297 69.1417 14.4621 18.3567 0.986829
817.493 409.39 23.769 26.5536 0.986392
687.148 203.613 18.7449 23.6809 0.982981
224.902 358.378 20.6621 25.487 0.97997
261.685 168.185 15.4662 19.9778 0.97987
311.119 166.642 15.1814 18.5378 0.978367
165.972 71.3708 15.3025 18.613 0.978211
296.731 11.0976 15.0236 19.1292 0.97702
290.925 41.0511 14.4934 18.6305 0.968058
817.048 91.7544 17.0411 20.8808 0.968043
711.592 362.023 17.0534 21.8409 0.958636
209.129 101.579 16.6556 18.7678 0.956409
335.935 123.872 16.5718 20.5433 0.951447
726.588 232.287 19.9089 26.2095 0.947825
848.033 135.028 16.5561 20.887 0.939386
364.087 89.4245 17.6298 23.0502 0.934392
1005.48 345.131 17.8193 23.8233 0.924147
143.528 42.2777 14.7697 18.6301 0.906167
614.429 108.825 15.488 18.6015 0.900529
318.272 97.194 15.5662 19.3632 0.896382
787.545 11.4243 15.4673 19.2362 0.895976
199.834 329.654 18.7886 22.9365 0.88022
924.907 362.364 21.0818 28.3258 0.872982
289.731 121.288 16.8602 20.0971 0.871235
780.702 222.462 18.218 24.2287 0.82982
337.175 29.1408 15.3782 19.331 0.825214
388.34 30.3763 15.9376 20.3675 0.823593
259.682 31.7149 14.9347 18.8941 0.821948
747.453 11.7085 14.5186 18.1704 0.819552
683.654 79.154 15.0913 18.4377 0.817662
163.9 286.523 18.9661 22.4344 0.808107
