35--Basketball/35_Basketball_Basketball_35_712.jpg
15
583.831 240.178 23.9764 30.1082 0.997114
524.27 254.995 23.3622 29.3141 0.995003
908.256 240.729 22.6397 28.5063 0.993826
655.506 252.271 23.0055 29.9358 0.993564
844.823 215.621 22.3961 29.437 0.990922
297.556 234.107 22.5016 29.2437 0.983983
430.436 250.931 21.9415 28.5765 0.983085
102.965 226.063 21.5697 28.0633 0.981073
367.563 236.708 22.0591 30.0487 0.978137
237.291 234.523 21.5463 28.5204 0.977485
40.4699 247.112 21.5271 28.3438 0.974555
720.309 259.131 18.4511 22.8243 0.973283
958.672 250.401 22.0905 28.2524 0.968962
785.644 234.124 19.3565 23.2038 0.95634
166.473 221.628 22.5335 30.3771 0.949865
