35--Basketball/35_Basketball_playingbasketball_35_876.jpg
60
730.758 524.261 23.2085 30.0552 0.999035
461.507 98.7029 84.4693 131.609 0.998878
709.591 501.776 23.5821 31.3317 0.997786
68.1089 106.183 73.6178 104.451 0.997554
886.529 515.197 22.7728 29.165 0.997309
771.2 500.029 21.8779 28.3757 0.995727
206.142 527.339 23.2039 28.9431 0.995323
655.852 502.922 24.4054 30.5923 0.995177
857.769 486.722 19.5404 25.1283 0.99482
866.452 448.906 17.6754 23.4117 0.994706
965.596 344.853 17.3119 22.1724 0.994595
931.89 415.803 16.3231 21.2489 0.994255
819.269 450.252 16.7675 20.4486 0.993502
882.896 403.901 18.4338 23.6053 0.99338
956.956 507.007 19.194 24.1264 0.993376
263.127 530.557 23.4021 29.946 0.992913
980.638 519.769 21.8311 27.6783 0.992844
801.209 506.088 23.1353 29.113 0.991466
850.376 423.771 17.3436 23.2009 0.990033
722.789 181.222 15.6481 19.2812 0.986343
678.152 181.21 16.3009 19.6713 0.986093
327.87 149.968 15.8407 21.0113 0.983685
990.954 433.611 18.0369 23.0396 0.983644
923.133 491.275 17.1744 21.9748 0.981947
931.236 520.532 18.2036 23.8612 0.98102
826.09 476.475 17.7311 23.4534 0.979757
135.389 465.511 18.3498 21.3893 0.978489
105.145 475.524 16.9105 22.8328 0.976449
835.488 459.091 16.838 21.6911 0.974341
232.018 180.154 14.0489 17.6309 0.973318
889.987 321.751 17.6772 22.1681 0.971982
189.405 157.692 14.0516 17.2779 0.968502
955.149 315.725 17.1164 20.5056 0.965743
897.351 461.682 19.2146 23.4059 0.958514
713.913 252.053 16.9802 22.1126 0.95495
89.941 467.06 17.6453 22.5418 0.952069
963.472 448.703 17.9399 22.5999 0.951535
792.511 491.265 16.1664 20.3808 0.949111
255.5 204.334 14.1573 18.4142 0.947976
942.775 221.096 17.6952 22.0902 0.947081
997.726 178.495 15.2111 18.3275 0.938588
296.735 230.648 14.9701 19.966 0.935064
210.666 488.794 18.4071 23.8456 0.92907
930.366 452.659 18.6925 22.4174 0.921267
862.241 265.35 16.1276 20.2506 0.916202
723.562 228.449 15.467 20.4208 0.915591
621.932 403.913 18.5875 24.8193 0.915244
1002.26 416.535 16.6619 20.2363 0.913371
730.265 318.688 15.4485 19.8255 0.906552
268.369 475.802 16.5451 19.5755 0.878861
951.929 150.832 16.0126 20.1227 0.871392
234.825 227.203 16.0796 19.6785 0.87121
811.716 290.479 15.741 19.0409 0.868838
993.829 380.772 16.6322 20.5943 0.859264
980.237 220.859 15.1909 17.9183 0.845855
943.302 341.15 16.861 22.328 0.843656
631.611 186.634 15.8846 18.7542 0.842084
908.198 268.623 15.0638 19.1374 0.831294
816.524 257.498 16.8949 21.2344 0.810507
161.33 481.242 17.5866 24.0736 0.807983
