35--Basketball/35_Basketball_basketballgame_ball_35_256.jpg
13
527.812 58.0605 67.2771 95.2733 0.999276
934.908 356.537 46.9945 59.1759 0.998246
228.787 71.4773 52.2344 61.6678 0.998233
761.704 354.184 48.1484 58.4369 0.996403
466.88 159.998 45.3471 58.7046 0.986515
850.102 197.039 32.6946 44.2021 0.981906
868.432 329.006 43.6499 55.0164 0.968911
887.097 376.231 38.041 48.6329 0.95427
956.67 168.964 38.8228 47.7661 0.945023
362.087 66.4354 38.2803 43.8047 0.944576
952.545 56.2739 30.372 39.0017 0.931607
984.854 343.038 33.0807 48.5228 0.930049
923.839 121.709 30.7326 37.9194 0.83888
