35--Basketball/35_Basketball_basketballgame_ball_35_565.jpg
57
531.221 449.21 17.7796 23.6836 0.999854
612.709 344.136 15.8645 19.4051 0.999345
965.047 284.106 16.692 21.4028 0.999321
899.001 292.577 16.7103 21.1111 0.998974
868.66 219.007 13.4494 17.1669 0.998628
516.014 434.148 16.2502 21.0287 0.998555
791.93 317.544 15.7198 19.3054 0.99815
784.021 472.179 26.5464 36.0091 0.997889
702.717 387.911 22.0436 28.8176 0.997334
866.234 432.072 23.4688 30.7586 0.996244
442.504 415.139 13.9492 17.3059 0.996212
913.286 252.968 14.5231 17.4948 0.99616
223.762 449.567 13.4253 18.9574 0.995359
797.329 335.347 16.5805 20.7943 0.995312
688.035 310.568 12.5971 15.7816 0.994644
800.104 427.047 22.5566 29.4353 0.994299
552.285 434.526 14.7054 20.0503 0.992441
827.346 228.299 12.774 15.5658 0.991123
880.936 354.516 22.2035 28.4744 0.990957
579.651 425.566 17.1421 22.5054 0.989066
816.525 277.584 16.1231 19.3723 0.988154
786.863 232.434 11.9261 14.5147 0.985821
976.293 266.135 15.6748 19.176 0.98341
977.607 145.991 12.6721 15.8242 0.981505
278.919 461.874 15.1326 21.2121 0.980234
500.842 369.635 11.6847 15.8858 0.980079
802.893 260.277 13.7901 17.6059 0.979638
589.94 473.675 21.767 29.7626 0.973355
731.233 309.684 15.0455 19.4563 0.973317
672.704 263.884 11.1791 13.5021 0.973238
939.845 235.431 14.6274 18.5157 0.971899
541.211 326.48 12.6838 15.5683 0.969937
875.02 459.406 22.3822 29.1374 0.966553
721.363 292.135 14.1165 16.5632 0.962953
762.403 252.025 12.3796 15.7638 0.959999
138.285 452.198 14.0332 17.0909 0.959329
567.744 311.083 11.5828 15.0353 0.95804
402.591 415.77 12.9904 15.6564 0.954991
839.91 278.478 13.7099 15.7223 0.949821
909.529 234.616 13.5704 16.3183 0.94509
783.976 384.325 17.5656 22.2431 0.939903
777.727 264.067 13.484 16.2476 0.939187
707.693 313.503 13.5746 17.0551 0.939147
490.468 400.085 13.2388 16.8401 0.939111
604.932 429.046 16.4513 23.0695 0.934084
648.955 349.27 13.3156 16.4526 0.930165
256.34 458.148 17.1601 20.0941 0.915506
646.401 326.677 12.4286 16.0508 0.915466
926.164 395.107 17.3071 23.7074 0.91321
114.833 425.632 11.3852 14.3436 0.910064
856.503 253.574 13.4925 16.208 0.90623
953.373 246.32 12.6829 17.1071 0.896576
631.752 269.592 12.111 14.0278 0.883783
948.63 354.038 21.4044 28.8696 0.882419
715.587 248.76 11.8077 14.9069 0.864267
659.053 309.77 12.9904 15.4855 0.853969
197.965 457.368 13.7318 17.1044 0.836011
