35--Basketball/35_Basketball_basketballgame_ball_35_201.jpg
13
721.623 166.218 105.653 123.307 0.999507
931.968 217.777 97.79 129.811 0.999429
10.089 396.806 114.498 163.741 0.999332
838.367 -19.3207 93.7005 129.774 0.999283
277.482 386.471 120.434 163.66 0.999269
598.075 -24.0096 117.859 163.455 0.999217
120.438 273.393 98.677 127.995 0.999177
88.7107 140.272 94.992 117.711 0.999136
382.848 158.713 94.448 122.373 0.998757
631.834 390.244 121.956 142.1 0.998289
506.74 230.966 103.65 134.992 0.997946
-31.3309 36.7815 116.61 152.259 0.995053
539.45 -56.6844 133.136 175.367 0.846723
