35--Basketball/35_Basketball_Basketball_35_327.jpg
23
737.9 155.464 24.1071 31.6725 0.999124
491.538 179.107 18.4647 21.9494 0.998971
828.711 148.206 26.1884 34.5158 0.998829
789.331 170.719 31.48 39.7314 0.998799
663.995 154.454 27.6109 31.3719 0.998636
465.067 180.175 23.9268 29.7051 0.998614
83.5427 164.741 26.9912 35.0364 0.998318
762.628 146.66 29.617 36.3605 0.998174
23.6126 176.444 25.8712 33.6778 0.998061
915.089 146.08 38.5209 50.6426 0.997988
384.338 175.145 24.6317 29.1905 0.997348
968.536 184.47 30.5611 38.9967 0.997287
324.958 185.452 18.2746 23.0208 0.996917
539.811 155.092 26.8193 35.2446 0.996134
408.007 231.239 55.9958 78.6858 0.99601
248.689 167.473 22.7786 29.6061 0.995183
597.573 160.167 21.972 29.2711 0.994475
184.503 180.838 21.3508 28.4856 0.990859
434.282 161.526 22.3738 27.4053 0.990752
982.603 159.348 23.9954 27.7213 0.988026
508.423 194.197 16.9438 19.208 0.981742
635.099 171.83 22.9813 28.2062 0.978816
564.59 162.082 16.6316 23.628 0.960139
