35--Basketball/35_Basketball_basketballgame_ball_35_64.jpg
47
295.85 237.293 61.4408 83.2264 0.999357
473.955 224.042 63.6484 81.1432 0.999294
590.639 209.838 68.2791 92.6917 0.999219
692.748 216.854 72.8665 93.7781 0.999212
33.7512 244.253 56.1166 68.6855 0.998624
124.814 288.727 57.5043 75.8823 0.998577
95.3856 128.766 24.9575 33.5445 0.998434
591.199 80.1498 29.0769 34.1494 0.998283
535.894 18.2353 24.5653 31.487 0.998122
904.986 170.606 63.5518 92.7175 0.997226
272.329 127.316 27.257 33.2884 0.997038
439.932 110.721 30.9789 41.245 0.996865
343.504 155.555 25.5441 32.0958 0.996777
655.442 105.644 35.3859 42.6964 0.996691
465.513 64.0212 24.721 31.7127 0.996582
491.621 162.581 33.0127 36.3641 0.996544
150.313 140.251 25.267 31.9369 0.995152
101.599 202.997 38.824 50.7985 0.994913
280.512 224.025 28.4206 39.1144 0.993883
-4.63809 245.105 33.786 41.3644 0.99199
237.057 246.026 33.4728 44.061 0.991685
140.108 107.846 23.4188 30.8714 0.991657
805.52 185.216 38.3904 48.7402 0.991566
725.557 100.165 33.6815 36.4491 0.991476
236.739 192.387 29.2986 36.9329 0.987865
870.518 60.4205 25.9446 34.9765 0.987564
950.683 178.351 84.3981 121.742 0.986038
390.093 69.5388 23.1131 29.1201 0.985865
524.955 94.2916 25.235 31.7098 0.972919
243.566 163.83 27.124 34.9635 0.972609
415.14 112.61 27.1165 36.4172 0.970186
624.186 4.38765 23.4576 30.4653 0.969841
448.53 4.29378 25.2732 29.6813 0.965943
34.0798 156.548 25.2792 28.695 0.965086
90.0896 44.029 18.3496 23.1853 0.961747
565.708 204.163 30.497 41.7985 0.960034
-15.2583 294.189 52.4525 64.7362 0.956603
415.646 15.6698 23.585 28.3944 0.943371
398.533 147.059 25.8465 35.0233 0.923417
47.9918 44.3681 17.6437 22.3708 0.91647
73.787 214.244 31.9785 41.7205 0.90861
299.31 94.8434 23.71 27.727 0.908566
191.761 219.749 29.0338 34.5588 0.905058
24.913 75.9779 21.8624 28.8619 0.874616
157.337 5.17613 18.0797 21.881 0.865137
206.943 11.6909 17.3879 22.218 0.861265
336.301 -6.6636 22.2068 27.7283 0.835557
