35--Basketball/35_Basketball_basketballgame_ball_35_197.jpg
11
444.061 159.838 63.9259 74.2335 0.999801
821.526 277.269 65.5632 69.145 0.999616
629.457 156.109 58.3875 79.2522 0.999184
721.273 206.318 68.0882 96.2257 0.999061
45.2028 99.3281 65.422 76.6737 0.998689
242.839 101.384 67.467 77.3512 0.998639
257.415 181.383 64.125 85.778 0.998495
699.326 170.461 50.1558 70.0724 0.998255
801.338 11.8927 54.234 74.3861 0.997897
23.638 38.389 55.4251 67.2429 0.996538
0.125971 -27.9025 54.649 73.9369 0.992393
