35--Basketball/35_Basketball_basketballgame_ball_35_80.jpg
17
166.404 0.343538 41.8059 53.6236 0.998915
6.17657 170.058 42.2929 46.6487 0.998431
91.3353 184.368 38.982 50.5422 0.997961
33.4924 114.75 36.6187 47.0387 0.997879
382.411 19.7994 39.0211 52.0462 0.99752
904.315 377.749 37.2548 49.4496 0.997361
66.082 208.086 44.8732 56.3397 0.997344
889.066 70.8214 47.1913 57.1085 0.997275
292.791 12.3417 39.8716 51.3715 0.997013
494.175 96.3427 98.7221 122.605 0.996997
809.604 79.6783 48.4473 56.1312 0.99691
262.787 134.826 45.4302 64.4913 0.995334
-0.0802254 362.862 46.5169 57.408 0.995199
-11.5334 238.617 42.4315 54.0194 0.993129
137.85 149.816 34.2565 41.5498 0.971352
162.23 232.593 41.4993 51.9747 0.962729
355.619 113.414 48.4012 53.6885 0.956744
