35--Basketball/35_Basketball_Basketball_35_635.jpg
18
620.114 305.109 35.8429 40.3998 0.999215
358.523 332.898 28.3393 34.7978 0.999205
457.397 278.293 28.4998 33.8204 0.998587
212.471 317.307 25.2317 31.0278 0.99842
814.296 303.896 32.4024 39.1591 0.998042
568.721 450.488 32.216 39.6775 0.997839
543.842 289.723 29.8183 39.5871 0.997675
421.877 318.832 28.2021 36.7028 0.997484
751.851 312.18 35.3392 43.2629 0.997458
485.407 322.903 27.2733 37.0629 0.996963
282.184 310.348 30.6518 37.3389 0.996596
598.392 264.638 32.0565 41.3345 0.995505
447.628 418.441 32.7877 42.4906 0.994994
311.675 452.48 26.4236 37.2774 0.994606
370.781 414.497 26.4479 32.6684 0.994394
698.034 341.712 30.7845 39.7174 0.994269
509.949 477.278 29.0611 35.0438 0.982417
276.887 275.15 26.5309 33.8179 0.982293
