35--Basketball/35_Basketball_Basketball_35_180.jpg
11
683.518 166.055 29.4795 38.8271 0.997298
603.352 165.016 28.7466 39.351 0.997209
283.085 189.023 31.7956 42.4624 0.996771
527.938 155.288 29.5082 37.8841 0.996646
218.72 173.587 31.0877 40.4639 0.996508
473.357 216.618 32.2814 43.5753 0.995683
440.109 176.834 27.7156 37.1564 0.994796
413.116 398.484 35.3693 44.1548 0.994079
330.406 189.406 30.9317 40.1237 0.994031
383.88 193.521 29.769 39.5959 0.991473
609.263 357.142 33.4775 43.7129 0.95673
