35--Basketball/35_Basketball_playingbasketball_35_417.jpg
11
366.773 16.2668 48.2578 55.4672 0.998934
352.916 242.613 33.3654 46.6911 0.997497
961.12 54.3766 29.3125 41.4787 0.99607
213.726 250.17 28.8916 51.8967 0.993753
285.033 258.478 31.6981 50.9281 0.991612
740.211 89.2758 32.0436 37.8885 0.989778
183.558 50.7271 24.3518 29.8322 0.989645
246.563 58.6749 25.4207 32.4123 0.982511
886.928 162.927 29.4949 38.4286 0.975701
226.932 132.848 28.7777 37.8433 0.961472
49.5602 66.2914 31.8504 41.1102 0.937502
