35--Basketball/35_Basketball_Basketball_35_361.jpg
16
908.471 130.715 31.8166 41.3964 0.998053
262.825 127.26 25.2178 31.6373 0.998032
699.281 116.756 26.6562 33.5017 0.997713
164.12 250.154 27.8295 36.8495 0.997424
161.359 127.621 27.4435 35.0362 0.997094
516.844 243.986 26.2143 34.4822 0.99657
70.7385 163.412 27.5372 34.4582 0.995525
652.913 253.718 25.2862 32.9969 0.994621
596.29 120.989 25.4945 32.9606 0.994266
477.144 116.736 26.0978 33.8089 0.994136
364.656 129.941 24.9356 33.3302 0.993602
301.443 252.916 24.0438 33.7311 0.993382
777.959 242.287 25.8331 34.2021 0.992601
870.196 239.302 30.2083 34.5377 0.989813
405.775 247.274 25.2999 34.4318 0.989332
825.174 115.368 25.6619 32.387 0.979361
