54--Rescue/54_Rescue_rescuepeople_54_581.jpg
24
906.0398125 370.97971875 11.9369375 14.47171875 0.994145750999
840.5333125 369.0513125 10.9155625 13.52409375 0.992384374142
937.029625 197.63534375 10.7005625 13.51221875 0.988228023052
91.275765625 337.110375 11.459484375 14.0085 0.982628464699
434.79059375 182.1093125 10.44584375 13.305375 0.981544137001
167.3498125 353.08515625 11.44753125 13.9849375 0.981188237667
691.7501875 191.246375 11.0909375 13.938546875 0.980150938034
537.0669375 369.0696875 11.3525 13.8205625 0.963428556919
373.16175 353.93571875 11.997125 15.27990625 0.959641993046
815.7376875 181.70803125 10.8528125 14.164375 0.950378715992
624.1065625 187.421609375 11.2690625 13.82721875 0.931099295616
747.8090625 198.97215625 11.8495625 13.469578125 0.928379714489
689.1655 372.155375 12.2114375 14.96540625 0.924586236477
803.129375 191.79025 11.9329375 14.228171875 0.919596672058
882.268125 197.999078125 10.857 13.14375 0.91409599781
852.093875 181.38946875 10.3060625 14.269546875 0.905181348324
361.13678125 360.664 11.178125 13.5930625 0.89505147934
211.918375 329.4155625 12.40871875 15.60584375 0.892317116261
505.049 180.90225 11.76115625 14.275828125 0.880595564842
885.645375 312.49328125 10.7921875 14.60871875 0.865041196346
262.8581875 330.60303125 11.3401875 14.20871875 0.864676594734
315.801 339.05890625 11.724375 14.611 0.857026398182
740.8239375 370.8171875 11.697875 14.42284375 0.848873078823
652.5045625 198.912375 10.9890625 13.795515625 0.820395767689
