23--Shoppers/23_Shoppers_Shoppers_23_43.jpg
11
571.2915 146.992015625 47.0360625 61.446734375 0.999046981335
166.30921875 233.189328125 59.74125 70.630234375 0.998575091362
924.707625 200.927375 48.18775 64.33159375 0.997813224792
356.0321875 233.356171875 61.37696875 74.258078125 0.997544467449
155.81740625 394.7625625 64.405125 85.37809375 0.99728512764
65.4894414062 147.70996875 37.6310195313 45.352625 0.994073331356
939.9364375 122.570796875 27.0301875 31.953 0.992932915688
790.719625 134.2828125 33.8294375 46.2455 0.979922175407
602.3853125 122.3445625 32.9521875 44.788671875 0.97477889061
67.5085703125 209.72190625 44.8483984375 64.59959375 0.962215721607
23.0839707031 146.16271875 24.7306894531 34.600140625 0.940999209881
