44--Aerobics/44_Aerobics_Aerobics_44_332.jpg
19
124.170382812 300.54665625 13.9965859375 18.1576875 0.999536633492
426.11075 305.630375 27.4861875 33.88046875 0.997117996216
547.8271875 306.4676875 14.522875 22.08878125 0.99567335844
20.0007148437 294.27125 14.8970507812 18.29140625 0.993020474911
298.03421875 305.26228125 12.937 16.30178125 0.991668105125
180.206828125 305.19215625 22.530234375 28.260625 0.982910335064
395.9425625 298.93890625 14.443625 19.88471875 0.978692948818
701.658625 307.7598125 23.5936875 29.36009375 0.977407515049
208.232859375 300.48696875 15.354359375 18.64340625 0.974180519581
74.28496875 300.9124375 12.8349453125 15.19396875 0.971504151821
749.4016875 308.12728125 14.7964375 18.80021875 0.96769708395
385.39 304.141875 13.9220625 20.2624375 0.948191523552
986.4945625 303.5676875 14.676625 17.643 0.946621656418
239.223671875 289.70815625 17.24934375 21.3439375 0.932929456234
869.0539375 303.057375 11.95225 14.7065 0.930420994759
936.239875 318.33790625 14.4848125 20.0286875 0.919101476669
769.0459375 295.26584375 12.067 14.98959375 0.914825260639
534.4945625 286.86346875 12.7285625 16.15015625 0.847798109055
834.5124375 301.9715625 16.659375 20.68428125 0.846481442451
