44--Aerobics/44_Aerobics_Aerobics_44_597.jpg
9
327.72721875 344.9539375 23.9360625 32.354875 0.999678373337
781.764875 286.4813125 38.19125 46.67546875 0.99919039011
726.785625 331.37809375 24.74575 31.05178125 0.998060524464
416.4375 319.14915625 43.256125 54.78003125 0.997555732727
3.20948046875 311.42925 47.0550742188 53.56125 0.997007668018
565.1951875 316.2106875 24.207375 30.92909375 0.996847450733
965.1095 318.2073125 29.7951875 33.34225 0.995369613171
107.00371875 347.78684375 22.884390625 28.52359375 0.985397040844
151.677796875 344.06928125 14.1925625 16.704875 0.969467878342
