44--Aerobics/44_Aerobics_Aerobics_44_852.jpg
19
387.21871875 275.95471875 37.7248125 42.6045625 0.999427437782
223.209265625 224.99215625 15.75684375 20.053703125 0.999233484268
120.01303125 290.59128125 29.612671875 39.71434375 0.999200880527
169.214484375 243.237609375 17.389265625 19.83721875 0.999132215977
438.7809375 253.169078125 28.33475 34.192203125 0.998744249344
486.559125 230.54353125 23.81771875 30.610421875 0.99830698967
236.938921875 259.1916875 26.801578125 31.84934375 0.998277425766
92.194203125 257.6780625 23.0265234375 25.83646875 0.997965335846
699.3049375 261.5271875 43.1496875 45.8501875 0.996906220913
189.5873125 237.89296875 16.8666875 19.95959375 0.996313393116
907.8223125 191.959765625 18.142 20.885546875 0.995877504349
328.06240625 224.838046875 19.653375 23.54575 0.995326757431
684.68625 239.2314375 25.7681875 34.0576875 0.993241548538
264.843125 240.99365625 23.3635 29.37146875 0.991255879402
493.04928125 202.614921875 16.21609375 19.289859375 0.988225579262
945.7861875 202.754078125 20.3585 23.624203125 0.98793810606
0.0 243.30746875 13.9951875 17.19240625 0.98641204834
349.303625 213.4605625 16.83965625 20.291140625 0.985844731331
846.3269375 197.604421875 15.451 19.08321875 0.975106239319
