44--Aerobics/44_Aerobics_Aerobics_44_916.jpg
10
618.1120625 199.8043125 43.7333125 53.19078125 0.999045789242
701.506875 301.215 47.826625 56.2749375 0.99901509285
519.306375 314.52834375 47.140625 58.05746875 0.999000966549
129.722078125 203.1205625 45.816375 54.046421875 0.99861395359
372.4726875 195.54875 42.5106875 57.705859375 0.998357236385
249.21640625 308.54490625 46.43575 55.57090625 0.998014807701
493.12346875 65.305078125 43.65546875 60.391796875 0.997470974922
791.0879375 204.01546875 42.103625 47.99771875 0.99694532156
490.6278125 190.43834375 37.9145625 47.23521875 0.995761096478
343.57478125 181.28921875 37.36675 50.7588125 0.993845522404
