44--Aerobics/44_Aerobics_Aerobics_44_167.jpg
18
845.3473125 234.1824375 16.8050625 20.7743125 0.999592363834
273.29284375 304.65553125 68.9995625 98.3481875 0.999252140522
610.44175 307.181125 28.2605 33.0246875 0.998989880085
891.489625 488.2218125 132.486375 189.7565 0.998957633972
885.2664375 320.76525 62.8995 78.06996875 0.998710751534
373.0568125 283.39846875 31.85415625 40.77353125 0.998070418835
925.8093125 243.907078125 22.466 31.064203125 0.997820734978
958.6055625 261.875703125 15.8455 19.806296875 0.99778419733
682.20875 268.86696875 23.1376875 30.2180625 0.997602760792
791.90275 274.53553125 38.3664375 49.7118125 0.997483074665
574.2639375 246.685640625 17.211375 20.556890625 0.997221112251
176.594078125 279.546625 25.653296875 28.56728125 0.995327591896
769.9278125 272.68825 25.126875 36.1859375 0.994921863079
748.3839375 245.38596875 15.093125 18.62975 0.98886525631
723.367375 266.1734375 18.482 20.54528125 0.970528960228
1007.2596875 268.30190625 16.7163125 21.1286875 0.970345616341
879.455625 261.87025 14.1733125 16.35234375 0.960887253284
377.60953125 266.0953125 18.744 21.8178125 0.854199647903
