9--Press_Conference/9_Press_Conference_Press_Conference_9_655.jpg
18
658.442077637 216.901367188 45.9183349609 65.1148071289 0.998097956181
792.400756836 240.955383301 50.6409301758 62.3950195312 0.997399330139
307.0390625 201.516311646 24.8179931641 32.7692108154 0.995190262794
499.143096924 225.294723511 35.8035583496 41.2788238525 0.991657435894
884.148620605 212.53578186 29.8298950195 38.0128326416 0.991512954235
954.796203613 214.195053101 32.524597168 44.1701507568 0.991421401501
199.121643066 189.948135376 25.1634674072 32.1284484863 0.991062641144
941.02154541 183.916610718 29.4974975586 39.3024749756 0.990862846375
364.472045898 228.075927734 29.7936096191 40.7135009766 0.990334689617
62.6866340637 206.612533569 24.8404273987 30.9471588135 0.982868432999
578.98034668 213.898513794 32.3731079102 36.2168579102 0.982850432396
133.866607666 223.080780029 25.131149292 33.2866973877 0.977658629417
846.092529297 189.508911133 25.186340332 33.1817474365 0.976181209087
758.29309082 208.213104248 28.9357910156 39.3361816406 0.974384188652
162.576446533 205.989349365 26.3665008545 31.3788299561 0.973089456558
420.201171875 190.960128784 24.9463195801 32.7047119141 0.971898913383
1008.67883301 206.401992798 15.3211669922 37.6089477539 0.952181100845
650.45501709 203.009063721 25.7153930664 33.3696136475 0.834571242332
