21--Festival/21_Festival_Festival_21_331.jpg
11
742.77911377 222.442459106 59.7026977539 75.5254669189 0.999009370804
349.862792969 291.736328125 49.3075866699 61.1496887207 0.996571063995
263.408630371 271.760803223 33.4505615234 40.7400817871 0.991407155991
57.796749115 362.79888916 45.7190361023 54.3235778809 0.987943768501
238.210098267 276.740631104 26.9994659424 34.599609375 0.962584793568
155.351287842 401.871765137 86.0586853027 108.363250732 0.956821799278
141.322921753 314.805450439 26.4066772461 32.8853149414 0.950304985046
658.707824707 273.153656006 60.4852905273 64.6492004395 0.939358770847
518.828430176 294.854949951 32.3466796875 37.6159973145 0.932794809341
660.994689941 278.43560791 36.6223754883 42.2962646484 0.882631540298
883.830200195 239.140853882 26.9448242188 41.3540802002 0.804464697838
