14--Traffic/14_Traffic_Traffic_14_840.jpg
43
704.084 278.751 29.9254 34.4234 0.999434
92.2797 257.577 27.8251 31.2196 0.998961
607.732 289.016 30.831 35.0656 0.998565
53.1942 255.99 30.1498 33.2236 0.998511
18.6412 286.035 36.0808 38.2346 0.998478
807.601 285.497 29.1135 32.6727 0.997989
143.68 280.273 33.3774 36.9218 0.997548
278.081 278.444 32.2808 36.115 0.99714
575.1 207.238 14.6519 16.5773 0.997066
773.134 268.42 26.1105 30.7278 0.996989
922.616 273.256 32.7825 34.2692 0.996377
26.611 211.707 15.6259 17.8079 0.99633
491.44 274.872 33.2366 38.1939 0.996059
52.4418 201.203 15.0674 19.0845 0.995128
-0.350089 197.216 14.5245 18.6122 0.994837
316.246 254.373 24.6397 29.4077 0.994168
516.812 213.089 14.0162 16.3002 0.994029
188.01 263.946 27.9868 34.9611 0.993298
208.9 254.461 27.162 32.3694 0.991145
793.922 217.376 16.8673 19.455 0.990885
381.843 294.62 30.8449 35.6567 0.990559
632.743 191.696 13.5776 16.4583 0.990454
961.03 265.179 24.9522 28.5536 0.989928
861.476 263.777 27.5114 32.0233 0.989069
709.071 240.284 25.6939 26.4838 0.986577
574.408 261.025 29.0475 32.2654 0.986232
628.709 242.327 24.1466 27.1051 0.984865
668.715 266.948 26.4451 29.232 0.976207
625.431 210.895 16.8034 18.1402 0.974907
862.113 195.492 13.1827 17.1871 0.969413
742.721 224.468 19.693 20.6863 0.968337
134.064 242.321 25.1601 26.6965 0.962676
662.844 188.304 15.1525 16.452 0.953959
494.896 187.739 11.9393 14.5095 0.947602
935.071 167.8 14.7274 18.0105 0.946587
890.562 171.628 15.9908 21.7121 0.943702
598.448 225.91 18.23 20.8391 0.942119
754.568 147.871 13.1508 15.5708 0.908237
532.531 220.901 17.993 21.3139 0.903893
611.925 241.228 17.8414 21.1365 0.890793
706.593 211.806 14.5513 16.5155 0.885036
198.874 259.165 29.8082 35.8083 0.853105
322.378 203.034 13.6174 15.5298 0.825989
