22--Picnic/22_Picnic_Picnic_22_313.jpg
8
303.27675 309.32409375 27.4554375 36.54634375 0.999523282051
156.99253125 304.752625 31.667078125 38.9038125 0.999131858349
700.9469375 276.5059375 24.1208125 34.60765625 0.998973488808
619.45975 190.54971875 24.77325 30.9375 0.997178435326
77.005171875 212.49996875 12.2492578125 14.782328125 0.975924491882
644.8721875 339.6776875 25.499 28.09359375 0.970364809036
771.7431875 359.09665625 25.8375 36.8125 0.918017208576
511.07165625 237.518390625 20.83559375 28.262890625 0.842344045639
