22--Picnic/22_Picnic_Picnic_22_310.jpg
8
265.23103125 211.430328125 53.303625 62.990515625 0.99931204319
646.5413125 222.76303125 43.4226875 59.18996875 0.998681247234
855.5055 219.90571875 28.5729375 31.288125 0.997705757618
450.19509375 211.55778125 23.65625 34.154265625 0.99440151453
599.2649375 186.589546875 22.5713125 31.101796875 0.99202477932
520.2565625 272.395625 20.97525 29.6825625 0.9782345891
763.7464375 195.830109375 21.7444375 30.7565 0.946256697178
146.86903125 275.11075 14.880125 17.6544375 0.929234623909
