10--People_Marching/10_People_Marching_People_Marching_2_34.jpg
16
623.967 718.992 35.1483 44.64 0.998571
523.76 711.82 32.869 41.4152 0.992339
994.385 723.541 37.993 42.1074 0.984088
759.547 746.151 31.5046 37.984 0.983782
588.706 688.344 26.6398 34.5853 0.972864
174.744 747.219 30.2587 35.7032 0.960491
715.061 703.122 23.6395 30.6855 0.95821
671.76 709.493 24.9414 31.2368 0.943774
834.599 670.162 23.1482 28.5861 0.935092
810.188 639.305 13.3619 16.6632 0.878556
369.882 641.098 13.2237 16.4314 0.876177
306.322 624.958 13.1471 16.1415 0.874798
866.019 722.653 28.8676 36.9352 0.860787
512.78 687.769 23.1223 33.5819 0.842787
448.309 686.777 14.4308 16.6169 0.823115
456.194 633.888 13.3901 16.9694 0.809733
