10--People_Marching/10_People_Marching_People_Marching_2_27.jpg
14
361.881 181.888 30.9366 38.4431 0.99259
574.296 190.629 35.6105 45.5439 0.986067
832.617 227.606 31.1415 39.2017 0.973817
859.058 203.124 29.1971 38.0539 0.969621
911.846 212.127 33.9989 42.0792 0.958224
704.968 203.511 33.8591 37.8065 0.957183
211.073 202.703 23.8237 30.3474 0.94956
129.699 197.888 31.6402 33.2184 0.949501
433.191 187.757 28.8968 38.1224 0.935102
918.079 271.501 33.438 47.1121 0.924108
787.087 227.205 29.8253 37.7078 0.894766
485.035 194.581 23.4848 30.1483 0.868808
263.972 194.205 26.9445 33.7718 0.859195
535.631 197.927 33.2241 41.4502 0.801619
