10--People_Marching/10_People_Marching_People_Marching_2_373.jpg
103
143.274 501.735 48.9751 58.5166 0.998672
568.017 303.24 31.6959 40.1039 0.997773
381.226 188.604 29.3239 38.2085 0.997409
394.549 349.195 35.765 42.394 0.995693
282.282 295.216 36.2161 45.2015 0.994917
312.26 204.637 30.7372 39.0541 0.994461
624.636 471.034 48.1525 53.5232 0.994225
771.81 188.238 29.1427 36.9181 0.993849
809.131 297.355 36.9847 40.3799 0.993007
292.078 472.822 34.0381 41.0235 0.992981
984.837 243.465 30.9799 35.2282 0.992721
351.369 438.179 48.4397 53.8439 0.992446
275.979 365.005 36.7623 47.041 0.992134
269.197 202.501 28.8438 32.4462 0.99204
368.217 385.2 30.4738 37.2932 0.991948
982.674 153.179 26.3486 31.891 0.991793
755.87 275.799 35.6235 39.3119 0.991678
150.758 343.548 33.9115 42.8486 0.991451
259.947 263.124 27.9171 35.9536 0.990628
969.315 91.4969 27.0067 32.8828 0.990008
510.002 412.026 44.7261 54.9035 0.989486
756.623 336.273 31.0863 37.0634 0.989225
337.377 166.733 28.1567 32.5132 0.988652
269.223 96.4744 26.9988 33.0855 0.987974
251.403 468.489 39.2795 48.8203 0.987905
807.57 144.254 26.3497 31.9609 0.987844
223.631 311.33 30.2272 38.2717 0.987455
691.364 294.65 31.9348 36.226 0.987306
697.833 339.147 33.3242 40.6741 0.987151
20.8839 321.471 37.6426 42.4685 0.986819
520.301 258.75 32.5999 37.5406 0.985906
619.216 112.295 26.8708 32.8954 0.985646
1001.48 374.252 30.3375 36.9717 0.985558
460.59 326.715 35.8885 44.2549 0.985173
56.5065 305.764 29.9547 37.2594 0.985115
911.913 227.622 31.4786 39.899 0.985034
913.677 151.823 26.1886 31.5195 0.984103
71.9111 473.295 34.6577 45.0535 0.983616
108.989 420.034 43.1635 53.6407 0.983521
864.059 134.219 25.1948 30.728 0.983311
979.856 439.179 29.1315 36.2357 0.982848
693.752 481.149 44.4037 54.941 0.982588
169.289 385.445 34.0673 41.0942 0.982118
884.658 174.149 31.0082 34.6042 0.98162
697.271 202.807 27.2174 30.5082 0.981222
136.989 315.321 32.8398 36.8361 0.979392
942.428 207.672 30.1553 32.8492 0.979237
694.716 238.327 31.798 35.6007 0.976969
181.196 122.01 24.6617 32.5876 0.976304
250.674 403.483 38.9229 45.7375 0.975558
672.584 437.573 36.3961 43.2922 0.974984
311.922 537.354 46.2161 56.2633 0.974736
954.926 508.213 34.8474 38.7485 0.974061
554.39 391.271 36.9159 41.0163 0.971118
839.181 157.197 26.7146 30.5777 0.97111
125.569 386.025 35.0273 40.6559 0.966511
871.996 405.048 36.2736 44.7502 0.965948
265.628 140.315 25.957 30.2661 0.962941
168.313 294.262 34.1903 41.9933 0.962902
926.836 120.4 26.2683 28.4448 0.962699
876.089 101.256 25.7278 30.548 0.96224
766.9 115.042 24.8011 29.215 0.96142
792.457 372.333 35.1025 42.4087 0.961375
714.335 173.286 28.3472 33.2555 0.95944
47.6542 432.163 35.5971 41.0236 0.959252
146.075 102.086 27.7033 34.5757 0.956912
90.2331 375.772 34.143 43.2614 0.956325
332.842 280.165 31.3306 35.1837 0.95484
993.742 80.1181 25.7959 29.9395 0.954741
766.441 497.123 40.8116 48.9183 0.95441
370.537 106.872 29.5688 35.2143 0.951847
795.338 271.287 28.6458 32.0971 0.950259
992.033 480.486 32.4136 40.3912 0.949734
931.195 290.477 26.9913 33.8771 0.948185
727.364 87.345 24.4257 29.0917 0.941525
758.737 234.933 26.4137 31.5694 0.935582
844.724 236.845 32.7938 37.3998 0.935218
966.908 190.345 24.6656 29.9259 0.931901
367.905 136.885 26.2057 31.4861 0.931573
797.724 119.582 24.433 29.864 0.927115
877.139 274.036 25.8145 30.3507 0.925561
55.4863 544.65 38.8498 44.96 0.918247
345.538 326.592 26.1605 35.2366 0.893422
628.705 406.311 27.4202 35.8016 0.885129
413.149 428.119 34.2928 45.0622 0.883387
775.441 146.902 24.1906 29.0147 0.875648
919.072 383.085 28.2649 36.3605 0.873923
814.659 181.078 27.2108 35.2668 0.872764
676.457 138.286 25.7567 30.2933 0.871199
252.763 165.48 25.3203 29.7751 0.870223
184.515 437.088 31.8349 42.8609 0.867182
857.597 296.259 28.2522 33.463 0.860759
121.569 8.36607 16.5504 19.4828 0.857571
837.016 77.4004 24.9784 29.5575 0.849385
203.193 259.944 31.4714 37.5594 0.84822
792.468 67.1176 24.2053 28.1299 0.840529
624.523 176.692 25.2284 31.8271 0.834169
306.265 16.3509 15.3962 17.7827 0.823678
631.394 293.577 33.3416 39.3748 0.823442
402.865 302.63 25.7523 29.8571 0.817779
321.661 46.3453 16.4008 19.5824 0.815445
50.1983 259.437 28.4401 35.5275 0.808328
51.5 54.127 24.3161 27.5023 0.805829
