10--People_Marching/10_People_Marching_People_Marching_10_People_Marching_People_Marching_10_69.jpg
43
47.8783 593.967 22.911 28.9856 0.977273
874.909 648.153 23.6945 31.3652 0.951137
958.888 632.072 23.6155 29.74 0.940068
785.615 407.376 14.6547 17.902 0.938419
5.41126 610.298 23.7287 30.4783 0.937906
223.334 519.529 15.5892 19.7745 0.931261
689.524 326.799 13.5686 16.8793 0.91715
929.911 576.762 22.2089 27.1289 0.914633
471.654 503.005 15.673 19.2983 0.912765
561.745 373.502 13.6476 17.7231 0.910063
688.633 659.373 23.0988 29.0094 0.904368
390.369 594.858 22.9123 27.6749 0.901265
357.307 629.988 23.5823 30.2095 0.898007
599.833 658.842 22.3682 28.7366 0.888828
681.993 419.797 14.0686 17.5686 0.880354
298.92 423.502 13.8981 17.1439 0.880249
441 475.808 15.8333 20.3371 0.8759
879.821 576.835 22.1611 28.2679 0.874867
319.5 193.176 13.1697 16.438 0.87452
367.89 500.068 16.4385 21.3876 0.872945
424.421 490.667 16.7658 21.1394 0.871981
745.371 575.585 22.5809 27.5502 0.869425
484.011 310.987 12.1824 15.2568 0.863425
715.334 538.998 22.8578 30.8783 0.862322
456.799 467.537 14.6249 18.8863 0.860091
433.179 535.35 13.303 16.8373 0.84871
237.382 356.776 15.8912 19.7244 0.845732
766.745 444.869 15.4293 20.4956 0.843956
208.265 607.271 21.3683 27.0616 0.842604
650.687 345.062 14.2972 17.7472 0.840965
627.304 329.405 13.1804 15.7122 0.839025
819.153 368.998 14.3993 18.0868 0.833241
383.054 412.555 15.0677 17.6497 0.831327
358.863 535.838 16.6866 21.5533 0.830271
744.268 392.282 13.4658 17.0605 0.827584
302.727 606.015 17.6021 22.5453 0.822206
733.038 415.424 15.787 19.7022 0.816358
358.664 456.061 17.1376 22.3082 0.815386
119.198 617.82 22.5393 27.2175 0.815297
400.739 525.688 16.7371 21.5477 0.814137
250.847 406.255 15.4913 19.5931 0.813418
425.991 451.883 14.8157 17.5078 0.809733
537.962 376.066 16.0708 19.6384 0.802242
