10--People_Marching/10_People_Marching_People_Marching_2_40.jpg
23
825.073 235.379 63.4371 78.9664 0.996977
709.667 264.953 57.3541 67.2739 0.990669
402.915 158.544 28.7905 33.7589 0.987723
266.96 119.564 28.3218 32.0573 0.987205
584.47 269.125 47.4594 55.4094 0.98702
357.175 128.875 26.6204 32.0998 0.986814
42.5696 128.679 48.5091 57.9846 0.977467
515.806 508.398 105.456 119.684 0.97738
496.61 146.54 30.1453 34.9815 0.976089
170.302 221.859 34.9624 47.7969 0.94497
665.287 202.123 41.6451 54.7746 0.942599
94.5872 91.4077 24.3263 29.7914 0.925391
83.7468 460.259 93.0659 112.59 0.909088
703.812 352.292 47.262 70.7573 0.905546
409.52 44.6873 14.8229 17.9739 0.89908
136.723 79.4765 21.861 28.5475 0.897137
711.872 85.7475 15.7758 19.8724 0.887929
514.87 86.8908 21.8818 26.8963 0.884338
420.151 101.388 23.5672 29.9751 0.877908
939.549 248.227 44.8784 54.9542 0.871181
97.5054 134.677 30.4541 39.4262 0.864701
684.893 253.773 37.4698 43.6638 0.85486
766.162 209.513 38.7892 33.9347 0.852477
