1--Handshaking/1_Handshaking_Handshaking_1_236.jpg
10
501.84246875 191.81459375 51.38015625 64.256953125 0.999342501163
859.818125 247.79596875 24.8576875 33.51146875 0.998568534851
916.496125 231.624375 26.321375 29.910953125 0.998550951481
193.120671875 140.234765625 60.54990625 80.6985 0.998275756836
729.6355 238.331625 30.8355625 41.3068125 0.997938215733
978.807625 272.394125 22.931625 28.24475 0.990737140179
616.9859375 288.7210625 29.256625 35.42971875 0.98217010498
382.641 187.73209375 42.33246875 67.25815625 0.979908287525
892.4120625 518.17071875 32.233125 46.87065625 0.968786418438
0.0 192.2761875 33.3394335938 88.74546875 0.814288496971
