1--Handshaking/1_Handshaking_Handshaking_1_579.jpg
138
583.1495625 318.9624375 34.4824375 41.3855 0.999726712704
594.9768125 418.27046875 36.3931875 44.5580625 0.999583661556
650.97975 278.65590625 30.3495 41.40575 0.999315977097
498.61396875 406.7103125 33.76265625 44.39503125 0.999302983284
144.315546875 311.25771875 35.88440625 42.42778125 0.999227285385
271.55053125 214.74753125 26.7210625 34.984 0.999094963074
413.89109375 332.121125 37.1849375 42.5656875 0.998989880085
384.62953125 279.07259375 25.10384375 31.50146875 0.998968482018
625.479875 235.291890625 26.2469375 37.094890625 0.998919606209
471.00915625 348.15403125 29.54596875 39.820125 0.998894393444
237.30809375 197.413171875 25.89584375 30.75809375 0.998857140541
636.172625 196.601609375 24.5985 33.12834375 0.998823583126
787.733375 411.90109375 33.9046875 40.7195625 0.998771250248
78.078125 360.87828125 33.2044921875 34.3925625 0.998745441437
191.1629375 152.19375 16.119046875 20.376390625 0.998658299446
529.7495 311.38078125 30.2575625 38.44159375 0.998547136784
881.1255 273.67128125 32.0280625 41.29228125 0.998230755329
749.323 303.85753125 28.795125 37.12034375 0.998226106167
938.7640625 429.911625 36.3386875 42.5023125 0.998100340366
646.281 127.1654375 15.987625 19.643296875 0.998093426228
426.4064375 98.02434375 12.915625 16.8422890625 0.998006641865
393.9015625 381.933875 33.9471875 40.80609375 0.997978150845
243.900015625 148.11459375 19.19596875 24.55003125 0.997835338116
361.44784375 196.43196875 24.6224375 32.60484375 0.997712492943
585.4055 250.000140625 28.8991875 39.310765625 0.997696340084
530.3518125 238.604015625 22.1573125 28.738828125 0.997595965862
175.964203125 242.582859375 23.591265625 29.267390625 0.99758541584
442.81184375 131.49896875 15.96753125 21.03803125 0.997549593449
492.38728125 283.4019375 26.715125 34.192875 0.997545778751
171.24690625 283.50803125 25.004359375 29.228625 0.997303366661
890.8579375 172.851046875 27.235625 35.5865 0.997176766396
179.636515625 315.00228125 32.097484375 35.077625 0.997132062912
35.470015625 118.35975 15.3971796875 19.846984375 0.997020542622
1003.1905625 230.780296875 20.7854375 36.606640625 0.996962726116
271.42825 116.3819375 13.85403125 17.1451875 0.996955633163
530.11525 194.001703125 23.9621875 31.448140625 0.996947348118
734.210625 145.018765625 18.99375 23.50959375 0.996729016304
614.6435625 98.67653125 13.8518125 17.908171875 0.996458947659
857.9099375 342.1183125 35.43425 47.282375 0.996440112591
475.6458125 134.222625 13.800625 16.760453125 0.996184885502
861.20775 256.2865625 25.50425 36.47646875 0.996122896671
25.9525839844 202.87259375 25.3211191406 30.673140625 0.996029138565
439.51715625 308.40621875 28.02596875 37.25921875 0.995718300343
322.4643125 349.266 34.25990625 37.41121875 0.995663821697
738.0095625 190.132390625 27.5199375 34.197890625 0.995564579964
8.22684277344 386.8360625 38.5796767578 40.054125 0.995552837849
885.6995 476.67240625 35.738125 45.13809375 0.995404005051
676.7646875 363.7384375 33.4753125 46.35590625 0.995322883129
562.5510625 142.2836875 18.2909375 22.30525 0.995239257812
523.106625 129.837101563 16.286875 21.2288046875 0.995153307915
797.3301875 137.704390625 15.9125 19.867125 0.995079994202
677.5395625 129.434929687 17.071375 20.6849609375 0.995045304298
648.6735625 144.05503125 16.990625 20.270734375 0.994729995728
775.4845 354.63646875 29.96175 39.9935625 0.994638621807
509.4015 116.625726563 13.05709375 16.6505234375 0.994521975517
885.5484375 144.450546875 18.4675 22.565234375 0.993995785713
306.48846875 259.76959375 23.0996875 28.227375 0.993209421635
902.878625 96.3688125 13.764875 18.0278046875 0.992940425873
150.02375 205.692640625 23.317703125 28.469 0.992938697338
587.806875 206.08275 20.0810625 25.02359375 0.992896616459
678.7559375 95.156171875 13.7618125 18.1349921875 0.992837011814
730.6375 112.887570313 13.520625 16.448890625 0.992813885212
119.837429688 254.510484375 23.9170234375 28.641265625 0.992810666561
21.3658027344 130.853289063 12.9196542969 15.9163046875 0.992630958557
640.1574375 82.6487421875 12.4994375 14.4780546875 0.992349624634
87.3459609375 209.988 24.10203125 29.0870625 0.991710543633
989.3906875 106.725273437 13.396875 16.5433671875 0.991635560989
387.40878125 75.87553125 12.06196875 14.949640625 0.991323590279
10.0858603516 117.2345625 12.4940009766 15.57821875 0.991173803806
621.4016875 119.930703125 15.12975 19.852890625 0.990955412388
131.228984375 153.351953125 19.585828125 22.97965625 0.990926504135
836.190875 505.080625 28.91925 46.795625 0.9907528162
220.77065625 181.869421875 18.712671875 22.996234375 0.990687429905
455.9151875 167.4 18.54690625 21.177359375 0.988143742085
720.1445625 160.701890625 18.532 23.2115 0.987963318825
249.880328125 107.389101563 11.787578125 15.3480703125 0.987935423851
72.90684375 190.932203125 18.5045546875 23.278421875 0.987015485764
926.7626875 107.536671875 14.705625 17.294921875 0.986557304859
498.3554375 200.44303125 20.67971875 28.292734375 0.986533284187
263.867125 146.568765625 17.5668125 21.845796875 0.98642885685
32.4105371094 161.836046875 22.6704160156 26.7494375 0.985812664032
338.4543125 73.89696875 11.680375 14.6332265625 0.984943926334
973.672625 191.478453125 25.451 30.6591875 0.984485030174
947.965375 161.75896875 17.101125 21.2895 0.983911395073
3.84350537109 257.01228125 21.4435571289 29.54765625 0.983676612377
904.6939375 147.17084375 22.382375 28.0325625 0.982828319073
826.4786875 111.713882813 16.6101875 19.2578671875 0.982311248779
660.915125 66.466234375 12.0849375 15.53146875 0.982081472874
463.31971875 225.258796875 22.87103125 28.87040625 0.981166660786
275.76890625 309.55203125 26.48640625 31.67665625 0.980753362179
197.161171875 232.645765625 22.3491875 28.485625 0.980324685574
303.657625 76.584640625 12.18534375 15.470734375 0.979901909828
125.767765625 130.507132813 16.117140625 20.8442109375 0.97873622179
170.956953125 118.246304688 15.639453125 19.7479453125 0.977643311024
377.2293125 177.30009375 21.86290625 27.85646875 0.975956976414
828.377125 241.49984375 25.152375 32.8468125 0.974346160889
1008.7636875 132.906859375 15.2123125 28.77225 0.974255084991
643.7355625 171.703703125 18.868 22.5818125 0.973926365376
399.65675 211.32221875 19.74565625 24.09103125 0.972305774689
25.16934375 254.559046875 22.4736132812 29.132515625 0.971316277981
327.56725 206.464984375 20.31228125 29.378828125 0.969765603542
960.0551875 108.28634375 15.8663125 19.964296875 0.968563437462
665.7745 132.427453125 12.61675 17.157015625 0.967218518257
484.5296875 158.562421875 22.02990625 26.292125 0.963277101517
779.04975 202.804734375 16.8319375 22.56409375 0.961123168468
779.661625 123.95053125 14.6841875 18.5461875 0.960651993752
569.8844375 191.28190625 18.6275625 22.376484375 0.957616209984
662.202375 187.736828125 22.7369375 29.307796875 0.955651640892
230.2218125 145.00565625 14.482125 18.948265625 0.955215394497
303.0314375 101.419515625 12.56134375 15.926859375 0.95351266861
400.9234375 151.223125 18.05559375 22.169234375 0.953317403793
30.8151992187 287.262125 26.2710976563 32.76534375 0.952650427818
574.40425 76.9305 13.45375 16.293265625 0.950939714909
395.7273125 97.410203125 12.833125 14.9869296875 0.948973655701
868.0523125 154.430015625 15.043875 18.01971875 0.947676002979
243.668796875 124.345484375 13.14959375 16.339546875 0.946922004223
845.048375 119.36103125 17.17625 19.55609375 0.946562170982
131.696296875 108.446023438 14.254046875 18.7655625 0.943608820438
590.780375 99.518734375 13.157875 15.60853125 0.939911007881
228.9985625 96.383484375 13.181609375 17.4325703125 0.938850462437
478.0930625 113.391257813 13.88984375 16.4181875 0.936893939972
707.4576875 130.478125 14.0649375 16.403875 0.934708952904
308.53446875 153.121578125 17.41765625 20.561109375 0.931973814964
837.8011875 138.7449375 18.2905 22.061375 0.920520544052
82.4093828125 122.395132812 13.9061875 17.8133203125 0.915384173393
374.54728125 256.39375 22.076375 31.588625 0.913087904453
967.517875 165.084375 15.104125 19.653328125 0.905340611935
613.372875 72.3746015625 12.19125 15.36165625 0.898146748543
697.899625 75.7498515625 13.649 16.90665625 0.894826948643
387.81540625 124.294015625 13.03125 17.98196875 0.893257796764
440.79634375 278.75534375 25.20753125 32.0426875 0.88289052248
584.69475 89.2494921875 13.9513125 18.12959375 0.849873542786
317.160125 295.10628125 25.655625 32.169875 0.84934347868
100.055929687 119.2854375 15.0746953125 18.90146875 0.837613105774
764.762625 153.111703125 15.5955625 24.55590625 0.828300774097
531.623125 145.849921875 15.8123125 20.194875 0.812546014786
102.875101563 183.32059375 17.970796875 21.892 0.809436321259
371.338625 76.1517734375 11.0528125 13.368296875 0.80028706789
