2--Demonstration/2_Demonstration_Protesters_2_493.jpg
32
648.568 171.118 47.0836 57.7109 0.997053
772.12 130.393 33.4961 44.0289 0.995516
718.88 132.311 36.4318 46.7355 0.993122
386.51 149.767 38.1699 46.0634 0.992881
847.665 142.942 30.8096 40.9207 0.992427
92.4118 113.348 25.4494 31.6959 0.990864
375.212 96.6685 26.1455 33.759 0.990298
279.055 114.665 27.45 35.836 0.989148
555.61 131.776 35.0861 43.5264 0.987354
923.746 160.841 37.2075 45.2223 0.984313
866.741 91.7858 25.9103 34.1772 0.975551
827.821 71.3484 28.3767 35.5498 0.972949
-22.05 432.027 101.227 170.241 0.970039
343.556 113.957 29.8826 38.6556 0.967481
255.372 98.0647 22.6439 28.057 0.962414
18.8769 99.9467 23.6639 29.5354 0.956465
304.489 161.78 34.7546 41.5757 0.943748
915.976 73.9609 25.3937 32.7564 0.934608
710.411 111.392 27.0062 30.8289 0.927993
455.633 132.594 38.6421 45.9186 0.917772
160.969 80.8018 22.6814 27.2144 0.886571
314.043 83.8066 23.3474 29.4255 0.882219
201.247 79.9768 22.5531 28.2425 0.880057
833.407 181.733 30.3423 43.6618 0.877023
872.829 208.303 50.4673 57.762 0.873492
604.662 83.86 24.467 30.5715 0.871247
650.101 90.3442 23.1543 29.2834 0.865292
32.1361 67.9934 22.9977 28.9477 0.849383
939.247 129.412 33.2639 41.0536 0.828887
523.122 117.558 26.0249 32.0311 0.824192
951.679 48.818 15.6736 18.9183 0.820534
635.332 104.757 24.08 29.0302 0.806239
