2--Demonstration/2_Demonstration_Demonstration_Or_Protest_2_441.jpg
13
285.926 185.383 34.3696 44.0647 0.996318
854.946 170.926 36.1635 45.8504 0.993902
932.095 154.768 36.533 44.917 0.993422
330.57 208.534 35.9162 43.5859 0.992629
-1.55889 190.754 35.1191 39.4539 0.992148
108.899 183.716 48.4772 57.8425 0.991285
401.677 166.089 37.423 47.2635 0.989924
233.238 154.983 40.5866 46.8192 0.988586
611.017 176.988 39.1608 45.1907 0.987466
569.231 176.408 36.3806 47.0932 0.986113
499.832 165.724 37.427 49.1454 0.977712
789.817 159.25 42.8975 52.0338 0.964253
719.321 165.346 26.1326 35.2148 0.903019
