2--Demonstration/2_Demonstration_Demonstration_Or_Protest_2_140.jpg
17
952.506 639.108 27.4058 31.9351 0.979989
842.113 629.388 25.4825 32.9182 0.932419
280.822 525.95 14.0859 17.5454 0.888051
524.036 527.883 13.3533 15.9263 0.884193
833.92 542.61 16.0049 19.1542 0.883754
778.008 521.344 14.6804 18.4496 0.87548
231.916 464.381 15.2553 20.1373 0.874745
680.897 476.34 14.718 17.5248 0.868858
203.324 541.691 15.5189 19.5151 0.849527
450.108 484.869 14.7262 18.0231 0.847133
609.681 431.523 14.1245 17.5344 0.844838
455.661 397.409 13.088 16.1382 0.840142
762.555 597.297 14.4678 17.191 0.83833
768.184 542.276 17.6106 21.1101 0.827946
806.274 568.216 16.1329 20.8196 0.805386
802.509 645.911 15.9539 19.1774 0.803715
784.86 560.071 16.8077 20.9718 0.802242
