2--Demonstration/2_Demonstration_Demonstration_Or_Protest_2_420.jpg
14
477.946 163.25 34.6502 43.5092 0.989856
404.06 229.091 51.4102 75.8121 0.985161
310.136 167.523 30.8717 49.6865 0.964973
418.695 131.888 24.1516 33.1469 0.947841
596.146 170.265 29.2332 49.7783 0.946879
369.619 173.73 26.3762 37.0939 0.945921
808.919 185.223 29.1689 36.2874 0.894152
208.959 145.622 26.7946 38.9019 0.8868
721.736 163.158 31.6572 45.4243 0.876935
986.888 144.695 23.865 30.6771 0.871561
926.959 250.603 51.035 70.1419 0.863831
519.288 143.409 22.5243 31.7482 0.844238
910.239 111.999 13.926 17.7922 0.831162
640.045 124.021 27.1813 37.8566 0.831092
