2--Demonstration/2_Demonstration_Political_Rally_2_406.jpg
12
506.521 695.547 60.1342 85.0801 0.998936
625.275 620.485 134.835 179.858 0.996796
789.862 595.356 178.719 251.547 0.99124
491.018 580.279 25.7266 34.4657 0.986061
263.345 593.263 89.7166 120.414 0.98361
557.827 611.571 42.5739 56.5643 0.978152
251.363 545.807 23.2081 29.5775 0.965156
125.056 589.845 24.6362 29.4147 0.942502
746.043 337.124 14.4012 17.8521 0.919995
139.231 558.825 24.7539 28.7778 0.881652
380.79 616.369 48.1671 75.2454 0.872058
67.6825 553.529 23.2516 26.8584 0.802927
