2--Demonstration/2_Demonstration_Political_Rally_2_410.jpg
11
3.24033 526.436 63.9776 77.5702 0.999407
177.182 487.735 56.3586 67.2755 0.997928
464.965 455.304 38.8414 43.471 0.996558
729.438 470.97 52.0015 64.0984 0.995991
558.166 515.695 44.6893 65.462 0.993279
251.374 500.531 74.1797 84.8475 0.992681
932.31 447.534 30.6914 38.966 0.987155
855.377 420.743 40.5149 48.2654 0.985191
352.687 431.611 43.1714 45.497 0.982937
504.551 493.004 36.7586 45.9738 0.982609
634.145 447.328 92.5265 115.227 0.981352
