2--Demonstration/2_Demonstration_Demonstration_Or_Protest_2_476.jpg
32
622.198 559.929 28.9651 34.8641 0.98093
880.267 472.407 24.3995 31.8327 0.976904
624.624 454.964 26.5148 32.6442 0.969097
820.992 587.372 28.4926 32.9006 0.968209
779.556 504.783 26.5254 29.0865 0.967474
695.1 603.068 28.4401 30.5225 0.955893
747.873 468.16 25.8759 31.743 0.949842
274.147 500.659 24.2187 28.9015 0.949512
689.497 375.866 24.1803 29.5021 0.943771
191.485 552.718 23.1288 29.9662 0.942802
423.347 490.769 26.6667 31.1948 0.938136
986.799 374.274 27.6523 30.4045 0.937484
358.071 439.047 25.5296 30.9902 0.937353
768.283 402.203 24.1742 29.723 0.936228
246.569 481.997 24.8394 29.7559 0.927355
34.3544 416.718 24.7023 29.8627 0.925333
588.505 385.355 26.2203 30.627 0.920507
984.375 318.858 24.2312 30.1329 0.909002
514.084 398.121 24.2 28.7532 0.896545
191.772 500.191 23.3051 28.1909 0.890044
522.701 567.634 24.1327 32.835 0.877373
799.847 412.212 25.1364 28.9377 0.867613
577.66 433.816 25.5306 29.0271 0.853711
929.164 403.104 23.5759 27.7263 0.852719
674.81 463.542 26.2104 32.525 0.840367
941.571 288.244 23.907 31.7736 0.833783
667.733 427.692 27.6595 32.667 0.827714
946.568 445.371 28.4493 31.8272 0.82767
991.227 592.659 25.4301 32.5714 0.824989
551.492 463.035 24.5138 31.2744 0.817193
824.237 432.744 25.8533 31.5869 0.808771
754.73 576.764 31.8016 37.2246 0.808233
