2--Demonstration/2_Demonstration_Demonstration_Or_Protest_2_120.jpg
14
820.768 512.219 30.6385 39.4152 0.993969
995.817 480.42 34.6456 38.1614 0.992983
3.33264 490.126 79.7816 82.123 0.988974
900.454 506.542 42.2703 52.3064 0.977641
661.611 444.655 27.1318 30.2559 0.973303
937.666 472.686 27.0944 33.6001 0.966531
714.74 428.019 24.2852 30.3602 0.947995
482.853 293.018 23.686 28.5735 0.942233
958.58 398.113 16.4597 19.337 0.881437
838.104 384.191 15.3628 19.3696 0.870397
889.637 391.877 22.975 27.7772 0.866758
119.737 293.715 14.9166 18.9448 0.853014
881.193 356.288 15.6356 18.576 0.824038
273.886 288.541 13.4563 15.8771 0.814276
