2--Demonstration/2_Demonstration_Demonstration_Or_Protest_2_58.jpg
37
451.438 315.25 54.8188 71.2122 0.999466
161.803 299.785 58.6367 71.5334 0.999119
42.3175 238.408 57.8207 68.8177 0.998954
283.623 387.979 58.2664 80.613 0.998953
785.287 443.918 63.2203 79.905 0.998933
654.887 318.737 50.797 65.9748 0.998929
301.507 301.479 50.491 62.3782 0.998806
767.996 273.004 44.5638 55.9678 0.996046
149.429 159.503 29.7157 36.1902 0.995912
514.903 233.387 46.0905 58.0531 0.995893
88.3022 149.828 35.9665 41.2903 0.995516
836.82 171.442 35.212 41.4487 0.993711
246.617 241.223 47.1998 57.3748 0.992412
589.425 174.922 35.453 39.897 0.9923
157.421 235.257 49.4227 54.9466 0.991186
943.016 196.102 35.491 43.7978 0.990982
965.11 283.396 47.2239 56.1618 0.990916
696.914 247.553 43.4169 53.5008 0.990905
334.341 179.647 34.3705 42.6863 0.988624
314.636 126.393 24.7558 31.8338 0.98604
25.0945 510.47 107.328 108.597 0.976357
867.585 243.4 39.7518 47.0062 0.973858
581.437 571.022 50.9384 83.8729 0.946618
982.728 146.348 26.818 30.4325 0.93715
863.992 118.031 25.0874 32.6414 0.93496
623.065 269.691 35.4602 45.3977 0.92229
769.194 32.6975 14.6624 18.5319 0.913651
694.806 79.1802 15.9097 20.0378 0.901299
155.247 112.476 27.9541 32.1341 0.899284
382.976 298.419 38.8958 45.5054 0.88789
183.947 89.2373 22.6674 27.8433 0.875835
776.917 197.741 30.2739 32.1916 0.859191
319.594 224.473 37.7641 41.0931 0.857622
-6.24559 171.169 35.7725 44.0922 0.835407
690.533 52.891 14.7111 17.4192 0.835085
544.196 95.6469 15.0383 19.9281 0.822357
827.456 142.583 23.8671 33.2597 0.815813
