2--Demonstration/2_Demonstration_Political_Rally_2_137.jpg
11
905.275 275.906 29.3549 37.4766 0.994561
396.074 277.525 28.7808 36.8494 0.993623
7.27728 364.628 90.0933 125.718 0.987689
232.118 298.43 72.0546 100.412 0.983325
309.656 297.758 59.0273 92.4035 0.961189
653.035 276.589 36.2052 48.281 0.959934
756.212 275.207 37.0728 43.0202 0.955741
933.211 267.258 23.944 32.2772 0.949157
788.63 278.433 28.0264 37.5519 0.947693
-5.6402 307.828 27.9165 41.0072 0.932342
425.622 317.498 50.0827 63.467 0.81818
