2--Demonstration/2_Demonstration_Political_Rally_2_791.jpg
18
778.987 365.465 66.8762 87.261 0.997823
404.717 136.774 60.8317 81.7827 0.997358
393.92 347.704 67.2557 84.3036 0.995703
593.896 38.7213 69.1906 86.494 0.995563
545.011 297.41 71.991 90.9142 0.990212
21.3643 544.187 35.6296 44.4628 0.989928
992.146 518.425 28.6504 37.7328 0.984649
647.29 272.904 71.9602 91.465 0.984568
320.004 467.673 30.6292 36.4915 0.983552
333.022 541.795 38.2829 44.9785 0.982641
206.023 413.301 73.5751 90.1113 0.97248
396.484 526.215 34.8057 39.5728 0.969619
955.124 511.64 29.504 32.5655 0.95645
860.564 521.698 26.2491 33.062 0.946406
487.747 540.094 36.7382 44.1381 0.945134
39.4202 467.863 24.7647 30.8724 0.930477
679.585 518.199 30.0703 40.5228 0.927011
81.1612 515.932 28.1609 32.4813 0.812156
