57--Angler/57_Angler_peoplefishing_57_139.jpg
13
241.264 340.932 14.1847 17.5961 0.998429
551.863 316.876 12.9425 17.3253 0.996306
199.826 319.168 13.6905 16.7363 0.996041
474.922 338.793 13.9747 15.9939 0.989214
624.763 298.041 13.6599 16.7927 0.978499
179.423 340.141 13.7115 18.5466 0.963429
675.84 295.543 12.136 15.5491 0.954793
673.342 320.516 11.1249 16.7088 0.916405
698.833 301.537 13.1104 14.5676 0.852051
781.103 253.256 12.4122 15.6222 0.851104
690.006 274.059 12.8541 15.6094 0.848912
818.36 297.096 12.4546 15.2936 0.836824
810.74 313.984 12.2456 14.6456 0.828031
