4--Dancing/4_Dancing_Dancing_4_41.jpg
12
598.155 105.159875 53.5758125 70.91634375 0.998405754566
19.3316757812 401.6750625 23.6004296875 29.45721875 0.996639847755
130.524070312 376.29528125 15.7263671875 20.96721875 0.996337175369
196.00825 393.49353125 17.072234375 20.79934375 0.994043767452
550.2179375 99.8913828125 44.3200625 79.9913828125 0.993595182896
56.9078945313 364.2204375 16.1286289062 20.60321875 0.993451118469
95.17196875 400.07796875 23.040359375 30.2445625 0.985766768456
255.353609375 385.5206875 17.237234375 21.439 0.985585749149
229.453640625 370.78959375 14.631953125 18.481125 0.970423221588
37.99590625 382.0438125 18.5630429688 23.23778125 0.945784151554
149.09021875 396.372125 21.452703125 28.619125 0.92685931921
103.567117188 352.500375 16.8997421875 20.01446875 0.88594263792
