4--Dancing/4_Dancing_Dancing_4_84.jpg
16
698.573125 161.337359375 45.9015 58.27853125 0.999345600605
134.488046875 176.677203125 44.98378125 55.413453125 0.998638689518
537.5076875 201.193265625 32.859 49.000203125 0.998495459557
851.1579375 109.654757812 40.8361875 47.1329453125 0.998349666595
478.356125 138.716015625 37.97409375 43.9320625 0.998214840889
148.819890625 79.3767421875 18.825859375 22.3848359375 0.998156130314
221.613640625 73.4059453125 18.299390625 23.6596875 0.998088657856
605.455375 84.3528203125 18.9173125 23.522671875 0.99769359827
342.27725 159.1073125 43.55259375 46.845578125 0.997207462788
273.96159375 137.609078125 18.66903125 20.581078125 0.989766657352
732.5175 70.705265625 23.062875 25.7467109375 0.98789948225
765.0005625 130.703367187 23.637125 26.8638203125 0.98638433218
790.5425 66.101421875 20.716625 22.1745 0.979582548141
451.36928125 140.77471875 18.3108125 23.1726875 0.972101926804
51.1223984375 69.251984375 21.788546875 28.014109375 0.955994606018
937.0969375 207.138625 22.703375 31.525203125 0.921430885792
