4--Dancing/4_Dancing_Dancing_4_715.jpg
8
411.18365625 107.3868125 42.49309375 64.15040625 0.998890817165
416.58525 442.983875 32.7635 37.49565625 0.998827636242
485.9706875 470.55275 38.361625 45.16625 0.998189985752
660.4443125 123.969953125 42.3070625 58.564359375 0.99812489748
74.5480859375 457.936125 38.906921875 43.68075 0.998088300228
623.0784375 452.562375 34.5368125 40.82034375 0.997725784779
293.571 464.93525 34.07434375 40.81128125 0.993096411228
148.860578125 454.5750625 29.892828125 36.1553125 0.959450364113
