44--Aerobics/44_Aerobics_Aerobics_44_332.jpg
15
124.249 300.482 13.8182 18.4216 0.99953
548.02 306.608 14.2449 22.2224 0.994657
426.294 305.77 27.1235 33.7366 0.993645
298.13 305.337 12.6736 16.1331 0.992288
20.1728 294.522 14.695 17.8367 0.987647
74.335 300.962 12.9498 15.3037 0.977954
396.095 299.258 14.2144 19.6471 0.975327
208.139 300.539 15.0214 18.6853 0.970218
936.49 317.916 14.4253 20.3048 0.969009
180.507 305.28 21.9789 28.7938 0.950615
385.653 304.314 13.7118 19.8753 0.927016
869.322 303.215 11.6855 14.7944 0.92532
749.236 308.212 14.717 18.9264 0.922274
701.555 309.382 23.3109 29.4077 0.897546
986.581 303.756 14.4235 17.2655 0.859532
