44--Aerobics/44_Aerobics_Aerobics_44_167.jpg
17
273.293 304.656 69.0236 98.3722 0.999252
845.461 234.271 16.5125 20.5245 0.999021
890.932 490.394 134.88 185.639 0.998755
885.258 320.77 62.9027 78.0676 0.998669
611.236 307.845 27.2871 32.4311 0.997108
958.818 262.034 15.6096 19.4823 0.996865
792.215 276.432 38.0779 48.6086 0.996447
682.124 269.221 22.9211 29.5819 0.994911
373.479 283.774 31.3904 41.3607 0.9948
770.106 273.026 24.301 34.9665 0.994652
925.653 244.365 22.2232 30.3013 0.994104
574.285 246.431 16.9889 20.9555 0.972927
177.028 280.073 25.0162 28.7644 0.972382
723.341 266.548 18.1674 20.5436 0.96362
748.438 245.416 15.092 18.3696 0.962861
1006.83 269.679 14.4335 20.184 0.888758
879.136 261.809 14.2861 16.9326 0.863435
