44--Aerobics/44_Aerobics_Aerobics_44_852.jpg
19
388.025 277.185 36.3817 42.1634 0.999089
169.536 243.325 16.9568 19.5167 0.999036
223.195 225.126 15.5874 19.8037 0.998758
486.455 230.717 24.1369 30.5419 0.998456
237.393 259.875 26.026 30.6658 0.99789
439.149 253.552 27.4881 34.1606 0.997681
189.692 237.743 16.7706 19.7469 0.997501
120.006 292.125 29.1271 39.453 0.997399
92.2847 257.317 22.8597 26.6038 0.996298
946.396 203.096 19.5562 22.9302 0.995867
698.674 257.167 44.0775 51.9162 0.995571
328.182 224.991 19.4576 23.0781 0.994736
908.418 192.148 17.6634 20.7541 0.990967
-0.822033 243.319 14.7835 17.2721 0.98969
684.572 239.803 24.6479 32.334 0.988072
265.223 241.346 22.7802 28.9787 0.98476
493.043 202.627 15.892 18.987 0.97241
349.482 213.353 16.5373 19.936 0.968659
846.053 197.7 15.7159 19.079 0.954353
