12--Group/12_Group_Group_12_Group_Group_12_417.jpg
11
786.907 232.654 35.5988 44.0031 0.998547
203.785 230.537 35.9647 44.7419 0.998341
509.606 226.093 30.2068 38.3139 0.997913
641.005 239.129 29.7092 36.0554 0.996799
860.805 211.125 36.5734 46.4888 0.996769
720.737 217.977 32.0667 40.7181 0.996607
113.837 215.727 37.1102 46.0384 0.996526
372.086 241.525 31.3856 42.0752 0.995972
580.616 229.375 27.6796 36.2432 0.994629
274.789 220.73 32.6268 38.9602 0.992486
444.947 217.415 29.8556 38.0117 0.989277
