12--Group/12_Group_Team_Organized_Group_12_Group_Team_Organized_Group_12_412.jpg
19
554.539 234.005 35.1315 46.0451 0.999198
760.59 179.332 33.2386 42.2664 0.998957
661.374 224.451 33.7165 41.3891 0.998241
3.53685 209.605 41.3422 43.6227 0.998019
384.588 217.021 42.867 53.464 0.997937
705.14 202.227 38.6247 44.7206 0.99779
576.862 400.029 46.032 59.9464 0.996873
115.754 191.468 35.8953 45.9124 0.995648
496.113 228.794 37.0607 49.8709 0.995457
232.798 196.657 40.5715 58.4359 0.995414
889.071 224.732 38.465 48.2426 0.994545
590.738 225.639 26.8848 39.3224 0.993623
330.165 221.352 36.8543 46.2976 0.993497
142.565 212.841 40.9837 59.2798 0.988956
779.684 56.3081 32.8276 42.872 0.987952
966.911 139.126 35.9907 47.012 0.987477
604.087 334.288 36.5928 51.4423 0.967139
496.062 174.958 28.8986 37.9401 0.964872
908.66 208.779 32.8932 43.1135 0.940756
