12--Group/12_Group_Group_12_Group_Group_12_179.jpg
13
893.445 247.18 56.157 68.9303 0.999337
143.778 201.787 48.4821 55.1403 0.999194
446.895 141.967 49.4173 60.2474 0.999192
635.231 247.37 56.7209 67.2694 0.998943
723.387 201.588 51.2109 62.0242 0.998843
227.542 235.946 54.2767 68.2523 0.998801
355.65 234.578 47.3074 61.7533 0.998519
88.1182 223.49 59.2127 67.2974 0.997792
308.542 195.351 46.97 61.8245 0.997566
785.622 254.511 54.626 69.3337 0.997464
491.266 204.568 58.6198 71.8419 0.99719
269.334 162.113 38.6095 47.2244 0.990167
978.449 286.726 11.5366 14.0046 0.966941
