12--Group/12_Group_Large_Group_12_Group_Large_Group_12_196.jpg
11
875.647 85.9001 49.402 67.1871 0.997754
805.746 141.889 43.2075 58.3362 0.997724
715.888 135.338 45.9432 59.2113 0.997595
103.358 108.373 52.9408 69.3325 0.996902
614.368 255.642 35.95 46.4917 0.995866
163.119 191.954 43.766 53.6109 0.995352
231.053 200.378 38.3434 47.579 0.99454
308.692 196.124 39.9104 45.9197 0.994229
541.172 197.991 35.9463 42.2516 0.99328
403.266 283.883 34.5218 42.1636 0.986104
474.242 320.248 32.8561 40.9776 0.964244
