12--Group/12_Group_Team_Organized_Group_12_Group_Team_Organized_Group_12_138.jpg
12
764.628 967.895 67.0561 86.4432 0.999475
140.405 431.954 69.9601 79.4067 0.999218
218.437 949.63 90.8568 107.639 0.999131
103.801 904.195 89.6893 106.339 0.998791
877.088 1005.53 61.1684 74.3995 0.998139
834.577 407.821 39.3786 47.2439 0.998063
768.044 423.247 39.4775 47.6507 0.997944
422.249 410.353 47.8063 55.5274 0.996517
385.883 425.521 32.5673 47.3963 0.995598
512.584 433.769 31.2953 38.7431 0.995221
573.302 402.612 41.9036 61.3742 0.995003
234.577 526.027 59.8843 85.0845 0.994569
