12--Group/12_Group_Group_12_Group_Group_12_249.jpg
18
493.409 567.155 69.4376 77.236 0.999937
823.607 420.139 36.1406 38.6376 0.999725
403.473 391.196 48.8306 60.9856 0.999617
465.854 138.462 36.6417 42.6147 0.999563
143.013 17.1268 67.7277 72.6817 0.999543
342.795 285.061 53.6281 54.8304 0.999017
551.049 247.173 49.4378 53.2112 0.998954
937.887 553.345 36.0121 40.5249 0.998951
617.04 371.329 50.4886 53.4529 0.998735
882.88 479.271 35.364 37.5156 0.998591
979.532 610.203 38.0971 40.0456 0.998559
453.472 194.959 48.4091 49.8142 0.998416
515.782 206.026 43.6283 44.1919 0.998209
881.269 532.386 34.3872 36.9755 0.997929
584.405 304.043 48.189 51.5168 0.996439
765.098 413.378 27.4616 29.1654 0.995953
740.834 364.134 29.4145 30.4374 0.99593
718.89 332.646 28.1729 31.5853 0.985388
