12--Group/12_Group_Large_Group_12_Group_Large_Group_12_550.jpg
12
223.01 53.8039 44.8874 58.9189 0.99716
232.343 525.105 36.3455 46.2101 0.99634
940.84 57.5747 41.8462 56.4592 0.995762
63.4789 62.4031 42.9759 56.6021 0.995644
579.782 523.005 41.895 57.7964 0.995356
738.533 515.525 43.3501 56.1257 0.995052
591.062 60.6098 41.2054 59.1324 0.99311
413.248 517.466 42.5566 55.3289 0.992799
754.08 68.3376 37.5025 46.5661 0.987957
398.428 63.3001 37.7264 51.4249 0.987501
71.5157 530.441 39.6293 49.1656 0.98351
904.852 524.194 34.2562 47.4109 0.98196
