12--Group/12_Group_Team_Organized_Group_12_Group_Team_Organized_Group_12_778.jpg
64
765.78 116.303 23.7869 30.473 0.999573
847.606 129.904 24.7521 31.2651 0.999236
817.635 141.139 25.6739 29.9979 0.999172
108.131 283.074 26.062 30.3982 0.999128
876.332 132.417 23.8403 28.7364 0.99901
60.1731 282.708 25.7045 30.5698 0.998916
803.923 115.463 22.8365 27.8237 0.998853
903.128 139.594 24.8601 29.1155 0.998773
226.545 280.557 25.0174 29.9763 0.998537
369.534 81.5393 23.1015 30.133 0.998513
891.489 166.577 24.9536 30.8076 0.998409
581 99.1096 22.8366 29.144 0.998343
746.731 92.2901 22.7459 28.5472 0.998296
517.25 295.777 24.7125 30.6498 0.99808
434.993 83.6825 22.7439 27.742 0.998056
931.258 150.453 30.5939 37.0344 0.997977
662.64 90.4013 23.5173 27.6196 0.997911
170.576 283.938 25.0091 31.2228 0.997738
622.671 91.8836 20.6899 24.1063 0.997582
498.453 89.2288 23.9033 27.4861 0.997453
294.184 100.955 22.9976 28.3251 0.997391
163.441 92.931 22.2904 28.4516 0.997275
405.38 308.882 24.0494 30.0851 0.997214
318.892 74.7537 19.5969 24.5304 0.997181
787.757 92.7788 22.6934 27.007 0.997118
688.773 74.9487 21.6161 27.6512 0.99706
538.557 66.5741 22.4631 26.8747 0.997044
251.331 77.9643 19.3883 23.3203 0.99683
715.693 87.0524 22.73 27.9874 0.996825
466.236 295.155 24.2513 30.4906 0.9966
718.65 119.921 24.4694 29.7485 0.996078
598.755 76.7982 16.1699 22.2927 0.99601
646.078 299.172 25.4566 31.4834 0.995909
343.528 290.121 24.3054 29.9031 0.995667
230.08 95.5714 22.7067 27.9288 0.995209
510.549 58.6854 22.8248 28.1242 0.995172
287.324 292.65 23.9787 28.211 0.995115
585.937 299.816 24.8005 31.0937 0.994759
653.178 229.031 23.0045 28.6588 0.994546
493.518 223.923 22.6786 28.6278 0.994447
328.877 228.225 22.279 28.2429 0.994291
344.975 54.297 21.8694 27.4536 0.99405
610.876 229.441 22.5485 27.7649 0.993644
580.387 59.6231 19.4597 24.3931 0.993387
282.818 63.6119 20.2991 22.9441 0.992971
177.057 212.649 23.1533 28.1435 0.992902
234.124 221.038 22.1435 28.3288 0.992512
781.642 303.609 26.0758 30.7704 0.992306
849.075 191.338 26.6734 30.2559 0.992241
830.011 98.7871 22.622 28.4409 0.991957
693.34 120.74 24.139 29.6357 0.990694
554.932 228.716 23.0693 27.4927 0.990626
466.122 65.3475 22.2185 27.8069 0.990546
742.125 67.1188 22.3695 26.6716 0.98897
706.186 52.5089 21.6245 27.6085 0.988654
709.423 304.978 25.6868 31.0398 0.987628
412.224 56.9271 22.2157 27.3615 0.986201
440.156 226.333 22.3245 29.3106 0.986187
388.981 67.5764 21.8161 27.3341 0.983403
806.193 75.9029 21.522 28.6568 0.982534
275.921 228.704 22.5674 27.3931 0.981094
209.622 49.7426 21.9964 28.5692 0.980931
383.168 228.02 22.4804 27.8314 0.973812
643.155 80.3036 18.6796 23.4009 0.972067
