12--Group/12_Group_Group_12_Group_Group_12_112.jpg
37
366.303 154.778 31.4676 38.0327 0.999367
364.403 262.618 35.0274 41.9071 0.999247
468.486 151.187 32.8037 37.2921 0.999198
526.284 215.209 34.7516 39.8226 0.998991
791.192 198.373 37.7093 40.9609 0.998908
263.403 238.286 35.5109 40.8889 0.998857
448.746 238.736 32.5709 37.7645 0.998833
700.883 205.842 34.0965 44.5448 0.99882
180.295 308.857 39.2513 44.2949 0.998596
609.015 240.102 31.9737 38.633 0.998226
257.829 117.06 37.7775 44.1299 0.998149
786.659 457.37 36.187 40.8346 0.998098
701.638 160.318 34.7995 42.4538 0.998068
542.79 483.317 36.4173 40.7271 0.998044
369.179 318.979 33.4916 37.9228 0.997686
395.06 254.472 32.959 40.1209 0.997643
672.719 277.936 32.5424 34.8789 0.997613
144.097 173.612 33.1117 39.3853 0.997484
487.716 263.258 37.5428 44.6293 0.997357
851.962 245.945 36.074 43.5117 0.997348
86.6142 302.175 33.5892 40.4589 0.997332
861.741 153.221 33.8783 41.7088 0.996814
727.784 249.098 35.6399 40.0782 0.996725
455.147 479.694 37.7542 43.7328 0.996413
187.167 483.097 35.7374 40.5118 0.996399
580.113 143.678 31.8901 40.6813 0.996381
148.954 231.742 34.7571 40.9559 0.996318
257.416 316.715 35.4452 42.7158 0.99623
233.874 273.924 35.4289 39.9502 0.996078
720.639 453.36 35.1015 39.2166 0.995612
319.185 458.591 36.3452 43.2719 0.995285
640.737 486.645 34.2904 39.0147 0.995151
923.968 318.673 35.6361 42.781 0.99483
786.597 122.003 33.1749 44.3559 0.993578
579.977 256.179 35.0651 45.8013 0.993575
741.732 320.479 34.1963 39.6311 0.993335
580.98 213.694 30.5871 34.3473 0.993074
