12--Group/12_Group_Team_Organized_Group_12_Group_Team_Organized_Group_12_28.jpg
14
680.613 48.377 46.5489 64.324 0.998269
986.113 287.516 30.0561 39.1328 0.99789
926.519 241.851 27.6165 35.5419 0.99632
215.689 -23.4017 55.7841 70.4757 0.995995
467.244 260.43 24.2134 28.9133 0.994935
520.225 259.119 39.433 48.6668 0.994476
824.362 277.236 23.4615 34.8457 0.992577
965.81 254.825 24.8018 29.4371 0.988942
600.836 270.518 27.0605 33.1749 0.988105
136.145 267.298 29.1294 38.7166 0.980148
431.411 262.376 29.6751 38.1801 0.97736
12.4034 219.73 28.9593 32.4274 0.976177
872.668 276.328 27.8652 32.5343 0.957311
675.743 259.935 23.8956 33.3271 0.88045
