12--Group/12_Group_Team_Organized_Group_12_Group_Team_Organized_Group_12_283.jpg
62
147.724 253.193 17.7974 21.2766 0.999881
359.275 244.769 18.5792 22.2019 0.999866
735.848 230.708 19.1278 23.3275 0.999839
334.992 241.482 18.2865 20.9055 0.999682
390.232 258.87 20.7138 23.529 0.999678
431.628 246.09 23.888 30.2195 0.999385
825.972 247.695 19.8865 25.4984 0.999356
709.426 244.511 19.0649 22.0448 0.999092
668.26 235.446 18.2836 21.2022 0.999087
559.022 239.383 23.2626 28.2715 0.998987
653.397 259.641 19.9491 24.4429 0.998913
96.8886 260.808 19.712 22.7208 0.998851
248.58 234.521 15.667 18.0035 0.998829
768.895 245.066 19.8595 24.6887 0.998768
521.309 221.561 18.0231 20.4482 0.998758
233.562 256.599 23.497 29.4206 0.998744
800.4 241.869 19.1925 23.1712 0.998692
440.902 330.244 22.5013 28.6384 0.998639
301.999 251.315 17.9462 20.5354 0.9983
135.831 333.311 25.6313 31.2125 0.998293
480.602 215.567 18.6868 22.3001 0.998114
235.938 347.476 24.2771 30.771 0.998113
264.738 248.548 21.0428 26.4152 0.997983
385.605 228.842 19.2516 23.361 0.997917
175.759 227.429 14.8505 18.3138 0.997914
359.967 340.308 23.223 28.6978 0.997836
204.91 240.049 17.391 20.5678 0.99762
613.964 234.581 19.3162 24.1815 0.997314
64.9128 320.634 24.8601 29.7915 0.997164
477.273 267.592 22.3552 28.6222 0.997104
296.515 348.722 22.3658 27.5894 0.996792
467.96 234.189 19.4516 21.8439 0.99638
136.417 237.494 16.2352 18.9042 0.995898
414.79 244.306 17.5769 21.4116 0.995486
844.829 246.863 21.1739 28.7682 0.995422
586.369 236.321 22.2022 28.9595 0.99445
459.069 250.108 21.1184 27.8937 0.993976
305.555 265.546 20.9956 26.7816 0.993516
890.435 268.33 19.8579 24.3993 0.993514
69.0069 232.892 22.0431 29.5963 0.992733
541.753 249.506 15.1276 21.6784 0.992727
734.999 285.723 19.5179 24.7634 0.992626
521.048 260.012 17.8923 23.6886 0.990071
624.526 258.359 20.8151 28.0253 0.990022
330.17 260.816 18.1081 23.3089 0.989477
671.038 271.75 19.8205 25.0264 0.989253
354.127 263.78 20.9471 26.5705 0.988381
645.75 234.966 14.24 17.6428 0.986786
111.219 237.25 18.4538 20.1472 0.985921
177.919 262.461 19.0963 22.8196 0.985738
574.018 357.769 22.2701 27.0273 0.983946
317.496 220.515 14.8975 17.9794 0.983865
283.041 232.581 18.5075 21.9954 0.982554
518.834 346.899 21.9048 27.038 0.979521
217.853 229.709 17.6555 20.7505 0.976134
525.327 244.147 18.3323 20.7857 0.972855
699.261 230.182 15.7851 19.7121 0.972284
672.037 355.71 21.9667 28.2421 0.969574
632.12 243.726 16.2477 19.6267 0.9422
951.794 266.895 18.7944 20.7749 0.931887
305.561 233.824 16.3113 18.4415 0.901834
362.875 230.154 15.0407 17.1948 0.838155
