12--Group/12_Group_Large_Group_12_Group_Large_Group_12_120.jpg
188
386.517 392.223 13.9039 16.8681 0.999539
362.998 449.103 14.4779 17.0938 0.998945
323.053 294.154 12.5934 14.5886 0.998868
346.747 393.218 14.3231 17.2939 0.998772
427.174 358.633 12.8919 15.7644 0.998227
664.053 393.675 12.2968 15.3951 0.99788
361.432 294.411 12.2469 14.5377 0.99768
249.218 418.891 12.7009 15.9837 0.997531
876.87 419.799 12.6768 15.0703 0.997468
715.008 387.268 11.9725 15.3178 0.997312
271.587 296.424 12.1667 14.412 0.997284
345.97 293.95 12.5606 14.5164 0.997229
714.469 416.494 13.9067 17.6374 0.99711
70.253 327.779 12.469 15.2371 0.997049
327.624 350.604 13.4269 16.4192 0.996839
443.486 269.963 12.1509 14.7533 0.996729
845.104 278.279 12.8536 14.9992 0.996287
736.843 393.351 12.4487 15.5859 0.996172
394.322 418.159 13.9261 16.3615 0.996167
428.431 296.273 12.8293 14.7937 0.996089
410.712 385.953 12.3457 15.1059 0.995927
389.162 351.792 12.3097 15.2136 0.994318
738.719 419.903 12.9981 15.9421 0.994315
610.507 450.035 13.2946 16.8939 0.994214
623.752 386.473 14.4571 17.3734 0.994143
451.466 320.717 12.8131 15.1216 0.993679
288.886 298.285 12.0631 13.8604 0.993505
578.115 450.857 13.4661 16.7725 0.993464
548.096 392.18 13.6456 16.6371 0.993164
441.644 448.138 13.4131 16.7373 0.992644
192.6 419.705 13.2714 15.3315 0.992562
409.876 272.241 12.2359 14.3898 0.99167
863.924 297.43 11.914 14.2153 0.991535
828.846 449.346 13.7863 17.2516 0.99152
595.012 424.595 12.6194 15.7736 0.991439
689.466 453.561 14.1955 16.7246 0.991133
422.737 417.628 12.949 16.2707 0.99055
267.4 354.633 11.7259 15.0487 0.990103
369.694 352.073 13.5232 16.1786 0.989737
762.812 270.095 12.1225 14.6011 0.989117
157.375 394.773 13.518 16.4428 0.989068
764.367 427.169 12.7191 15.7874 0.98872
583.339 392.638 13.7454 16.7427 0.988671
411.949 322.537 11.9164 13.9395 0.988541
648.484 420.174 13.1079 15.9359 0.988508
901.866 392.193 12.4185 14.8816 0.988246
823.993 418.192 12.6565 15.3348 0.987773
469.405 392.964 13.7236 16.441 0.98765
926.436 386.75 13.8167 17.4389 0.987628
345.141 269.916 11.8176 14.2724 0.987606
755.786 246.377 11.4861 14.076 0.987426
549.159 294.765 13.1911 15.1271 0.987415
208.334 327.703 12.5918 14.5552 0.986605
691.299 420.198 14.1635 18.0078 0.986451
476.507 423.356 13.8161 16.9901 0.986187
510.232 452.962 12.9994 16.5825 0.985413
42.4389 400.208 12.6106 15.2844 0.985356
887.832 281.644 11.6641 13.8293 0.985227
404.893 449.029 13.6779 17.2249 0.985118
820.121 354.081 13.1315 15.3611 0.985033
368.392 386.539 13.4236 15.4137 0.98467
229.319 270.623 11.7786 14.3671 0.984581
308.161 271.55 11.5372 14.1173 0.984315
278.993 420.042 14.4064 17.6133 0.98391
607.832 375.309 13.6859 16.3781 0.983274
790.313 385.751 13.2664 15.9441 0.983257
149.61 327.35 12.8317 15.2299 0.983115
639.616 377.176 12.3806 15.1537 0.982789
698.671 245.579 12.1645 14.2044 0.982662
84.4723 424.732 14.6504 17.402 0.982367
76.0579 451.806 14.5215 16.9615 0.982222
911.64 297.671 12.8118 14.9167 0.981934
376.224 321.868 13.3008 15.3441 0.981784
677.054 386.144 12.4035 15.833 0.981562
886.294 452.107 12.1193 14.6483 0.979815
501.301 263.008 11.9202 13.9422 0.979784
221.464 355.319 12.881 15.0309 0.979626
335.884 427.688 11.7823 14.8316 0.97886
351.46 352.003 12.6124 14.8697 0.978251
93.2738 329.282 12.2689 14.6474 0.978151
607.663 271.418 11.8003 13.6732 0.977685
279.998 355.831 11.9637 14.3693 0.976499
901.379 347.025 14.4901 16.9014 0.974347
507.579 411.581 13.9604 16.9634 0.974312
864.275 387.273 12.1715 15.6376 0.972919
525.641 345.96 12.8263 15.1348 0.970809
393.808 322.447 12.1667 14.0849 0.970693
241.933 325.979 12.7217 15.5928 0.970581
719.853 448.799 13.9792 16.7138 0.969935
466.435 353.807 13.2396 15.8836 0.968265
543.698 419.916 12.4289 15.4923 0.968189
330.408 245.87 11.964 14.2879 0.968125
880.102 359.42 13.6886 15.9648 0.967504
196.816 393.509 13.4902 16.5909 0.966496
277.352 395.382 12.9353 15.781 0.966408
312.095 399.851 13.512 15.6468 0.966351
450.923 292.981 12.9749 15.1631 0.966072
426.062 270.665 11.8394 14.2155 0.964252
381.822 295.124 12.4066 14.9724 0.963932
958.403 425.946 13.386 16.2406 0.963812
45.6489 363.496 11.9703 14.4112 0.963667
270.699 272.275 12.3219 15.468 0.963409
884.021 297.702 12.3276 14.1639 0.963141
290.741 448.922 13.8074 17.1494 0.962489
804.148 420.149 12.8456 15.6603 0.960113
795.25 448.774 13.3687 16.4622 0.960095
803.051 295.541 12.3681 14.6656 0.95979
510.263 237.602 11.8861 14.0825 0.959137
303.557 296.625 11.4356 13.6173 0.958975
27.3778 387.456 12.2821 15.5593 0.957285
718.13 303.794 12.1276 14.6746 0.957029
748.449 379.48 12.7721 15.9579 0.955833
507.284 390.522 14.7094 17.0353 0.953397
198.226 245.899 11.4399 13.9184 0.95196
819.279 245.622 11.8359 14.5084 0.951939
247.66 270.723 11.6328 13.8489 0.951158
209.274 272.076 12.2727 14.7668 0.950576
547.143 451.873 14.1165 17.1668 0.950568
700.519 391.829 14.1097 17.3346 0.949577
823.883 296.334 12.4806 14.9961 0.943653
139.642 358.208 13.4617 15.7689 0.943606
737.337 294.26 12.6671 14.9355 0.943392
222.082 421.1 13.0171 16.0405 0.942975
700.591 303.516 12.0705 14.5459 0.942214
185.107 459.197 12.7169 15.5488 0.940977
632.671 346.365 12.867 15.0992 0.937894
26.5824 363.688 12.2398 14.4276 0.936316
256.342 383.665 13.588 16.2671 0.934961
471.605 288.718 12.9709 15.6978 0.934711
411.142 248.086 11.6664 13.8384 0.928024
690.184 346.415 13.2957 15.5521 0.927767
848.05 418.971 13.0089 15.5076 0.925152
425.283 390.239 14.111 16.5544 0.924461
39.77 328.683 11.9771 14.9903 0.92351
733.576 244.597 11.765 14.3918 0.920788
389.74 270.406 12.1994 14.5378 0.920766
256.317 452.804 13.6125 16.9194 0.920719
741.346 351.115 13.0664 15.8663 0.918917
496.437 302.893 12.8667 15.3789 0.914628
795.721 352.126 12.5286 14.5819 0.913481
189.531 273.704 12.4254 14.6249 0.911866
146.348 460.193 14.0988 16.2641 0.911177
354.361 322.41 13.6454 15.9616 0.908549
295.447 322.879 12.3877 14.9224 0.906856
476.256 454.927 14.3308 17.4825 0.904995
324.403 272.54 11.4229 13.7138 0.904771
291.348 271.929 11.9506 14.2741 0.90386
516.106 296.546 12.4251 13.7788 0.900491
487.451 319.115 13.0782 15.6449 0.897619
774.351 392.442 13.0814 14.8888 0.893712
449.706 379.789 14.4679 16.6213 0.893698
819.696 326.325 13.3755 16.1776 0.891769
569.37 297.126 13.6169 15.9574 0.890739
716.296 346.841 13.05 14.9716 0.882615
548.563 325.989 13.299 15.6943 0.881634
239.825 394.661 12.716 15.8063 0.878619
553.476 238.689 11.1932 13.6023 0.87734
449.48 419.269 13.9377 17.2412 0.877017
777.582 351.515 12.9447 14.9899 0.87569
596.938 296.428 12.6748 14.2147 0.875107
566.325 326.648 12.926 15.2374 0.874925
812.389 391.523 13.0775 15.4174 0.874228
221.372 245.856 11.8229 13.972 0.870401
80.4652 393.268 12.8899 15.6758 0.869728
674.223 268.594 12.5351 14.9752 0.86929
877.396 331.411 12.7105 14.6608 0.868591
54.5858 329.336 12.001 14.6989 0.867932
75.5387 304.107 11.8647 14.2635 0.867757
381.942 245.127 12.2535 15.0641 0.866332
226.086 385.758 12.9297 16.0955 0.863501
642.093 239.169 11.7939 13.5464 0.862352
483.879 263.8 14.2038 16.5352 0.85536
519.329 268.31 12.1484 14.5266 0.852501
609.109 326.026 13.3155 15.769 0.845667
92.1297 362.704 12.6957 14.673 0.841924
362.222 418.578 15.1613 17.6103 0.838098
225.127 457.857 13.9886 16.4494 0.838058
130.198 302.107 13.0323 15.4449 0.834543
303.375 353.056 12.4582 14.6669 0.833578
334.646 322.073 13.7885 15.9359 0.830772
405.878 351.136 12.7346 15.6714 0.830435
456.076 240.158 11.8558 15.0081 0.829144
864.252 278.56 12.0986 14.0113 0.828472
369.112 273.101 11.8645 14.0965 0.823666
253.881 354.415 11.1973 14.8182 0.813788
487.115 384.079 13.5051 16.1517 0.813662
772.405 244.153 12.7685 15.1675 0.812239
185.372 247.447 11.1653 13.8024 0.801959
