12--Group/12_Group_Large_Group_12_Group_Large_Group_12_43.jpg
21
616.473 234.349 27.3991 35.4318 0.999405
474.81 269.575 31.1266 39.3088 0.998708
341.275 217.465 29.6021 37.419 0.998365
223.688 235.205 39.9576 47.0426 0.998155
815.789 251.32 30.8995 33.6972 0.997463
742.016 252.276 31.8556 35.5085 0.997285
704.262 269.174 32.6535 41.2048 0.996548
450.391 224.59 28.9665 35.8594 0.996472
545.453 248.456 26.3839 33.205 0.99646
383.948 281.428 34.6506 41.6822 0.996142
647.274 272.866 33.5778 43.7581 0.995952
564.704 272.024 37.5998 45.0809 0.995442
895.758 282.91 40.7766 42.7797 0.99413
99.4327 235.06 45.3662 51.3348 0.994035
684.555 216.386 23.8736 29.861 0.99354
403.312 201.398 23.1225 28.9413 0.993295
487.339 206.562 23.1217 28.0025 0.992626
185.851 209.863 34.7033 40.4285 0.98954
778.861 294.656 31.0186 36.2539 0.988108
639.966 220.137 18.0086 20.9663 0.982226
546.646 208.974 19.6251 23.2853 0.977402
