12--Group/12_Group_Large_Group_12_Group_Large_Group_12_253.jpg
48
459.66 233.437 27.6747 34.6608 0.99967
355.194 228.221 29.0286 35.5306 0.999554
350.709 422.225 31.7754 40.1069 0.999531
40.2071 265.707 32.6131 40.2799 0.999485
296.795 229.091 26.0721 32.1753 0.999451
329.839 200.292 23.9612 31.173 0.99939
407.402 237.151 29.4366 35.8041 0.999369
279.511 261.932 29.2274 36.1271 0.999305
243.337 400.829 32.9561 43.4428 0.999271
708.692 247.277 24.4951 31.5575 0.99925
681.866 238.528 23.1975 28.1055 0.99925
159.447 211.008 26.5625 33.6833 0.999093
87.7906 243.763 28.6444 34.8253 0.998964
934.427 260.818 27.4184 33.3703 0.998921
616.728 286.741 27.0434 31.1403 0.99876
859.785 250.839 28.0279 36.2625 0.998722
393.052 199.83 25.3854 29.1893 0.998716
796.885 233.872 25.525 31.7414 0.998651
636.346 226.149 25.3859 30.7936 0.998645
872.811 388.405 30.5881 36.4296 0.998505
206.212 197.474 25.1175 30.2092 0.998498
130.29 417.829 37.6193 47.8429 0.998471
894.85 240.411 22.9272 31.4626 0.998424
160.554 265.305 32.2231 39.2803 0.9982
679.152 322.405 27.7663 35.3821 0.998137
607.383 324.149 25.5069 31.8371 0.998106
-4.75646 242.627 26.1328 32.2889 0.997931
498.948 210.887 23.3599 30.0754 0.997652
759.554 373.134 27.5051 34.0276 0.9972
28.6145 203.095 25.4461 32.0532 0.997085
118.024 200.038 22.8779 31.9792 0.997027
730.243 233.389 23.5837 29.9283 0.996953
763.87 260.967 23.8869 27.5421 0.996846
485.931 366.662 33.1319 42.3085 0.996553
589.524 424.157 28.2955 35.5249 0.996319
392.272 433.084 39.0651 45.0866 0.996309
261.024 220.537 23.7316 27.7545 0.996223
21.1385 437.668 33.1983 42.9143 0.996191
545.522 334.27 31.0723 41.3576 0.995983
560.034 205.867 24.2786 28.5056 0.995948
971.66 391.262 32.7395 40.0654 0.995479
659.505 386.237 28.4132 37.3506 0.995339
564.179 322.887 24.3349 31.1416 0.992649
612.28 210.531 23.1593 27.5793 0.991357
859.764 224.049 23.9425 26.7107 0.989625
766.219 201.909 23.3295 27.9846 0.983121
215.622 270.597 27.2828 31.6128 0.958515
457.435 205.767 23.8251 27.2622 0.951028
