12--Group/12_Group_Group_12_Group_Group_12_522.jpg
16
112.652 224.84 44.3164 54.8692 0.999159
504.791 389.445 44.6902 56.232 0.998988
792.534 282.467 45.4664 54.6733 0.998986
597.952 266.87 40.9589 45.6399 0.998902
886.763 288.649 44.3569 57.4942 0.998805
654.379 396.445 44.0329 56.1864 0.998684
489.977 244.255 44.4468 58.1079 0.998459
372.455 303.622 37.1252 48.7713 0.998065
265.06 295.048 38.6061 48.9459 0.998052
188.234 227.391 41.8357 55.1135 0.997909
358.43 401.867 45.2276 56.122 0.99784
300.98 232.734 37.7583 45.8131 0.996606
722.985 297.183 39.0926 49.168 0.99628
397.62 229.035 36.439 46.8177 0.995109
684.051 226.677 43.8734 52.1644 0.993855
818.861 245.473 39.6454 48.2055 0.986868
