12--Group/12_Group_Group_12_Group_Group_12_80.jpg
21
220.499 127.601 33.8496 41.2269 0.998986
522.569 100.501 30.9692 38.2158 0.99898
931.281 133.727 30.8533 39.768 0.998786
640.717 117.353 32.1804 39.1945 0.99855
348.72 126.906 32.9311 41.5857 0.998546
652.204 217.882 35.8225 48.6413 0.998544
539.14 224.118 37.061 46.2753 0.998523
704.934 123.316 29.7911 36.6683 0.998504
71.7522 142.437 32.7471 40.9028 0.998484
469.024 123.487 34.4968 40.6736 0.998484
596.556 116.566 30.4761 35.8454 0.998007
768.33 281.807 35.3224 46.8772 0.997805
302.864 302.276 34.7101 41.5604 0.997761
406.82 104.75 31.9321 40.0756 0.997674
281.474 116.716 34.978 41.5706 0.997142
837.15 168.793 30.7337 39.5088 0.996108
804.682 118.158 30.7995 37.7506 0.995776
420.493 227.653 34.8437 44.7672 0.995623
132.338 113.758 33.2833 40.0459 0.991425
182.263 294.169 39.4801 46.8367 0.990741
873.073 282.217 32.7771 40.2386 0.99014
