12--Group/12_Group_Team_Organized_Group_12_Group_Team_Organized_Group_12_83.jpg
17
144.909 285.887 29.2409 37.2222 0.999362
732.78 372.145 166.484 242.254 0.99918
401.396 249.184 31.0872 39.6976 0.998576
300.152 241.839 35.2209 48.3483 0.998409
960.305 193.408 14.7579 20.8125 0.99815
806.104 222.823 62.7106 72.8099 0.99628
557.988 274.942 38.5651 37.3868 0.992522
998.239 192.77 17.7045 22.1901 0.991956
108.938 238.667 24.1317 33.0315 0.988273
95.0548 283.296 25.512 34.3344 0.987784
730.785 226.439 16.3055 19.9571 0.986185
38.6905 258.59 23.5761 27.0877 0.974449
28.7844 323.567 22.796 27.1259 0.968824
904.819 242.5 22.8604 29.975 0.95307
8.3397 263.568 17.7628 24.7016 0.866576
917.127 206.072 14.9989 16.4289 0.860296
210.378 272.879 19.045 23.0331 0.832871
