12--Group/12_Group_Large_Group_12_Group_Large_Group_12_13.jpg
16
517.032 398.655 18.4147 22.3044 0.998824
407.635 363.692 17.6489 21.5209 0.998457
866.4 409.284 24.5441 28.7733 0.997119
311.544 357.355 18.1957 21.8053 0.996319
729.623 356.31 18.7628 22.1698 0.996031
357.362 405.874 17.3036 21.846 0.994683
570.247 368.459 18.6675 22.0398 0.994657
636.976 346.697 18.5139 22.8688 0.991245
476.843 367.519 18.5119 21.9074 0.990245
116.244 335.328 24.8936 28.8033 0.989863
162.824 392.627 23.3083 26.3542 0.982348
804.313 360.937 22.0279 26.805 0.981687
680.247 395.15 19.3864 23.5433 0.98119
903.995 369.56 21.9416 27.4194 0.974807
231.332 354.24 21.5931 26.8416 0.94552
375.918 359.621 15.8424 19.3886 0.866045
