12--Group/12_Group_Group_12_Group_Group_12_227.jpg
31
604.97 221.406 32.2713 39.9823 0.998654
809.356 258.72 33.158 41.2948 0.998634
338.891 156.777 28.1251 35.5182 0.99817
486.507 200.92 30.0961 37.4309 0.998047
300.401 259.475 33.2287 40.8368 0.997274
180.844 259.561 36.4693 44.6008 0.996841
731.601 270.377 34.9346 41.2782 0.996677
240.775 180.789 28.9389 37.8399 0.996608
555.205 134.828 27.2083 38.624 0.996557
379.847 127.433 28.1779 33.243 0.996157
732.595 188.486 29.0524 35.736 0.996009
567.033 184.322 27.5466 37.174 0.995832
510.684 226.263 32.1364 41.2002 0.995776
838.262 195.97 28.8468 36.9782 0.995765
386.834 307.513 34.4451 43.3636 0.995707
695.239 218.934 31.5158 37.8904 0.995454
396.685 182.871 29.7737 38.9507 0.99539
445.265 150.991 29.9147 39.052 0.995006
636.653 152.976 32.2463 37.654 0.994864
471.864 124.169 28.4217 37.3174 0.994661
590.521 277.375 41.9959 58.4947 0.994643
423.713 226.949 32.5848 39.4417 0.992638
389.879 242.833 36.3378 45.9285 0.990676
479.404 275.307 31.6007 41.7956 0.99048
239.984 276.368 34.377 42.5623 0.989114
549.239 280.692 32.4044 42.6241 0.989107
716.382 147.788 29.7642 38.6724 0.985315
327.348 220.017 29.9156 40.9224 0.982011
299.628 182.922 28.7454 38.076 0.980224
649.3 204.992 30.2593 39.1963 0.975961
647.236 276.354 30.3883 42.4985 0.944472
