12--Group/12_Group_Team_Organized_Group_12_Group_Team_Organized_Group_12_503.jpg
33
298.433 56.7438 28.0528 34.272 0.999035
748.042 65.4726 28.2806 33.9691 0.998443
574.784 80.5364 34.5104 40.7536 0.998382
408.956 75.7268 34.4177 40.6211 0.998196
655.686 79.2277 34.0515 42.132 0.998161
156.971 49.7627 29.1882 36.1989 0.998152
796.836 94.1056 36.2415 41.3166 0.997715
829.003 67.4995 27.4675 31.7596 0.997626
366.846 45.1429 30.4457 35.5509 0.997411
242.775 196.258 35.5882 44.8469 0.997157
689.951 66.9319 27.3206 32.7367 0.997113
490.604 74.0993 35.2568 41.2011 0.996799
754.897 203.106 39.22 44.7884 0.996618
885.219 70.7465 29.4821 32.7725 0.996405
543.098 182.043 39.3919 48.9645 0.9963
433.184 40.5981 26.9058 35.7878 0.996271
328.05 89.0899 36.1241 41.8344 0.996117
190.983 96.1774 32.8488 42.7318 0.995435
627.655 50.1051 29.6957 39.6197 0.995201
24.9427 177.424 43.7746 53.3001 0.994641
488.852 26.9579 28.3316 31.9942 0.994579
558.406 39.7996 28.4678 35.0505 0.994289
228.106 44.2078 28.0785 32.7795 0.994205
136.063 174.627 38.6866 44.8035 0.993979
950.765 205.188 38.9868 44.618 0.993363
865.716 200.61 39.0705 44.8515 0.993081
881.48 112.96 35.1634 42.4987 0.992576
338.757 208.419 32.8024 39.1488 0.9916
429.125 189.352 36.6609 47.4184 0.990536
645.368 208.212 34.0476 40.589 0.989066
94.8124 105.194 38.1208 41.5374 0.987165
267.113 105.983 32.0416 39.1116 0.983519
722.429 101.403 35.8259 40.8635 0.979757
