12--Group/12_Group_Team_Organized_Group_12_Group_Team_Organized_Group_12_60.jpg
16
195.505 186.034 50.6541 61.2109 0.999439
658.394 115.603 59.4868 66.9871 0.999376
367.844 169.416 46.0526 55.0104 0.999352
110.668 156.876 47.8836 51.6328 0.999248
926.214 -26.2659 74.8256 85.3053 0.999218
17.2719 181.616 52.8361 57.2245 0.999136
823.683 73.7838 57.7094 68.7987 0.998959
416.258 258.826 51.7216 72.059 0.998953
595.314 153.199 39.2266 45.5416 0.998805
520.062 231.966 56.752 79.4042 0.998579
523.883 156.587 42.1977 57.898 0.998212
655.895 185.193 53.5327 69.2612 0.997775
445.106 171.959 37.5018 47.7159 0.994242
185.279 150.569 37.6718 45.4072 0.993586
757.245 121.669 47.6367 49.3365 0.992869
299.387 158.631 36.4684 45.988 0.9919
