12--Group/12_Group_Team_Organized_Group_12_Group_Team_Organized_Group_12_707.jpg
13
389.565 166.036 35.3867 43.35 0.999696
684.391 150.986 35.9441 46.5976 0.998936
490.742 282.416 33.619 43.1475 0.998739
209.641 154.192 35.7906 47.5243 0.998384
600.707 275.888 39.5558 48.3586 0.998251
501.071 137.796 33.1072 47.6659 0.997944
298.02 159.865 32.9508 45.2743 0.997938
178.504 273.381 39.7724 48.1538 0.99719
605.373 139.523 31.3167 43.8929 0.997123
387.796 271.712 31.9259 41.386 0.996189
279.644 256.552 33.9937 49.1673 0.993557
718.744 301.273 37.9868 48.9411 0.993401
792.023 129.001 41.0359 48.4821 0.989995
