12--Group/12_Group_Group_12_Group_Group_12_10.jpg
13
80.4461 304.532 68.6409 82.9725 0.999542
377.927 145.208 53.4313 63.2988 0.999383
289.444 339.637 63.1259 81.7482 0.999259
543.334 105.231 49.0744 64.4636 0.999224
84.6609 111.191 65.9265 80.3338 0.998982
853.296 336.321 79.4341 101.192 0.998943
670.05 327.616 62.5326 83.4571 0.998927
681.62 122.471 57.7223 71.671 0.99884
246.601 116.708 59.2877 75.7848 0.998697
554.838 390.414 61.4871 77.8706 0.998588
772.105 94.1664 54.1183 71.853 0.99844
912.849 139.29 60.93 73.7773 0.998178
861.346 205.992 42.0396 46.9414 0.983282
