12--Group/12_Group_Group_12_Group_Group_12_268.jpg
25
570.894 223.391 34.2736 45.5096 0.999181
725.892 266.608 36.0341 41.3035 0.999137
585.863 365.234 37.5734 47.1376 0.99909
853.068 230.899 35.5599 43.8881 0.998723
150.873 262.889 31.5724 40.4082 0.998591
701.971 192.142 32.8899 42.7997 0.998432
342.194 354.752 42.9952 57.0574 0.998358
305.043 245.081 30.382 36.2642 0.998259
625.323 220.749 35.3981 46.0461 0.998071
758.035 211.594 33.6801 45.1101 0.998053
103.851 246.056 36.7376 46.5566 0.997804
443.908 217.573 34.9003 45.7493 0.997436
457.295 328.065 37.5997 48.355 0.997335
219.002 209.679 34.8183 42.5842 0.997008
368.496 208.737 33.8438 42.7656 0.99675
913.031 321.35 36.1234 46.678 0.996646
156.182 344.724 41.9143 56.873 0.9961
810.154 398.619 40.499 46.3339 0.995991
808.058 225.285 29.8045 39.6098 0.995628
706.703 384.883 39.4399 46.9198 0.994167
895.381 211.457 37.379 49.0296 0.992287
484.817 192.306 35.6037 45.8919 0.989611
240.114 91.7386 24.8276 30.1703 0.98739
244.831 350.579 36.8481 46.1709 0.986328
602.965 200.52 31.52 40.5444 0.962234
