12--Group/12_Group_Large_Group_12_Group_Large_Group_12_213.jpg
17
245.76 303.167 16.335 23.0606 0.999823
849.977 268.2 16.557 20.9316 0.998329
698.039 312.307 15.4665 18.0606 0.997163
163.724 413.932 39.9342 36.0148 0.996535
761.785 305.037 15.5849 18.4965 0.996097
668.107 279.058 12.5597 16.3888 0.988854
353.195 356.851 30.0426 34.2336 0.979556
402.629 292.476 14.7374 16.8255 0.968086
584.028 284.335 15.2896 17.5472 0.962839
485.039 345.43 26.3901 35.1664 0.959488
737.982 275.52 13.5526 16.4221 0.955224
279.179 315.323 22.6378 27.7574 0.934973
292.97 286.414 14.601 17.0846 0.933644
425.421 319.067 16.0545 17.5971 0.925162
725.682 381.769 21.664 20.6127 0.914455
470.086 299.132 16.1613 19.5413 0.896585
884.564 280.803 14.3608 16.1539 0.863838
