12--Group/12_Group_Group_12_Group_Group_12_367.jpg
24
519.545 286.553 25.8954 29.8774 0.998773
610.489 292.455 24.7195 32.6577 0.99837
423.49 283.166 25.8334 30.8349 0.998118
694.312 352.703 26.0705 33.8048 0.997964
457.401 356.552 26.5234 30.7471 0.997684
519.059 338.835 24.9029 30.0096 0.997518
393.965 345.018 25.1876 28.5891 0.997371
351.594 295.306 23.1581 28.4504 0.997274
259.57 366.411 27.6539 33.9875 0.997129
213.853 297.998 26.3749 31.6152 0.99699
382.837 271.235 23.5261 27.9528 0.996875
469.484 282.411 22.638 26.5589 0.996726
292.69 262.891 22.0007 28.8452 0.996143
565.355 324.21 24.3826 30.5499 0.995867
286.089 306.928 21.6359 28.7091 0.994305
627.468 356.98 24.5215 34.1916 0.993581
560.08 280.466 22.506 28.0646 0.993434
547.7 371.271 26.2426 31.4357 0.99319
324.666 366.287 27.2658 32.0038 0.992528
653.476 323.433 24.4815 30.4151 0.989199
438.023 332.585 22.4245 28.4727 0.984446
203.314 342.328 25.7554 30.4275 0.983216
199.544 258.775 23.4014 28.1866 0.978778
635.893 264.979 22.2257 29.8039 0.959632
