12--Group/12_Group_Group_12_Group_Group_12_935.jpg
254
697.016 150.438 16.8801 23.7985 0.999391
327.136 60.3385 18.9608 23.4391 0.999317
441.785 59.633 17.1679 24.6891 0.999297
719.289 131.871 17.5729 23.7355 0.998922
222.002 160.193 16.6405 23.7718 0.998662
719.629 32.125 18.0124 23.4175 0.998507
628.065 4.14901 17.7164 22.2443 0.99849
606.717 93.3692 19.0404 21.2399 0.998225
753.109 664.458 22.1244 30.0254 0.998163
172.992 665.806 22.3627 26.689 0.99792
226.265 348.715 19.5928 22.7961 0.997814
718.824 350.649 18.9214 24.4342 0.997762
881.556 118.419 19.5675 23.4967 0.997672
56.2674 35.9022 18.2626 20.6151 0.997616
980.248 152.064 17.3396 23.1826 0.997427
781.662 560.917 22.288 28.7664 0.997417
404.697 559.382 21.4299 28.9025 0.997354
735.913 234.052 17.7765 23.3812 0.997115
300.139 157.174 18.9471 23.3656 0.997052
654.847 116.815 18.8096 24.4581 0.997028
648.599 561.345 21.6558 28.2931 0.9966
662.858 62.8676 17.6367 24.2137 0.996484
614.932 257.087 19.2086 21.5566 0.996357
262.493 411.462 21.9795 28.5484 0.996213
613.931 493.368 22.8319 29.3445 0.996203
570.264 222.137 18.7405 23.5763 0.99608
483.362 115.643 19.3104 23.944 0.996071
989.127 195.877 19.3234 22.1881 0.996017
949.323 94.7103 18.2266 21.1702 0.995856
251.333 632.551 20.0992 23.9151 0.995726
262.681 253.051 18.2217 21.3173 0.995704
548.545 92.1306 18.774 23.7003 0.995666
742.92 259.238 19.2434 24.3252 0.995584
113.01 534.968 19.4213 24.7345 0.995522
204.909 289.717 18.7703 24.0445 0.995362
111.46 186.067 20.1306 23.5344 0.995318
598.958 528.771 22.136 27.5175 0.995117
146.325 84.556 18.2796 24.9527 0.995099
892.146 321.248 19.7733 23.6069 0.994852
242.848 454.233 18.8405 22.5697 0.994763
904.521 558.528 21.7059 29.0999 0.994759
514.569 185.805 19.0627 24.4672 0.994748
114.414 487.816 16.9072 24.3578 0.994654
435.031 493.911 18.5098 23.5528 0.994652
214.139 0.982608 16.8142 20.8599 0.994641
719.209 557.638 22.0925 28.0588 0.99455
235.36 321.207 19.2447 23.6924 0.994414
620.969 427.727 19.1359 24.541 0.994347
636.502 191.851 18.3603 23.3831 0.994313
816.519 429.474 22.4023 27.8457 0.99407
870.128 461.498 20.822 27.3075 0.994013
48.9868 527.662 19.2499 22.0328 0.993985
821.321 91.6183 21.4879 27.9987 0.993954
632.024 639.747 22.0088 28.2244 0.993887
845.315 528.498 21.7939 27.1299 0.993809
98.2733 356.855 18.5937 23.8101 0.993674
532.281 528.362 19.0691 24.313 0.993482
614.353 286.575 19.0285 23.9175 0.993407
67.8874 319.223 22.1454 28.6189 0.993373
625.643 663.506 22.0356 29.3348 0.993372
153.409 566.428 19.5285 24.5884 0.993286
561.654 423.538 20.3323 23.9488 0.992792
366.899 91.9164 18.6615 23.4015 0.992717
809.39 455.66 21.4164 28.7908 0.992601
894.615 634.648 21.9298 28.1386 0.992583
725.366 509.118 21.223 29.2249 0.992438
652.515 311.057 22.3615 27.8486 0.992039
375.803 656.43 21.7956 30.3086 0.991876
204.186 601.793 21.736 28.5054 0.991843
-2.65589 634.959 22.211 29.3863 0.991803
143.133 599.139 21.4944 28.4146 0.991672
411.307 348.956 21.4667 28.1611 0.991515
386.241 640.064 21.0915 28.1325 0.991348
534.88 353.875 20.7194 28.8424 0.991344
874.253 425.653 22.1248 28.5904 0.991312
523.47 392.519 19.0179 24.4986 0.991148
38.0125 354.349 19.5184 23.4165 0.991015
20.5749 604.639 22.5237 29.0464 0.990944
762.439 420.89 22.3625 28.8139 0.990903
463.998 561.684 21.9486 28.7029 0.990672
411.695 168.318 17.9556 22.0803 0.990402
590.426 161.116 18.9729 23.3234 0.990236
178.16 317.063 18.7437 24.3353 0.990069
319.209 425.964 18.6467 23.6333 0.990034
363.156 116.498 21.2842 28.4641 0.990029
285.161 348.688 19.1479 23.6829 0.989807
294.22 494.339 19.1411 24.7572 0.989734
986.748 245.759 23.029 27.3743 0.989455
685.851 452.157 22.4632 27.5069 0.989391
574.358 392.645 21.8778 27.7089 0.989027
676.465 490.587 22.7393 29.4693 0.988683
-1.54105 48.1845 19.3246 24.6693 0.988446
134.578 278.475 21.2612 28.6052 0.988305
263.071 112.075 17.1782 21.4012 0.988292
456.747 2.19852 19.0538 24.9528 0.988115
833.834 318.414 19.4999 23.9857 0.988091
542.867 319.412 21.7899 27.7641 0.987974
595.575 348.756 21.511 27.3725 0.987467
357.023 280.275 18.9081 23.5155 0.98739
808.121 663.491 21.9524 27.6204 0.987327
832.364 385.347 19.8927 24.7804 0.986874
360.704 482.506 22.2783 28.4277 0.986864
696.462 594.294 23.9456 30.6203 0.986767
861.153 486.085 21.6805 27.9294 0.986513
941.094 378.008 19.435 23.9299 0.986219
426.954 117.209 18.5483 23.0998 0.985827
17.898 561.691 21.7089 28.2885 0.985729
918.169 500.062 22.7673 30.0913 0.985464
580.501 608.849 18.9942 24.6091 0.985337
74.7777 600.607 20.8744 28.3616 0.985314
357.369 193.575 17.8574 21.002 0.98529
462.659 529.736 22.3764 27.7485 0.985124
891.042 90.0018 17.7649 23.9456 0.985026
700.828 389.571 21.5263 28.1374 0.984588
64.8419 157.856 19.192 24.1181 0.984507
943.686 421.571 22.5579 31.1924 0.984407
508.474 -4.82127 23.1471 27.2461 0.984231
555.705 286.1 21.9474 28.1785 0.983452
32.5685 89.2897 18.4918 24.5738 0.983222
764.894 640.262 21.6301 27.019 0.983022
542.411 487.764 22.3848 27.4878 0.982951
925.583 -2.64466 19.309 22.1808 0.982846
303.431 283.539 21.7452 27.7717 0.982806
299.879 192.852 17.705 22.0827 0.982705
218.967 570.39 18.3772 24.2105 0.982441
923.323 242.357 21.5417 29.1212 0.982258
742.156 -3.04245 18.103 22.6219 0.982053
148.137 390.432 19.6504 22.4375 0.981691
430.23 292.136 19.4498 22.4637 0.981578
911.625 529.473 22.1801 27.557 0.981547
241.398 663.336 21.8926 28.2967 0.980932
-2.54577 488.777 18.7728 23.4738 0.980773
475.199 323.353 19.4473 21.2754 0.980647
889.082 663.53 21.6786 28.8424 0.98064
852.686 21.4055 21.1542 28.101 0.980448
687.386 217.481 21.4557 27.5555 0.980005
222.382 524.549 22.2394 28.6702 0.979702
169.973 539.236 18.5227 23.5079 0.978489
120.981 152.918 22.1922 28.0989 0.978301
569.241 201.799 20.041 21.996 0.977853
443.934 405.871 21.6487 27.6268 0.977789
949.796 613.537 19.4907 24.8465 0.977514
950.399 319.348 22.4221 26.6471 0.976783
1004.68 462.312 21.3813 31.1089 0.976166
631.735 379.163 22.2348 28.1191 0.976092
937.877 468.822 21.1101 27.8787 0.976068
510.684 626.73 22.4381 29.4503 0.976043
280.052 561.375 21.2436 28.3769 0.975879
522.617 611.326 20.0032 22.8267 0.975605
974.187 524.88 22.4456 27.4334 0.975561
649.147 160.525 18.2321 21.4426 0.975416
113.133 673.821 20.0281 23.0295 0.975371
123.28 631.231 21.0872 28.8778 0.974598
206.628 94.0132 17.2149 22.9062 0.974551
614.088 62.9182 17.9959 24.593 0.974184
830.128 606.199 21.9656 27.028 0.974146
552.996 670.049 20.3009 22.725 0.973943
554.509 258.45 19.2709 23.2719 0.973678
124.198 18.0549 18.3549 24.1277 0.973028
342.611 385.919 19.1471 24.6439 0.972785
612.684 457.652 22.8603 28.2196 0.971864
737.791 453.846 21.1275 28.2173 0.971596
40.088 394.513 19.0504 24.1352 0.970067
190.085 -1.91007 18.5661 20.9968 0.969943
92.3328 85.2639 20.6791 28.2362 0.969736
156.141 349.688 21.8146 28.3814 0.969373
410.283 524.689 21.7349 27.0801 0.969273
358.397 323.567 19.3492 22.7299 0.968572
685.126 671.39 19.4247 23.8354 0.968552
484.291 95.7617 18.8347 21.3904 0.968341
52.2517 675.259 22.5825 28.2296 0.968143
53.3776 193.203 18.8093 22.8071 0.96804
933.257 150.559 18.1338 21.2685 0.967785
510.701 423.246 22.7675 27.1013 0.967588
683.701 7.02683 19.3787 22.708 0.967225
784.324 288.998 18.7256 21.8299 0.965866
688.539 187.536 19.5648 23.719 0.965442
999.735 679.18 19.4209 22.9134 0.965354
339.945 560.02 21.5642 28.145 0.96511
356.202 350.62 21.5264 28.9657 0.964876
563.541 464.088 19.5319 23.1941 0.964304
760.127 378.309 21.3549 28.2488 0.964259
793.782 492.501 19.1219 23.3696 0.963919
846.092 221.443 22.5734 25.6416 0.963859
487.998 288.917 22.7381 26.5551 0.96259
800.508 232.244 18.5141 21.6019 0.962231
84.5297 572.776 21.9711 26.6786 0.962163
357.892 152.813 18.0222 24.4193 0.960538
755.676 176.651 21.7844 28.5736 0.960288
392.588 58.2713 21.4444 29.2261 0.959516
18.2366 107.39 21.6016 27.786 0.959496
218.248 382.637 21.942 29.0462 0.958984
137.262 120.702 18.7366 21.5645 0.958966
586.859 562.923 22.1284 27.3109 0.95884
441.501 646.254 21.5485 28.1777 0.957976
771.569 128.971 18.3609 23.4915 0.957385
61.6357 637.16 21.9929 28.5801 0.956167
804.046 -1.3801 18.6497 22.515 0.954999
958.735 65.8023 17.7471 21.537 0.954669
771.958 323.359 18.1534 22.6556 0.953971
21.8924 457.822 19.6833 22.6222 0.950179
902.984 62.8326 18.466 23.3576 0.949696
194.678 639.736 17.9105 25.002 0.948959
279.283 388.935 19.7965 22.6368 0.948099
500.327 65.4427 18.5807 22.8779 0.944941
8.43434 -3.02591 16.059 18.913 0.943408
894.492 608.37 21.3721 26.9249 0.943033
462.984 384.771 21.6876 28.5609 0.942828
398.372 381.442 22.1961 28.2519 0.942617
832.63 354.236 18.961 22.982 0.942245
669.541 92.289 17.3135 23.0646 0.942166
229.56 198.324 18.6793 24.0672 0.941612
325.867 600.127 18.5875 22.5024 0.939588
113.6 317.035 18.2003 21.7372 0.939088
9.59573 161.028 18.125 22.6345 0.939025
790.363 29.6838 18.8542 20.8417 0.936233
945.746 113.922 19.192 22.8616 0.936056
337.988 24.6439 21.7503 28.1684 0.932045
217.484 63.7304 18.1867 22.1018 0.929043
475.624 346.661 20.751 29.2754 0.928768
362.126 0.139459 21.2978 26.9179 0.927258
967.209 31.076 17.9627 24.0943 0.927255
246.021 133.438 16.96 20.8749 0.922814
470.119 158.463 21.5737 28.0237 0.921991
1007.82 119.992 22.6898 28.3407 0.920523
617.656 217.909 21.598 27.9636 0.920179
844.181 554.425 22.5529 28.5551 0.918604
919.956 216.702 21.405 27.5956 0.917895
418.612 96.7349 18.7604 23.2686 0.91723
531.32 167.059 19.66 22.1269 0.912438
943.006 687.517 22.9255 26.9634 0.910828
380.395 418.711 20.5425 28.6179 0.903911
305.46 127.926 17.9721 20.6764 0.903033
913.437 27.9298 19.2561 21.4958 0.900234
570.565 645.208 17.8336 22.2689 0.898789
1004.45 89.2545 17.5809 23.9365 0.892934
669.708 357.513 17.2424 24.1456 0.892904
771.48 603.727 21.6871 27.2367 0.891067
61.681 -2.75997 19.6341 20.5805 0.88915
899.203 365.863 19.0466 23.6791 0.872156
276.535 600.565 18.8559 22.6865 0.864832
661.65 539.877 18.8391 21.7444 0.864771
322.685 622.861 22.5018 27.3075 0.861828
506.785 455.64 22.0732 28.3803 0.861198
746.027 494.703 21.562 27.3534 0.850216
819.81 184.356 18.6566 21.2429 0.849599
181.821 175.653 18.681 23.4748 0.843705
75.9015 495.738 17.9534 21.549 0.838317
632.793 606.927 22.6297 26.7686 0.827357
959.57 348.715 22.6004 28.0571 0.818865
486.964 261.03 22.5723 27.858 0.815083
704.018 285.725 22.354 27.4878 0.809459
507.679 662.707 17.5469 22.4697 0.807887
537.24 126.511 18.3846 21.3647 0.802408
