12--Group/12_Group_Large_Group_12_Group_Large_Group_12_94.jpg
12
205.447 109.573 72.0198 92.443 0.999546
645.902 194.029 66.6031 88.5908 0.999457
403.495 136.356 72.8537 87.7178 0.999089
359.831 8.70955 47.699 57.6923 0.999072
868.939 53.4893 55.2728 69.9728 0.998679
697.508 55.7185 46.0111 58.7444 0.998664
655.301 112.382 56.8102 66.5417 0.998469
376.093 66.5409 56.7028 71.1594 0.997423
328.159 -3.11038 29.4194 41.3334 0.997258
709.567 -7.41286 44.0121 55.6312 0.996563
170.459 79.1913 46.5773 64.9747 0.995607
826.748 107.116 58.5885 73.5088 0.991334
