37--Soccer/37_Soccer_soccer_ball_37_269.jpg
22
100.968 134.476 28.5803 36.3804 0.996379
174.823 122.47 28.5374 37.3536 0.996255
896.714 230.459 29.8849 36.9892 0.995179
324.872 232.804 31.6365 41.389 0.994959
164.692 250.525 32.9236 43.7449 0.994834
242.099 246.178 29.8064 37.0742 0.993639
549.034 138.934 26.986 36.4153 0.993252
266.92 136.398 29.7661 37.1837 0.992929
619.593 135.851 27.9927 34.497 0.991889
410.674 267.644 32.3142 38.9181 0.991336
687.993 144.267 27.5143 34.2084 0.990714
595.419 249.454 28.8969 36.3145 0.989884
832.289 243.301 31.1425 35.7264 0.989767
833.836 144.078 25.7319 32.8089 0.989265
404.363 124.855 28.9332 35.3695 0.988854
740.855 235.721 29.5649 38.1978 0.987852
508.758 241.443 33.9009 39.2402 0.987287
663.504 227.463 29.5195 38.734 0.985769
909.341 130.487 30.1841 37.4395 0.981864
336.745 134.455 25.5383 30.9457 0.979408
767.957 156.176 24.6228 29.0361 0.974988
493.37 123.658 26.316 35.2724 0.925784
