50--Celebration_Or_Party/50_Celebration_Or_Party_birthdayparty_50_43.jpg
14
486.196 442.876 45.8556 57.1096 0.998105
204.198 266.951 47.1613 61.2927 0.997027
624.964 407.687 45.6931 57.418 0.996121
520.328 255.632 37.8037 46.0262 0.995955
395.452 262.376 38.6859 48.205 0.995443
462.501 97.6024 32.5102 42.3354 0.995056
640.381 254.816 38.1523 45.7695 0.992912
352.398 419.1 46.5424 54.5473 0.991826
751.238 238.768 42.0206 53.2111 0.991824
582.531 42.3761 37.4126 43.6003 0.991529
715.834 95.1783 33.5275 42.8618 0.983948
298.648 111.395 42.2949 53.1588 0.983725
203.972 76.7167 36.3101 46.4954 0.981451
773.102 413.895 42.595 55.9747 0.980645
