0--Parade/0_Parade_marchingband_1_149.jpg
24
631.0395625 377.866625 27.3339375 34.30415625 0.9993750453
280.26365625 230.685890625 25.449125 30.6998125 0.999321579933
783.132 315.0659375 26.4855 31.0495625 0.999273002148
351.28353125 238.944484375 25.60659375 29.371828125 0.999203622341
309.45015625 314.6915625 25.541375 30.9404375 0.999192655087
663.724625 236.8733125 24.6821875 31.60740625 0.999110758305
281.52784375 386.54253125 26.160125 35.17121875 0.999025583267
473.5225 232.378859375 22.9221875 30.36103125 0.999004781246
226.970234375 314.64715625 23.488359375 31.20934375 0.998883903027
728.6888125 241.551828125 24.5885625 28.085109375 0.998866915703
527.35675 385.639875 26.254125 34.49453125 0.998857140541
713.3670625 389.50984375 27.719 35.8779375 0.998814225197
599.2341875 241.9334375 23.8373125 28.42609375 0.99871981144
535.00425 222.732875 23.065375 31.89315625 0.99866104126
671.79 317.80028125 25.0653125 31.9499375 0.998418450356
464.46425 305.4966875 23.80128125 29.9619375 0.998362362385
602.8685 323.27178125 24.3814375 31.91115625 0.99828928709
442.46109375 373.90334375 29.1265625 38.78884375 0.997871398926
404.381625 224.222484375 23.6724375 29.356546875 0.997868537903
372.86959375 381.440625 26.40925 36.30290625 0.997815012932
536.950875 300.13525 25.3946875 33.7308125 0.9978120327
808.2945625 238.97425 24.9949375 34.03603125 0.997785329819
389.57446875 309.88559375 25.2548125 30.6481875 0.997532844543
212.34746875 233.39009375 23.7555625 32.4195 0.994849979877
