0--Parade/0_Parade_marchingband_1_227.jpg
17
459.57775 134.342875 31.9738125 41.757984375 0.999208629131
511.4931875 107.128671875 23.4974375 30.634765625 0.997553288937
913.5934375 139.421375 43.0111875 56.114390625 0.997072458267
596.429875 132.530125 24.0603125 31.162828125 0.996145009995
285.862375 137.726375 27.3189375 34.93946875 0.99592089653
175.0525 106.136976562 24.8209375 32.3393828125 0.994801640511
413.7215625 113.679125 23.46603125 29.9895 0.993472456932
290.245375 99.4091640625 23.716375 31.0233671875 0.987311005592
487.384625 94.2672890625 22.3786875 30.50334375 0.976675331593
717.2460625 99.7952734375 37.69425 40.2861015625 0.951352834702
840.836875 123.564789062 32.4923125 39.2210390625 0.906151711941
378.45678125 97.0729375 15.09609375 19.3840234375 0.894302666187
349.27203125 104.6911875 18.5615625 22.111203125 0.894109785557
558.508625 83.9061484375 20.909875 27.0028828125 0.88970220089
131.484625 90.0549921875 14.0373125 16.7734609375 0.886196911335
327.34121875 90.82365625 15.31 20.57178125 0.865873098373
250.202609375 93.472484375 21.544234375 28.620296875 0.840266287327
