0--Parade/0_Parade_marchingband_1_910.jpg
13
137.959796875 225.80965625 33.3726875 35.683234375 0.999148845673
76.3193671875 242.257484375 36.519953125 39.006578125 0.998646080494
370.80203125 255.7464375 49.4940625 50.1768125 0.998183071613
570.5646875 231.526046875 51.486625 58.244140625 0.996935367584
946.3594375 274.44165625 56.7409375 81.971625 0.996838569641
519.2826875 226.20796875 49.16225 58.1943125 0.996750235558
40.2192382812 225.70196875 32.6043242187 39.5856875 0.996724188328
206.96384375 207.81459375 42.929234375 47.11303125 0.996233761311
773.9453125 336.62365625 69.4823125 93.12209375 0.98819899559
438.64309375 269.20271875 51.937125 53.65609375 0.979433178902
281.18115625 257.951328125 41.7580625 41.045109375 0.971008777618
483.93315625 192.7036875 35.31721875 48.433984375 0.97013682127
341.0335625 232.803984375 38.21215625 48.784890625 0.861504256725
