0--Parade/0_Parade_Parade_0_519.jpg
8
864.460625 255.236765625 92.4625 108.551796875 0.999199330807
175.73896875 271.44115625 69.029484375 83.62640625 0.998887836933
413.3949375 252.53115625 126.2275625 141.6913125 0.998402893543
115.463445312 263.25053125 54.4698984375 68.05796875 0.997787714005
87.466421875 248.135984375 33.9554296875 41.347765625 0.997029662132
666.786 304.719625 45.308625 61.9476875 0.996069431305
752.0571875 261.76425 34.2335625 40.0908125 0.995645165443
593.9945625 266.71640625 30.093625 44.06384375 0.931281149387
