0--Parade/0_Parade_Parade_0_239.jpg
13
224.92003125 319.71996875 37.969625 42.79021875 0.999412059784
901.8389375 279.805 33.651875 40.83378125 0.999254524708
274.13140625 302.92971875 25.79890625 31.44971875 0.999159812927
501.57353125 376.89003125 31.59221875 40.28678125 0.998979210854
879.77675 326.696625 35.273625 41.2415 0.998946487904
506.2128125 293.89803125 29.4865 33.2725 0.998502612114
394.84884375 287.34040625 31.99515625 37.50765625 0.998481571674
607.3024375 295.94378125 29.157 34.22175 0.997855246067
352.36134375 295.20253125 32.2946875 41.1556875 0.997600257397
707.036625 290.759 23.693125 31.13315625 0.997536659241
745.63125 289.247875 34.69325 42.7710625 0.993564784527
832.3709375 310.0743125 12.6626875 16.2255 0.911688804626
852.7160625 309.355125 16.4274375 19.5975 0.834173262119
