0--Parade/0_Parade_Parade_0_43.jpg
42
770.515375 461.88184375 18.6181875 22.20775 0.999070763588
489.51134375 223.5015 18.3903125 22.87296875 0.998703241348
883.79475 464.85753125 19.9249375 22.831 0.997648656368
810.5263125 436.85265625 18.4975 22.1258125 0.997514128685
654.7555 350.69453125 19.98875 23.79240625 0.997491121292
187.131625 388.01675 20.293359375 22.9685 0.99629598856
385.15784375 342.48946875 19.79225 22.31153125 0.995345175266
498.8415 511.96225 22.53165625 27.4245625 0.995060384274
442.48490625 447.0584375 21.83490625 26.995 0.994085550308
439.86946875 288.81396875 19.2518125 22.77321875 0.993861079216
702.669375 378.32409375 20.6019375 23.64859375 0.993670940399
677.202375 449.73434375 19.7605625 24.40621875 0.99315392971
941.65375 520.186875 21.8620625 26.639875 0.992907762527
396.7743125 513.0841875 22.71853125 26.82975 0.992706954479
823.597125 519.3420625 19.864125 21.954125 0.992306292057
200.9689375 454.52671875 20.435703125 22.5996875 0.990838468075
603.451375 513.9148125 20.6345625 23.069125 0.990749776363
309.89684375 452.0065 22.62046875 27.8985 0.989761531353
9.56613867188 479.5636875 21.9967695313 26.1276875 0.989691138268
31.0361738281 511.68028125 20.4132480469 23.33878125 0.989371418953
253.505296875 377.3976875 22.403015625 25.80671875 0.989330649376
548.501125 449.99596875 19.5383125 23.07965625 0.988875627518
264.070375 512.30440625 22.564 27.51734375 0.986229896545
500.18165625 396.0538125 20.148625 22.24003125 0.983658015728
598.0201875 343.18784375 20.099 22.54034375 0.982364058495
543.8474375 290.293125 20.5365 22.98815625 0.98208963871
305.03428125 356.10425 22.6745625 26.3045625 0.981096982956
151.210921875 507.33578125 23.24378125 26.22721875 0.981076598167
754.1630625 403.26059375 19.6774375 22.71171875 0.978163719177
133.305453125 426.9594375 21.845171875 26.5085 0.97714728117
75.545390625 454.01190625 21.9721171875 26.0374375 0.971991240978
772.113625 382.6595625 13.8205625 17.25390625 0.946556389332
714.0045 516.5055 21.959375 26.1986875 0.929859220982
142.108234375 277.68528125 11.28365625 13.52253125 0.926610767841
793.41225 386.74371875 15.6215 18.46340625 0.925175428391
978.211 323.289125 12.4821875 15.0464375 0.906952142715
906.1879375 328.2641875 11.7209375 14.17096875 0.901642143726
789.59375 327.7618125 11.7589375 13.389875 0.884440839291
193.482515625 280.01178125 12.35803125 14.70834375 0.880785882473
807.9899375 262.54640625 10.9521875 13.7425 0.826494693756
821.197625 313.572125 12.310625 14.31759375 0.821771025658
672.8593125 311.30634375 12.248125 15.21359375 0.814332067966
