0--Parade/0_Parade_marchingband_1_329.jpg
34
523.057 317.78940625 18.367625 19.99175 0.999193966389
565.4006875 338.3105625 17.64125 21.312625 0.999192774296
572.35025 424.23565625 19.59675 25.40528125 0.998814702034
478.74971875 316.62259375 17.98746875 19.3493125 0.998157322407
448.873875 418.07203125 19.2578125 24.11890625 0.997661590576
135.2309375 313.10359375 23.455265625 29.2734375 0.997423052788
570.2141875 306.08125 18.2619375 20.2789375 0.996543824673
785.34 352.8704375 16.529125 18.96334375 0.995851039886
658.1004375 334.78496875 20.6774375 21.174625 0.995491325855
328.93309375 389.5295 18.814625 19.647125 0.994023263454
639.98025 311.30275 17.6221875 19.7396875 0.99391245842
706.6295625 333.44671875 16.9313125 19.38715625 0.991684556007
333.55396875 325.16875 15.77928125 18.05828125 0.991550207138
896.2035625 335.0320625 23.4249375 27.54678125 0.991276979446
747.8026875 344.56725 15.4324375 17.34496875 0.98963111639
193.2000625 314.7774375 19.431375 21.57128125 0.986461102962
632.0609375 427.46771875 21.064375 27.1674375 0.985383570194
390.41171875 383.32065625 20.1693125 20.52359375 0.984103798866
835.0555 325.27425 22.18925 27.36390625 0.981705665588
81.3272265625 301.228375 19.841015625 21.4644375 0.980567753315
371.15690625 325.83703125 17.75875 20.71925 0.978068292141
757.311625 392.75565625 18.518625 19.9324375 0.968179821968
252.588015625 388.38796875 19.560234375 19.708125 0.96776664257
412.976125 319.90928125 16.21534375 18.47653125 0.966737568378
209.9961875 338.32428125 23.6480625 27.26196875 0.964064002037
590.76325 315.38175 16.04575 20.86759375 0.960542738438
510.4695 429.539125 18.2695 21.907 0.959378838539
179.586296875 393.336 20.211515625 21.8930625 0.954589366913
291.3834375 318.556875 18.39946875 20.805125 0.951248884201
713.76225 371.25684375 21.907875 26.74371875 0.949228107929
610.6669375 315.75525 18.9180625 20.51025 0.931629180908
542.5155 325.66546875 14.561 16.75603125 0.881688296795
442.7540625 323.71959375 16.65521875 18.29634375 0.836680352688
767.624 336.2631875 16.0754375 18.2733125 0.830318510532
