0--Parade/0_Parade_marchingband_1_653.jpg
72
874.8190625 118.815835937 16.8128125 20.7712109375 0.998759865761
537.7295 196.048 14.5176875 18.46828125 0.998677670956
871.141375 194.044046875 15.408375 19.23415625 0.99819201231
601.6504375 188.002234375 14.142875 18.221625 0.997803032398
509.048125 33.69821875 13.6520625 15.8386015625 0.997780263424
679.5930625 193.368828125 14.61775 18.95953125 0.997636079788
649.2143125 128.312328125 15.1729375 20.301203125 0.997436106205
603.9349375 139.29053125 14.571625 18.397796875 0.997095704079
130.0285 203.1011875 13.607359375 17.66796875 0.996982038021
653.637625 23.6714375 13.50325 16.0032578125 0.996940135956
958.6000625 39.4599882812 14.712875 16.9895390625 0.996558487415
325.15009375 138.65575 14.584 18.35190625 0.99649220705
113.575945312 89.3719921875 14.1611875 16.046015625 0.996054887772
826.8339375 30.4356835937 14.184875 16.6381640625 0.995977818966
273.67371875 156.263203125 13.83 15.739796875 0.99596196413
533.1540625 97.25284375 13.90125 15.2932734375 0.995872914791
230.152921875 48.6811132812 13.368671875 15.89725 0.995822429657
68.105296875 99.6858984375 13.0866484375 15.2705390625 0.995699167252
303.79515625 97.124953125 13.7834375 16.0706015625 0.995378136635
124.871335938 150.863859375 14.6907265625 18.388140625 0.994816601276
312.47603125 210.387203125 13.59775 17.63221875 0.994293212891
99.129140625 50.442078125 13.3420546875 16.1192421875 0.993782818317
912.664 31.0687050781 13.949625 16.0971894531 0.993385493755
150.048796875 57.3611757812 12.693875 14.6849335938 0.992712676525
320.20434375 43.2243710938 13.16453125 16.3835546875 0.992707908154
460.59596875 148.962984375 14.290125 17.777078125 0.991917788982
442.32184375 96.0089453125 14.00271875 16.1076484375 0.991816461086
673.1440625 92.209703125 14.0325625 17.2972890625 0.991449296474
395.61590625 200.117296875 14.23225 18.768109375 0.991257548332
42.9515664063 43.7815039063 14.323828125 16.442984375 0.990939855576
738.8823125 135.957 13.682 17.365046875 0.990380942822
187.755453125 42.9017539063 13.285484375 16.092171875 0.989984989166
210.795765625 96.736828125 15.012796875 16.40071875 0.98985928297
78.3940234375 147.392 14.358546875 15.904359375 0.989546477795
761.0038125 88.6910078125 13.8739375 16.0488828125 0.989376664162
411.38646875 35.6653632813 12.3009375 14.8019570312 0.988812565804
980.7651875 131.204765625 14.459 17.0773125 0.988494813442
351.96946875 95.988953125 14.78240625 16.3050390625 0.988274931908
222.55103125 205.64875 13.725546875 17.80259375 0.988043606281
960.8386875 182.91809375 17.043 20.86246875 0.986896574497
554.936 34.3388164062 13.4370625 15.7842929688 0.985891759396
890.863375 98.1022890625 13.8960625 16.11928125 0.984501302242
602.0029375 39.687171875 13.5615625 15.6130820313 0.984455823898
825.3995 128.636898438 16.2283125 17.3902265625 0.984132885933
374.10978125 147.161609375 14.24153125 18.340109375 0.983794271946
782.541625 33.1504609375 14.1599375 16.7815625 0.983192443848
165.938046875 97.6314921875 13.498015625 15.0120390625 0.982993602753
419.73275 144.96028125 14.14678125 17.239765625 0.981955826283
764.2895625 191.405671875 15.404375 20.1201875 0.981410682201
21.7139609375 97.737859375 15.583859375 16.354796875 0.981178939342
363.881625 47.0990898438 13.88690625 15.9087539062 0.980344176292
28.2803085938 147.11971875 14.5340585937 16.95428125 0.975742638111
560.0336875 130.694734375 15.6515 18.52609375 0.969512522221
397.59053125 89.033640625 14.13871875 16.1546953125 0.965031981468
481.64225 206.810828125 14.7925625 18.28253125 0.960624694824
584.177625 92.7482578125 14.2713125 16.66015625 0.954805493355
742.2668125 42.7254140625 13.0961875 16.210859375 0.954028010368
175.495015625 140.0644375 14.56021875 17.7416875 0.952212572098
806.575875 92.1515625 13.8785 15.5323125 0.952092409134
864.56975 40.3506992188 13.241375 15.2890703125 0.94992607832
715.7058125 83.772125 13.43175 15.7170078125 0.943038761616
700.018875 27.0926914063 12.664625 14.9746210937 0.94084239006
273.948625 53.179703125 12.74628125 14.5903671875 0.932926774025
44.677015625 202.658390625 14.8203945312 16.532234375 0.931727707386
511.326375 132.41775 14.596 19.3560625 0.930249214172
925.8661875 116.049929687 14.2996875 18.6213359375 0.917352199554
782.027875 136.68378125 15.2955 17.466578125 0.909887254238
488.82903125 83.73778125 14.8039375 17.552546875 0.90590274334
628.783 91.9581484375 14.469875 16.2036953125 0.891780853271
466.467625 39.1590195313 13.23325 15.4782929687 0.86373603344
227.029734375 140.839484375 15.251234375 18.439734375 0.838885724545
850.219375 92.392390625 15.003625 17.1074609375 0.807078838348
