0--Parade/0_Parade_Parade_0_639.jpg
13
950.714125 421.55015625 17.141875 22.69890625 0.999670624733
591.6989375 101.490039063 28.879 32.4772109375 0.999367892742
340.14159375 207.43765625 34.068875 43.026171875 0.999054253101
714.167125 80.843265625 25.713625 31.090890625 0.99897646904
515.951625 160.5013125 27.4273125 34.47246875 0.998549044132
976.96975 527.862875 47.00625 108.5150625 0.994714796543
635.06425 573.961625 49.1875625 73.4716875 0.994076490402
437.07709375 272.44215625 28.7950625 34.34365625 0.98849594593
806.129125 442.07928125 13.799125 18.62065625 0.985794663429
938.6328125 410.12921875 11.616125 13.9115 0.94266307354
883.184 427.41828125 15.4340625 17.097125 0.937759995461
273.23628125 198.76884375 36.894125 44.908234375 0.858669638634
903.322125 412.1498125 12.3329375 13.6583125 0.807532787323
