0--Parade/0_Parade_marchingband_1_768.jpg
12
822.159625 618.603875 34.2175625 43.5928125 0.997091412544
911.2155625 652.0368125 32.38825 30.9471875 0.99699151516
461.59284375 610.4311875 21.8914375 31.1218125 0.988531708717
674.7865625 636.4271875 33.9251875 40.100375 0.988291680813
982.5561875 638.5615 37.2226875 41.68075 0.970594525337
278.642 212.504578125 38.68771875 41.4585625 0.964815557003
531.315125 611.421125 22.3314375 26.65275 0.960699141026
712.4240625 622.630375 12.939375 17.225125 0.942925453186
785.7754375 622.21175 12.5073125 17.0244375 0.916106522083
608.2774375 631.6818125 13.25525 16.78425 0.902342021465
500.17740625 636.120375 13.14596875 16.36475 0.850747704506
639.805875 637.072875 12.30025 16.0936875 0.847351610661
