0--Parade/0_Parade_Parade_0_887.jpg
8
524.06203125 237.961140625 52.87196875 68.673015625 0.999323487282
154.120765625 363.48140625 70.4215 88.9755625 0.99926429987
495.85496875 330.5593125 70.33690625 88.6655625 0.999158263206
708.3004375 323.68446875 76.5946875 79.8805 0.99904602766
403.571625 297.99234375 52.361875 66.81778125 0.998698353767
660.1398125 190.4855625 55.494 75.43459375 0.998013138771
285.923125 293.6205625 54.051875 74.59896875 0.997841715813
227.15084375 263.36725 59.467375 73.51434375 0.997286677361
