0--Parade/0_Parade_marchingband_1_556.jpg
12
745.4169375 239.351453125 29.181625 33.060921875 0.998613357544
148.07678125 286.039125 32.26165625 46.016125 0.998472034931
638.441375 257.359109375 30.7263125 38.614765625 0.998457074165
968.332625 255.9619375 30.542 37.88740625 0.998257815838
496.4020625 282.7768125 29.935625 36.3591875 0.997662901878
347.86759375 255.039875 28.7850625 34.99971875 0.997309684753
450.0096875 278.39246875 22.11284375 30.2569375 0.995417714119
562.7585625 301.54871875 42.5485 56.74896875 0.990041077137
720.1970625 235.70065625 23.412 27.304234375 0.989252626896
83.2317578125 265.29215625 24.1272265625 29.277375 0.987515330315
282.21253125 269.6301875 20.6148125 22.017875 0.980040192604
557.0688125 253.607546875 22.5521875 26.873953125 0.977253139019
