0--Parade/0_Parade_Parade_0_664.jpg
23
15.3215830078 338.27753125 35.6310966797 33.41046875 0.998945176601
461.42725 300.90771875 16.0943125 19.84984375 0.998787820339
938.09425 335.88178125 28.026625 31.2484375 0.997851133347
195.378203125 293.09903125 14.23871875 17.47309375 0.997732996941
515.48115625 313.533125 14.63471875 18.0710625 0.997710943222
464.94728125 340.0185625 23.1574375 30.84271875 0.997552931309
581.0838125 327.64984375 19.22525 23.38884375 0.996595919132
617.7003125 339.58271875 22.5655625 29.64825 0.996335625648
211.04925 314.7784375 22.622890625 28.51753125 0.993924677372
122.60846875 322.8334375 22.7029375 27.818875 0.993289172649
541.7925 350.49903125 24.4801875 21.18896875 0.988624334335
576.2581875 310.26415625 12.515375 15.69384375 0.983531177044
804.63575 348.09690625 23.018 23.59109375 0.979675769806
975.227875 344.030875 18.9999375 23.3371875 0.977399468422
843.6694375 324.745875 18.294875 25.16365625 0.975682973862
360.4608125 323.539 17.257625 21.35509375 0.973585009575
488.95496875 325.62390625 19.04909375 24.6589375 0.966242492199
408.636625 334.98225 22.37303125 28.19853125 0.963513731956
244.555828125 307.09325 21.361953125 29.00371875 0.928315639496
132.386484375 304.15621875 12.97934375 14.653625 0.876955688
259.2793125 356.0819375 32.26634375 15.6060625 0.845584869385
34.132765625 307.7719375 16.7808945313 20.08475 0.821384549141
672.9604375 313.26159375 14.678625 19.5708125 0.818982601166
