0--Parade/0_Parade_marchingband_1_1045.jpg
16
660.1286875 269.6695625 30.3875 38.895875 0.998787224293
383.90678125 299.224875 17.329125 21.3368125 0.998677313328
941.9955 258.900609375 44.8215 57.311234375 0.998032391071
88.357 266.0466875 34.4231015625 41.32040625 0.997560620308
278.500625 297.8049375 25.34596875 30.75365625 0.99740666151
180.03184375 313.37346875 21.56553125 28.75771875 0.994590759277
441.17178125 303.9919375 17.26659375 20.63009375 0.992188096046
693.2610625 255.2605625 23.8940625 33.28775 0.986169219017
355.1133125 292.36996875 23.12971875 28.63446875 0.984375953674
586.2260625 254.398390625 32.622 44.331640625 0.981741845608
506.4698125 307.61421875 15.59821875 19.9173125 0.97345328331
149.088953125 317.46503125 15.412390625 22.84115625 0.972459733486
212.368421875 308.07634375 13.114046875 19.11403125 0.948368668556
0.0 315.71853125 14.1555888672 21.04165625 0.926296651363
466.94340625 292.94475 14.59128125 18.8171875 0.9259339571
753.96475 306.23771875 17.890375 21.323875 0.825319886208
