0--Parade/0_Parade_marchingband_1_20.jpg
16
251.92853125 369.52434375 34.15465625 39.15996875 0.999432981014
540.901875 357.67815625 38.504625 43.9171875 0.998636901379
728.8783125 346.73321875 17.4431875 20.17871875 0.998100101948
465.7885 354.695625 27.39353125 33.3640625 0.997958302498
28.8747226563 403.633 29.3375507813 35.3890625 0.997899770737
334.87034375 379.84809375 18.22503125 21.42346875 0.997183740139
385.28609375 367.6544375 17.4359375 21.252875 0.994398653507
81.6831640625 390.52453125 23.2423046875 27.86121875 0.985585033894
587.222625 369.2140625 18.5763125 20.79 0.984769225121
854.104 269.15803125 47.940125 57.7358125 0.981891691685
126.779585938 377.1971875 14.0586484375 17.25878125 0.96861320734
233.088765625 371.861875 23.16540625 29.39465625 0.966269850731
628.3049375 394.711625 19.8296875 23.20434375 0.965880692005
776.312625 360.6999375 14.10675 16.304875 0.962708890438
446.51984375 348.2708125 19.36440625 22.44796875 0.961525917053
802.0743125 355.8493125 18.280625 21.2499375 0.801052093506
