0--Parade/0_Parade_marchingband_1_311.jpg
12
264.87634375 300.4238125 13.6884375 17.84475 0.999387979507
543.4213125 338.22278125 11.707375 13.73646875 0.988239765167
336.66784375 319.93396875 11.59346875 13.72153125 0.985936939716
412.74753125 310.23625 12.58246875 15.6346875 0.962977170944
831.217875 327.84834375 12.2476875 13.66846875 0.958754479885
717.8914375 343.90728125 12.509625 15.09590625 0.894518077374
474.2339375 295.28878125 21.651625 30.0886875 0.884800314903
222.42303125 308.517125 13.201140625 18.19846875 0.866895139217
203.098375 294.65528125 12.9925625 14.907125 0.86493486166
770.63075 335.49903125 12.048875 15.10396875 0.850618898869
411.573875 337.23296875 13.22028125 15.05325 0.844177782536
614.3035625 342.49359375 13.4649375 15.99484375 0.812482655048
