0--Parade/0_Parade_marchingband_1_1004.jpg
8
326.0313125 407.90478125 52.669625 45.94709375 0.998679935932
810.7855625 223.863984375 34.863625 39.533953125 0.998362362385
119.91165625 215.858328125 38.088203125 40.232015625 0.998138308525
690.762125 204.917234375 35.865125 39.670359375 0.997750818729
772.0588125 206.7538125 33.91925 47.92478125 0.997566580772
648.12425 192.511703125 41.3890625 46.30746875 0.997373700142
428.69453125 233.4155 36.858375 39.7023125 0.996457874775
155.250875 404.4385625 47.827140625 54.257875 0.974537670612
