0--Parade/0_Parade_marchingband_1_629.jpg
19
463.3859375 359.485875 11.5390625 14.431125 0.998644053936
35.2191523437 377.83165625 11.4192695313 14.54634375 0.998318791389
426.19484375 361.8479375 11.36884375 13.73778125 0.998061716557
560.966625 369.31221875 12.0383125 15.1126875 0.995125830173
137.868625 360.69959375 11.84203125 14.60725 0.994746506214
109.380554687 374.12046875 13.7806875 16.26925 0.992807030678
609.7576875 371.31203125 13.0400625 16.05959375 0.990393698215
636.0105625 327.018625 11.643375 14.0039375 0.987352609634
508.37084375 366.72903125 12.887875 16.00140625 0.985230505466
577.23525 321.7731875 12.066 14.826 0.984894454479
428.23034375 320.75078125 10.884375 13.486 0.983192443848
53.282046875 334.91721875 12.273421875 13.95834375 0.956748068333
392.42496875 361.61346875 11.36784375 13.63890625 0.929976642132
793.689375 352.4825 12.807375 14.123125 0.903330087662
861.298375 354.09025 10.893375 14.413 0.89556157589
650.9536875 375.29053125 11.0601875 16.59215625 0.892892479897
233.781421875 365.94521875 12.894859375 15.69503125 0.8655205369
292.77515625 353.4205 11.23621875 13.84953125 0.861281692982
956.7030625 395.5555625 17.1583125 21.87753125 0.852242350578
