0--Parade/0_Parade_marchingband_1_359.jpg
14
310.5616875 194.138640625 14.2416875 19.7611875 0.999292969704
166.855359375 172.247765625 35.229453125 41.781296875 0.99916100502
733.779125 113.899140625 55.75775 64.65925 0.998975515366
908.7915625 119.080296875 23.769375 30.31409375 0.998446166515
481.49009375 192.89371875 15.88165625 20.859140625 0.99839836359
410.93515625 192.922046875 18.160375 21.25090625 0.998089969158
863.716375 150.486984375 25.948875 29.583046875 0.997173070908
1008.3839375 117.168929687 15.5920625 31.4878515625 0.983909189701
608.08925 188.186515625 18.5238125 22.519421875 0.977849364281
361.59990625 197.531140625 11.4835625 15.58425 0.965636968613
507.10025 194.794671875 12.4170625 15.791703125 0.954735100269
56.2115234375 210.486484375 17.1554375 20.23728125 0.891082584858
272.54484375 196.371140625 12.70240625 16.78253125 0.869745075703
143.07309375 204.42653125 14.284875 16.591234375 0.817729055882
