0--Parade/0_Parade_marchingband_1_267.jpg
25
466.6464375 223.6721875 33.21446875 36.7541875 0.999613106251
509.69475 235.12465625 27.737375 30.96778125 0.999580442905
165.116453125 246.42640625 34.976328125 39.50509375 0.999415636063
315.29484375 222.194390625 26.23040625 34.371265625 0.99882465601
564.604375 138.98828125 16.75925 19.21840625 0.998383879662
585.1670625 225.848109375 25.7760625 34.2245625 0.998314142227
424.3154375 203.22025 25.71578125 33.367546875 0.998081803322
925.322875 146.05165625 16.1079375 19.76840625 0.997814655304
354.81621875 236.189078125 25.9903125 32.958765625 0.997667849064
646.656875 156.982203125 15.9176875 18.33271875 0.996850788593
803.805 139.5748125 18.2336875 20.705328125 0.996265351772
505.6015 194.51334375 23.2619375 27.95603125 0.995511710644
622.917 175.169875 17.613625 22.597984375 0.995017707348
710.8419375 165.209796875 18.4771875 23.393140625 0.994500994682
0.0 218.886125 28.2385605469 48.21 0.994471907616
548.7188125 178.974578125 22.79925 28.785265625 0.993762552738
581.913625 179.889546875 21.44025 27.252921875 0.992272615433
679.993125 144.9490625 14.804 16.66359375 0.991982638836
761.2245 155.131859375 14.243625 15.812359375 0.98925703764
588.7290625 142.149875 15.238125 16.953984375 0.969740450382
832.935875 146.4636875 14.1838125 17.032296875 0.96659630537
650.3129375 193.680828125 23.3061875 29.359984375 0.936000108719
845.29675 131.30375 12.5191875 15.835171875 0.888077497482
735.662875 147.299890625 14.457625 17.903828125 0.872137486935
677.7716875 198.02784375 22.6643125 29.537359375 0.836218953133
