0--Parade/0_Parade_Parade_0_850.jpg
16
188.377109375 317.03721875 17.11278125 19.90140625 0.999509334564
941.187375 286.7729375 28.8991875 35.38196875 0.999347984791
834.4808125 295.1426875 29.447 41.13975 0.99921631813
622.1304375 289.2509375 32.2054375 40.22290625 0.998863339424
483.51678125 298.37046875 25.9373125 32.11334375 0.998399913311
748.183 303.18409375 25.031625 30.6620625 0.998325645924
73.102375 320.07409375 16.7096953125 19.90596875 0.998195946217
363.63390625 311.81065625 24.183125 28.56384375 0.998192846775
126.253984375 319.33325 15.233125 18.92728125 0.998092234135
153.841546875 315.1503125 18.50009375 21.6560625 0.997646272182
543.25375 335.24634375 12.8595625 16.05878125 0.997058153152
33.9010742187 319.67203125 14.703921875 18.01540625 0.995971381664
248.905265625 314.97290625 22.512765625 26.5871875 0.977755010128
990.6045 329.018875 13.9170625 19.327625 0.974553406239
49.4530664063 325.8683125 12.3906875 15.70628125 0.957468748093
859.732375 335.97625 15.8775 18.8535 0.83437037468
