0--Parade/0_Parade_Parade_0_490.jpg
68
121.173234375 443.836625 82.879890625 89.2651875 0.999761164188
716.5421875 90.1333203125 32.2560625 35.038828125 0.999755203724
768.3468125 558.8995625 109.849875 138.1006875 0.999655485153
100.588648437 184.528484375 47.3388984375 56.6354375 0.999549567699
758.4948125 85.68678125 33.9890625 40.529078125 0.999388337135
176.417859375 199.59515625 49.41828125 65.7741875 0.999362647533
503.9531875 154.067484375 31.0775 40.3343125 0.999346077442
384.747625 352.93759375 57.76259375 74.0673125 0.99929189682
173.88134375 132.939296875 31.714328125 37.640328125 0.999269545078
8.33492578125 490.31959375 74.6621679687 75.14571875 0.999204218388
350.726625 126.38659375 29.3921875 34.65709375 0.999156832695
910.31925 84.8163671875 28.5945625 31.71271875 0.999150156975
524.757375 223.41378125 37.009125 43.98903125 0.999051511288
745.7566875 154.38003125 37.8235625 46.58959375 0.998945891857
239.528640625 320.95896875 55.401453125 68.5844375 0.998942434788
73.117390625 159.939359375 34.73084375 37.590890625 0.998874366283
898.8943125 367.74053125 78.05075 97.6054375 0.998799920082
730.225 241.558640625 42.1416875 46.459578125 0.998745203018
969.2413125 54.0011914063 25.43775 36.4034882813 0.998700737953
670.8261875 81.8033203125 26.8879375 30.4297109375 0.99869710207
593.7383125 283.2424375 52.0649375 62.76525 0.998629450798
547.1988125 117.309578125 25.8463125 33.091734375 0.998500943184
876.518 51.4844375 22.3280625 31.5385859375 0.998460054398
767.074625 317.43578125 63.3830625 83.11009375 0.998442709446
665.7245625 130.680484375 44.237625 60.003078125 0.998266279697
471.63040625 330.65275 53.2668125 69.7091875 0.998097240925
242.101484375 164.3736875 27.698953125 34.3521875 0.997843384743
27.8256464844 170.85984375 27.1953964844 30.36415625 0.997522056103
16.3373378906 297.99040625 41.9624667969 46.734375 0.997491002083
434.5855625 113.063203125 23.42815625 29.497703125 0.997136354446
279.822 180.76240625 37.1428125 42.453109375 0.996930301189
571.35275 59.0574765625 24.9731875 30.894421875 0.996885359287
633.8991875 78.1854140625 28.3579375 31.6718671875 0.996586322784
447.0581875 69.7059140625 22.3285625 28.4671015625 0.996446073055
595.5105 173.2225 39.2495625 49.602546875 0.99642854929
928.3995 7.18920166016 22.9429375 29.2204858398 0.99614572525
440.869125 40.8230898437 16.51909375 20.1002304688 0.995860517025
824.8208125 153.580703125 43.07225 43.43540625 0.99564230442
938.3673125 194.867734375 45.452125 38.5234375 0.995142936707
536.15525 76.815328125 22.6275 30.2021171875 0.994822502136
223.322671875 453.0245 58.916515625 64.64134375 0.992166042328
537.0071875 22.0364121094 17.569625 22.1258925781 0.991091132164
491.88928125 671.725375 54.13646875 75.3858125 0.987440466881
952.5193125 23.9187617188 23.6259375 30.4838398438 0.985970914364
380.69884375 185.93984375 41.4665 44.154234375 0.985174357891
596.9163125 114.904898437 25.3986875 32.3924296875 0.982216596603
641.8933125 21.81371875 14.7638125 19.7081914063 0.982178509235
274.90459375 80.973609375 22.23765625 27.99328125 0.977733135223
355.04025 58.2111210938 21.60184375 28.0184335937 0.976260125637
669.9423125 645.1289375 36.1058125 51.4283125 0.974007308483
89.7078203125 62.2435039062 13.8736640625 21.7895820313 0.973344624043
374.286 245.4248125 35.505625 45.48821875 0.973193287849
133.819515625 77.2991015625 17.265890625 21.1914453125 0.964865148067
852.181375 34.2604414063 18.367 23.4475820313 0.964855134487
440.2043125 216.68846875 36.61753125 42.5378125 0.958057284355
18.9985234375 383.07775 31.1472734375 45.82965625 0.957404613495
400.5309375 284.4770625 37.804625 49.16528125 0.955562949181
384.1829375 98.2867421875 22.5706875 26.5829765625 0.951417267323
59.125140625 113.680679688 18.0158203125 19.5509453125 0.949663221836
613.35325 4.10072753906 16.5520625 20.8885615234 0.944748818874
721.958 42.7710546875 22.7555625 28.718875 0.943710327148
231.0758125 91.3201796875 21.568609375 27.799 0.924462199211
902.5423125 14.5368027344 22.6706875 28.6871933594 0.920730113983
247.76496875 56.4651445312 14.4864375 17.2606445313 0.918843567371
5.79515625 93.9851640625 17.3834394531 19.9709140625 0.912239134312
698.26675 17.8490351563 22.905 28.9499765625 0.855685710907
769.207125 250.143078125 31.5394375 50.070984375 0.838891088963
517.2835625 22.4477558594 14.75275 22.9250800781 0.811821401119
