0--Parade/0_Parade_Parade_0_353.jpg
12
493.150125 240.01228125 26.7546875 35.3129375 0.998356878757
324.7619375 295.01128125 31.70203125 37.5261875 0.996583580971
287.66353125 288.60065625 15.17890625 17.2459375 0.996442139149
834.9011875 264.1631875 24.5369375 28.48103125 0.991270780563
389.22796875 259.587640625 22.11628125 27.066140625 0.983672916889
884.8351875 249.470046875 15.040125 17.876421875 0.983054101467
692.21675 247.14578125 14.5519375 17.07434375 0.96498554945
598.079375 235.712828125 49.1439375 57.001734375 0.914991259575
32.5386210938 340.77440625 16.1724804687 20.29759375 0.897736132145
851.229875 249.97571875 17.7733125 20.5041875 0.852624535561
721.4888125 252.521 13.59575 16.955875 0.830352783203
797.4660625 255.6 12.2455625 14.3124375 0.805544137955
