0--Parade/0_Parade_marchingband_1_765.jpg
112
784.21075 382.48490625 17.75275 20.750125 0.99953186512
650.0394375 317.292 15.002375 19.01953125 0.999461710453
612.3305625 383.01178125 16.4001875 20.85665625 0.999335825443
727.60725 383.3395625 17.5725 21.5516875 0.999249517918
539.4515625 348.88071875 15.6091875 19.62125 0.999123871326
492.92765625 367.5076875 18.48490625 23.311125 0.999072909355
195.309921875 373.78965625 18.390109375 20.9704375 0.998924791813
397.365375 245.05271875 13.695875 15.828296875 0.998863339424
892.875625 267.10984375 14.0400625 18.27053125 0.998702645302
615.58075 295.4538125 13.7626875 17.46809375 0.998688280582
536.8245625 254.039734375 13.3400625 16.251328125 0.998668193817
744.865125 252.04196875 12.6025625 16.45009375 0.998644053936
452.32478125 341.9683125 16.9589375 21.62425 0.998638451099
648.2346875 267.3471875 13.874125 17.4514375 0.998592197895
674.1998125 248.041921875 12.91825 16.202046875 0.998549878597
252.343671875 268.8975625 14.080921875 17.84534375 0.99853682518
499.98659375 264.407625 13.79990625 17.37184375 0.998407065868
765.482375 351.3595 15.471875 18.39915625 0.998302578926
663.6188125 211.536359375 12.788625 16.020296875 0.998249173164
691.8210625 352.203 14.981125 18.03475 0.998213410378
623.31475 348.17453125 15.063 17.98078125 0.998159348965
501.395875 314.4938125 15.2050625 19.241625 0.99812656641
663.5433125 380.0618125 17.2415 19.66853125 0.998057663441
769.484875 293.37478125 13.9470625 17.16125 0.998021245003
554.825125 378.62703125 17.6625 22.00765625 0.997691750526
714.85075 271.116125 13.334875 17.2220625 0.997633934021
845.162625 373.40184375 18.7064375 22.03221875 0.997633695602
414.27315625 214.949640625 11.30409375 14.491046875 0.997609972954
369.72371875 369.35771875 17.56984375 21.3256875 0.997461676598
256.94865625 344.32434375 16.221125 18.80028125 0.997346401215
457.6845625 290.74853125 14.9874375 18.0690625 0.997140049934
362.03390625 230.8833125 13.34009375 16.268359375 0.997123301029
578.0865 270.44134375 12.392625 15.7186875 0.997034788132
286.668125 290.53525 14.1250625 18.203625 0.996854603291
727.761375 313.0581875 15.137125 18.07253125 0.996850669384
307.9518125 372.0121875 18.4886875 22.84965625 0.996689260006
441.48165625 235.785875 12.97490625 15.996375 0.996593773365
138.902046875 273.2198125 16.597125 19.4591875 0.996554851532
704.2904375 231.081171875 12.4961875 15.838859375 0.996549963951
689.2555625 296.24971875 14.2776875 17.84003125 0.996136009693
583.4116875 314.99075 15.810625 18.97303125 0.996069073677
606.0535625 244.042546875 13.413125 16.49575 0.99605846405
311.92234375 249.38071875 13.96840625 16.64315625 0.995835542679
350.920125 343.85671875 17.08553125 21.27265625 0.995748221874
780.24325 221.961640625 11.700625 13.967546875 0.995437562466
422.175125 269.68409375 12.7261875 16.25971875 0.995160400867
429.42521875 374.33165625 18.54759375 21.37315625 0.995093345642
873.20625 246.68096875 12.7155625 15.49903125 0.995012581348
405.1450625 310.37921875 15.78090625 19.297375 0.994983553886
172.511109375 257.629171875 15.38828125 18.544171875 0.994807302952
153.071828125 382.33821875 17.825671875 19.7651875 0.994799733162
89.29975 324.54415625 19.777375 23.71171875 0.994749009609
723.1326875 214.668640625 11.8065 14.699453125 0.994725883007
226.145109375 318.604125 15.332453125 18.3518125 0.994685173035
763.219875 230.315078125 11.940875 14.66134375 0.99456846714
805.7848125 323.51365625 14.88175 18.58425 0.994288146496
113.354835937 299.44928125 16.92978125 22.208125 0.994258522987
317.313375 307.0081875 16.51121875 18.902125 0.993872046471
802.5214375 253.457328125 12.2196875 15.095328125 0.993742525578
511.20740625 172.246078125 11.07978125 13.84628125 0.993116736412
232.3641875 199.34665625 13.43621875 16.426625 0.993050336838
905.129125 383.68140625 19.0893125 21.99484375 0.993016958237
689.936625 200.266140625 12.2011875 14.8424375 0.992989778519
503.28203125 235.341078125 12.5598125 15.418953125 0.991636931896
485.34225 189.923046875 11.0646875 14.1261875 0.991213977337
541.6049375 297.6955 13.8868125 15.94159375 0.991160690784
540.6050625 207.54675 11.746875 14.9250625 0.990870535374
786.219875 274.8696875 13.887875 17.10646875 0.989740371704
202.1405 221.201375 14.534328125 18.406453125 0.989633917809
369.29078125 290.94503125 13.879625 18.581 0.98896676302
328.25290625 172.509875 11.16875 14.242453125 0.988706707954
758.629 189.853453125 11.543625 14.264515625 0.988656401634
475.316625 215.01025 11.44459375 13.415296875 0.987418830395
823.769375 180.320671875 12.0370625 15.675296875 0.986970901489
912.0845 291.11190625 15.672125 18.565125 0.986356139183
420.09675 190.280328125 11.15234375 13.90621875 0.985006034374
640.014375 233.31584375 13.058875 15.2193125 0.981656730175
466.4094375 251.063421875 12.70678125 16.591078125 0.980723321438
566.4094375 200.63909375 12.586 14.82178125 0.980556607246
630.30575 199.56315625 12.0799375 15.022203125 0.980402588844
600.64175 189.50659375 11.61075 13.3843125 0.976403653622
568.69025 173.265390625 11.408875 14.01075 0.974304974079
833.7304375 203.63209375 13.6485 16.179984375 0.973699808121
383.89453125 205.749078125 11.3175625 14.31496875 0.973640739918
331.0674375 218.70446875 12.223875 15.144640625 0.971632421017
652.720625 188.688125 11.4476875 14.575234375 0.968935012817
339.3484375 266.9165 13.85821875 16.8861875 0.968049943447
657.6124375 164.59553125 11.0836875 13.375 0.967821598053
396.2096875 171.795109375 12.0485625 14.2543125 0.961724460125
273.91265625 163.93025 11.3606875 14.591078125 0.956782281399
730.0469375 181.5735625 11.5688125 13.80253125 0.956228137016
447.8465 204.699734375 12.01440625 14.7484375 0.953405618668
540.5524375 187.891234375 11.427625 13.6329375 0.952582359314
745.16875 204.98896875 11.358125 14.258796875 0.946796894073
568.5903125 235.27525 13.0160625 15.0565625 0.942900776863
351.4088125 182.918453125 11.83671875 14.427109375 0.938335299492
854.3053125 356.69471875 17.79275 19.9724375 0.933961212635
505.32675 204.343078125 11.63253125 14.115984375 0.932753145695
716.98075 154.964671875 11.30925 14.1753125 0.925209820271
803.3408125 157.507265625 11.10225 13.783421875 0.921041071415
309.86890625 203.75265625 12.1869375 14.648578125 0.915341734886
244.968078125 185.540140625 12.483328125 16.743234375 0.911329746246
597.99775 164.8006875 10.710625 13.427953125 0.910034298897
260.454546875 173.070578125 11.693453125 15.1840625 0.906840264797
626.954 179.884140625 11.29175 14.103390625 0.904698729515
283.896375 149.01578125 11.3878125 14.523015625 0.89585340023
368.63715625 163.207609375 11.08896875 14.0274375 0.893701434135
833.3994375 300.06265625 14.29275 17.287375 0.892537355423
248.299328125 371.66125 17.747078125 21.2383125 0.890719652176
605.7411875 210.764 12.2124375 15.187578125 0.867987751961
738.21075 162.68803125 11.86125 14.38075 0.841727614403
456.48734375 173.164734375 11.35475 14.234296875 0.817430257797
