47--Matador_Bullfighter/47_Matador_Bullfighter_matadorbullfighting_47_443.jpg
11
951.33 257.681 17.9195 20.1509 0.990865
901.479 202.895 16.878 20.9394 0.99043
777.636 228.222 15.5566 19.5242 0.975647
973.451 196.564 14.5294 17.9113 0.968071
833.212 268.578 15.9257 17.401 0.967373
419.564 218.745 15.9784 19.0334 0.956951
369.118 214.532 15.5463 18.6757 0.954436
499.062 229.746 25.5279 30.6567 0.938301
583.044 202.767 14.6844 18.8622 0.91428
317.731 203.99 15.8457 18.4718 0.851725
195.629 253.328 19.0308 23.9716 0.84062
