47--Matador_Bullfighter/47_Matador_Bullfighter_matadorbullfighting_47_236.jpg
23
389.048 275.936 92.9158 108.463 0.999294
109.608 195.341 21.5896 25.0717 0.998342
265.011 205.832 20.7634 25.1772 0.997766
829.681 127.75 23.3209 25.7147 0.996827
350.699 197.321 19.2307 23.2616 0.995791
67.817 197.281 18.867 23.9284 0.993906
716.483 108.077 21.6352 24.6797 0.988704
789.522 116.118 22.2932 27.2403 0.985978
84.861 107.008 21.3267 26.732 0.982408
386.277 140.066 20.8184 24.763 0.976493
34.7158 187.732 19.791 25.1982 0.968149
679.302 42.3268 16.9995 20.9494 0.96259
590.168 130.576 20.2781 23.281 0.947952
153.162 132.493 20.832 24.7883 0.947549
991.018 97.8485 21.7328 25.7432 0.942811
386.558 192.018 22.1952 26.3795 0.93437
123.395 178.894 21.3973 27.513 0.912091
601.02 191.022 22.5469 25.7764 0.902263
726.002 182.777 20.0476 24.4816 0.901214
748.507 46.3391 17.2501 21.2612 0.865336
265.929 69.0292 17.6771 21.138 0.855749
943.1 50.5825 18.2743 22.5322 0.836658
157.133 174.955 18.8681 22.057 0.8049
