35--Basketball/35_Basketball_basketballgame_ball_35_565.jpg
8
785.244995117 471.768218994 25.9785766602 35.8291320801 0.95803552866
880.235229492 354.181121826 23.2080688477 29.9897460938 0.94758862257
864.50390625 431.481170654 24.1458740234 31.7654724121 0.929614007473
875.802062988 461.093841553 24.3955078125 33.0261230469 0.912709891796
720.497131348 288.003601074 14.3410644531 17.7072143555 0.888549923897
614.801086426 343.539520264 14.4270019531 18.1513366699 0.869380414486
798.344238281 427.790222168 24.4852294922 30.4464111328 0.863292515278
913.908203125 253.761260986 13.6926879883 17.2563476562 0.839275896549
