35--Basketball/35_Basketball_basketballgame_ball_35_80.jpg
17
261.32019043 129.315155029 46.3641662598 68.2446899414 0.999130189419
383.903381348 19.9497966766 36.1485290527 47.4875736237 0.995262980461
293.664794922 13.5164556503 38.7369995117 48.4889917374 0.994775772095
94.1792526245 183.521743774 36.4562606812 48.0247192383 0.994093239307
32.9095497131 114.002624512 38.264591217 47.286239624 0.994047760963
807.469787598 75.8532714844 50.8895874023 60.3538818359 0.993296682835
494.030334473 98.5894927979 100.548339844 120.41645813 0.990457236767
889.305053711 71.7468109131 44.6346435547 55.2859420776 0.982190847397
906.636047363 378.652679443 35.2758178711 47.1647949219 0.975056052208
7.68674755096 170.369522095 39.0260362625 44.6214599609 0.971916794777
0.0 363.431427002 45.9462242126 61.3831481934 0.967268288136
351.420013428 144.327392578 31.3125610352 37.6627960205 0.962742805481
164.442337036 0.0 43.9453735352 55.6592750549 0.961791813374
158.280654907 229.536529541 47.3952789307 58.9891662598 0.952879190445
65.4910888672 208.106155396 44.42578125 57.8463592529 0.91369330883
0.0 233.346588135 35.4946289062 62.2886657715 0.911279857159
139.629013062 153.825424194 32.4239196777 37.8871765137 0.903320074081
