9--Press_Conference/9_Press_Conference_Press_Conference_9_655.jpg
18
658.442 216.901 45.9183 65.1148 0.998098
792.401 240.955 50.641 62.395 0.997399
307.039 201.516 24.818 32.7692 0.99519
499.143 225.295 35.8035 41.2788 0.991658
884.149 212.536 29.8298 38.0128 0.991513
954.796 214.195 32.5247 44.1702 0.991421
199.122 189.948 25.1635 32.1284 0.991063
941.022 183.917 29.4974 39.3025 0.990863
364.472 228.076 29.7936 40.7135 0.990335
62.6866 206.613 24.8404 30.9472 0.982868
578.98 213.899 32.3732 36.2169 0.982851
133.867 223.081 25.1311 33.2867 0.977659
846.093 189.509 25.1863 33.1817 0.976181
758.293 208.213 28.9358 39.3362 0.974384
162.576 205.989 26.3665 31.3788 0.973089
420.201 190.96 24.9463 32.7047 0.971899
1008.68 206.402 26.3704 37.6089 0.952181
650.455 203.009 25.7155 33.3696 0.834572
