20--Family_Group/20_Family_Group_Family_Group_20_326.jpg
14
859.79 200.089 29.3829 37.2288 0.997526
702.979 224.016 33.7576 41.0091 0.996445
436.1 233.587 27.504 35.1202 0.994548
149.126 215.664 33.4745 40.7052 0.992813
393.723 249.225 26.6526 33.053 0.992779
217.327 222.796 33.74 39.0485 0.992448
346.272 236.529 26.091 34.3875 0.991477
816.393 225.716 26.5413 33.1774 0.989145
804.738 289.859 25.3024 30.2131 0.984514
450.687 279.203 24.7373 29.1566 0.974009
631.518 195.677 37.7975 45.834 0.969122
870.605 337.16 23.8557 28.6535 0.967703
513.635 248.151 24.7487 30.5353 0.950714
421.337 378.174 21.5568 28.1147 0.934353
