20--Family_Group/20_Family_Group_Family_Group_20_914.jpg
12
457.812 202.806 32.6536 41.1467 0.993086
525.902 287.187 29.2408 36.6094 0.988513
815.674 164.194 27.511 34.1114 0.985591
590.732 230.516 26.5555 33.4438 0.983112
231.182 194.095 26.1939 32.5617 0.981979
158.678 119.266 27.119 33.0531 0.977801
630.352 226.527 26.0886 32.6206 0.970917
601.422 369.427 27.6211 31.4083 0.950715
263.063 256.675 24.0629 31.8679 0.947907
386.275 313.539 31.0049 41.8318 0.94478
860.845 173.665 28.9023 32.6506 0.943692
144.617 172.06 26.8048 30.175 0.873776
