20--Family_Group/20_Family_Group_Family_Group_20_64.jpg
21
171.184 306.189 53.394 65.307 0.999499
717.803 324.995 61.3271 78.2005 0.999357
755.928 281.284 50.9731 63.4183 0.998934
177.161 435.02 52.1706 66.9131 0.998896
610.56 320.054 46.2247 59.653 0.998756
339.231 280.12 52.4467 62.4818 0.998696
6.84712 372.635 61.9099 70.4287 0.99817
486.4 165.531 53.1518 66.0952 0.997929
887.099 310.152 49.7555 62.584 0.997791
49.2894 132.778 53.389 67.3601 0.997625
653.387 123.645 52.0453 64.7978 0.997432
462.548 317.66 65.0139 87.2207 0.99646
308.099 320.899 64.5131 85.2523 0.995696
317.079 162.34 47.9003 58.1953 0.995237
758.628 485.604 74.8717 87.9782 0.994693
251.817 184.899 36.9987 40.6869 0.993982
276.613 28.5776 41.9671 51.6148 0.988144
614.844 393.11 72.6771 91.5521 0.987126
150.563 234.383 44.1562 45.9951 0.974449
795.381 53.7473 46.7427 54.3673 0.972823
539.828 169.562 45.0455 58.3403 0.884637
