20--Family_Group/20_Family_Group_Family_Group_20_759.jpg
12
103.647 253.268 49.9628 63.7321 0.998841
760.257 227.851 50.1639 64.9483 0.998573
305.957 289.253 56.4386 70.4808 0.997905
98.746 101.437 46.2366 60.7111 0.995251
797.617 101.306 46.3578 58.4626 0.994689
222.216 161.499 39.8107 48.4166 0.991486
656.288 117.25 44.6139 57.4647 0.988079
444.669 307.906 44.151 53.8297 0.987538
574.032 296.402 45.1503 58.5797 0.987406
501.148 85.2274 39.7134 49.8579 0.981656
358.003 70.6082 46.1568 58.0761 0.978558
600.738 384.963 41.5846 48.2487 0.842231
