36--Football/36_Football_Football_36_157.jpg
36
607.800537109 240.618530273 28.5953979492 32.5115356445 0.989823877811
738.197753906 217.519226074 32.4379882812 35.9641418457 0.988423168659
72.8682479858 195.117370605 23.313041687 28.8533630371 0.975271105766
161.811401367 200.85887146 23.0924377441 28.7590179443 0.973320245743
605.995422363 140.976715088 26.1683959961 31.2613677979 0.971388280392
497.945343018 247.783706665 25.1373596191 32.131729126 0.969062626362
40.9126014709 255.690963745 23.9336547852 28.285446167 0.967212080956
613.712341309 73.0427703857 23.2672729492 29.1662979126 0.965463936329
867.885925293 84.5841217041 23.5865478516 29.2430877686 0.964312255383
95.153427124 239.067138672 25.2354888916 29.1743469238 0.95201665163
875.281005859 171.724822998 23.5246582031 28.2956542969 0.947931706905
458.150146484 31.7365646362 22.5465087891 31.3258132935 0.943785369396
435.756195068 349.161529541 24.8462524414 33.3949279785 0.943536102772
534.297912598 73.5335845947 22.53125 29.6941223145 0.943032383919
335.414520264 177.326904297 22.4739379883 29.0073242188 0.937307596207
184.52406311 182.567947388 22.9222717285 27.7714080811 0.931109845638
665.147644043 31.8482780457 23.7655029297 28.5722007751 0.925545930862
48.8030090332 129.1509552 22.332901001 27.4444885254 0.92138248682
507.463195801 175.679519653 22.2208862305 27.7309875488 0.916395664215
561.697814941 102.532279968 21.6091918945 31.7048416138 0.914951145649
906.188720703 218.922317505 24.3565673828 28.0799102783 0.904972374439
541.088378906 25.0460357666 23.2166748047 30.1037216187 0.883279144764
661.532775879 249.799987793 23.9307250977 29.6297302246 0.876539468765
833.45501709 110.911102295 14.7182617188 18.3368530273 0.874898910522
141.769927979 268.656463623 23.0103302002 29.1889648438 0.863832473755
392.598175049 81.3915023804 20.9180603027 26.5147476196 0.855245530605
90.1263504028 107.604156494 16.3421096802 19.8277130127 0.850978136063
983.637390137 246.328292847 24.6746826172 29.8146820068 0.843386828899
582.960449219 185.510559082 24.5335083008 28.3599243164 0.842351436615
247.509277344 117.375038147 17.8283081055 21.8450393677 0.839462339878
431.88067627 216.812759399 22.8695678711 30.7449035645 0.830374956131
898.926574707 83.1848983765 24.5712280273 28.6905822754 0.823066174984
237.908447266 250.328872681 26.5347290039 31.9004058838 0.818868398666
785.501647949 56.1096954346 20.8837890625 26.3668365479 0.810364484787
631.594787598 190.077224731 24.6765136719 30.1674957275 0.803320765495
425.296844482 263.072570801 22.5554199219 27.7734375 0.80092215538
