13--Interview/13_Interview_Interview_Sequences_13_2.jpg
13
265.782653809 187.322235107 53.8202514648 74.3312683105 0.998985588551
494.58392334 173.378997803 49.8671264648 64.8539581299 0.998775422573
122.985954285 268.789154053 56.0993423462 70.4206542969 0.997847795486
637.016479492 240.164199829 56.5657348633 78.4113311768 0.997210562229
645.088012695 148.633514404 29.7962646484 37.6445922852 0.978974342346
324.777130127 27.233795166 33.4454040527 43.7479553223 0.974697828293
918.268615723 221.512756348 35.217956543 46.8618164062 0.970182597637
656.026245117 27.2426509857 36.6130981445 45.2932758331 0.948644697666
550.435180664 202.373016357 31.6368408203 41.857635498 0.936170697212
225.522750854 191.236709595 27.7235565186 38.2917022705 0.929431200027
733.407897949 282.761138916 90.2731933594 107.771789551 0.919782102108
314.48928833 138.900985718 28.3959960938 36.1677093506 0.891280412674
945.761291504 22.0521965027 49.3315429688 56.6362342834 0.882827341557
