13--Interview/13_Interview_Interview_2_People_Visible_13_252.jpg
11
617.854309082 32.864944458 64.0059204102 81.0261383057 0.998763084412
869.930480957 13.759557724 64.2819824219 83.1332111359 0.997609615326
29.822063446 31.5401725769 55.0787086487 66.2639350891 0.996823072433
107.658943176 552.651184082 46.2538070679 58.5314941406 0.989579617977
324.946533203 557.801269531 45.8999328613 57.6903686523 0.98542201519
803.423217773 273.925323486 35.0767211914 43.7005615234 0.983275473118
864.356933594 523.664794922 31.7901611328 40.7810058594 0.978734612465
83.6770858765 288.485443115 28.0219955444 32.7319946289 0.976653635502
578.419616699 510.736572266 31.6156005859 40.0360717773 0.97412443161
225.95375061 18.1382160187 30.1224517822 36.2058734894 0.957236468792
433.844573975 12.7094240189 26.9767150879 31.0872068405 0.807600915432
