13--Interview/13_Interview_Interview_Sequences_13_859.jpg
8
122.096992493 114.932380676 32.0998001099 44.5374832153 0.994800806046
476.178649902 114.995239258 38.4768066406 43.0580444336 0.994119882584
823.250427246 131.663726807 37.1704711914 44.0796051025 0.986909091473
617.93939209 183.700637817 22.6189575195 29.3590545654 0.97779250145
705.870483398 199.87739563 27.7495117188 34.3780822754 0.976380586624
227.734161377 199.966461182 33.1554870605 39.8704376221 0.969048023224
254.423538208 167.569610596 27.3516693115 32.0437164307 0.945339918137
719.414672852 152.305236816 22.7027587891 29.2516326904 0.938018858433
