47--Matador_Bullfighter/47_Matador_Bullfighter_matadorbullfighting_47_443.jpg
12
901.3964375 203.19515625 16.7626875 21.331640625 0.982847213745
951.18675 257.254734375 17.9996875 20.225359375 0.977787733078
583.1884375 202.728734375 14.4454375 18.857234375 0.977089226246
777.76825 228.405234375 15.61325 19.640578125 0.971346437931
833.3103125 268.7625 15.5963125 16.8488125 0.947969853878
973.2455 196.39825 14.5848125 18.28240625 0.946017324924
369.1068125 214.583453125 15.54890625 18.54353125 0.944154500961
317.22146875 203.785125 16.27328125 19.067546875 0.941768169403
859.082125 165.84159375 14.151875 16.68271875 0.923984646797
195.5799375 253.211875 19.128578125 23.751375 0.918514072895
412.33803125 196.524421875 14.45759375 17.62890625 0.888694882393
420.15521875 219.048296875 15.09490625 17.781453125 0.846927642822
