47--Matador_Bullfighter/47_Matador_Bullfighter_matadorbullfighting_47_491.jpg
10
346.91521875 195.279328125 13.1048125 16.14990625 0.984995782375
99.023140625 190.791203125 16.974578125 21.292515625 0.984683334827
982.52125 198.503546875 15.059875 17.195703125 0.978385090828
316.43659375 196.116015625 14.96159375 17.967375 0.976063489914
183.80334375 156.66078125 13.6384375 16.759359375 0.963101923466
868.04575 138.907109375 14.8004375 17.22409375 0.947239816189
891.265625 138.216140625 14.53325 16.822734375 0.932468533516
196.108515625 196.57171875 17.1296875 20.818875 0.909533083439
747.0739375 189.73646875 21.201875 27.78909375 0.854609131813
5.98289648437 152.2231875 15.3021035156 18.115109375 0.811677455902
