47--Matador_Bullfighter/47_Matador_Bullfighter_matadorbullfighting_47_72.jpg
9
913.7479375 5.61033789062 28.58875 35.1216894531 0.998156487942
507.85890625 12.060921875 28.96559375 33.0821132813 0.997832000256
634.901875 6.48789404297 24.5059375 32.2393051758 0.995861709118
331.51909375 65.3775117188 52.54146875 57.0335585938 0.992449998856
225.784421875 0.0 25.351765625 30.2963300781 0.992376506329
749.870625 4.01741015625 23.7601875 29.8984804688 0.988892734051
973.140125 13.51153125 24.5479375 28.7811914062 0.969159662724
571.2734375 10.9921630859 23.748375 27.9593212891 0.968386769295
687.28925 0.0 25.1341875 29.4121796875 0.964741528034
