47--Matador_Bullfighter/47_Matador_Bullfighter_matadorbullfighting_47_536.jpg
9
774.704589111 288.225520599 21.0294418945 25.1538506165 0.99266397953
477.030478027 317.401363831 19.696958252 23.9259388428 0.992547214031
967.157264282 339.358350616 18.313282959 21.4903126526 0.976683676243
624.64172699 271.043947754 19.4390823975 23.8309549866 0.958447575569
899.168332764 340.314817413 17.5965998535 20.3943194275 0.939715087414
334.389884125 283.614061676 22.4393174744 27.4349638977 0.936736047268
721.785262207 320.136240234 20.4571625977 24.6146291199 0.915934562683
111.404901627 412.872040955 21.4281573181 23.7694458008 0.887202441692
831.014987671 324.689816742 18.9533453369 22.9962976379 0.875726997852
