47--Matador_Bullfighter/47_Matador_Bullfighter_matadorbullfighting_47_731.jpg
29
424.333 171.143296875 20.19490625 22.0010625 0.997042834759
85.6508125 101.529453125 11.6271171875 14.0322265625 0.980703473091
360.34178125 116.24678125 10.9155625 13.499390625 0.976146757603
575.23525 138.934984375 23.2431875 27.983015625 0.961759328842
0.717291137695 147.12821875 13.1495887451 15.81575 0.961719810963
9.33146679688 116.34365625 11.7107304687 14.171515625 0.954705774784
997.9520625 130.507046875 13.8863125 15.365765625 0.954250693321
307.1244375 76.287140625 11.66121875 13.726375 0.951740324497
388.0323125 148.3526875 12.366375 13.5921875 0.94714730978
50.00540625 81.295015625 12.2947851563 14.2307421875 0.94251447916
949.161625 114.494203125 13.227625 15.64521875 0.937849104404
601.3761875 116.812671875 11.9594375 14.7669765625 0.923746228218
972.58225 138.86328125 15.3535 17.5883125 0.914219558239
913.6634375 109.372429688 12.0499375 14.390921875 0.912139832973
62.6709375 115.293835938 12.3588984375 14.5108125 0.909396529198
678.9389375 115.556132812 13.1249375 16.3585625 0.899574518204
905.47775 132.4370625 13.253 15.626078125 0.894793510437
28.6332929687 154.446671875 12.1693632812 14.5624375 0.893072247505
855.42425 57.3632578125 11.6410625 14.30721875 0.891576707363
165.086515625 158.335828125 11.9933125 14.2076875 0.888874411583
869.8751875 92.479484375 12.445375 13.7075859375 0.881395637989
191.156859375 8.91275195312 11.184828125 13.3650898437 0.867615818977
82.3216875 122.661515625 12.7160859375 15.174265625 0.856551408768
144.19421875 132.087484375 12.313 14.658046875 0.854898869991
922.0321875 90.49465625 12.5671875 15.424921875 0.853311777115
163.90546875 124.218140625 11.980015625 14.522125 0.839140176773
565.4706875 122.232476562 13.929125 15.4730390625 0.83327370882
624.75575 108.43634375 13.295625 15.79484375 0.808658242226
208.708609375 99.6869765625 11.0083125 13.69009375 0.806942462921
