8--Election_Campain/8_Election_Campain_Election_Campaign_8_218.jpg
8
432.156066895 323.162200928 60.8267211914 75.788848877 0.998991310596
598.75189209 338.625915527 50.1846923828 60.0934753418 0.997637629509
537.255737305 341.836517334 50.9862060547 60.253326416 0.997089207172
840.991760254 246.330917358 99.9400634766 125.964889526 0.985988080502
670.482788086 549.587219238 61.7393798828 73.4681396484 0.984668433666
172.993835449 377.538452148 87.9278869629 108.533935547 0.962101340294
787.452758789 257.168487549 53.7860107422 66.6534423828 0.947512447834
692.384521484 333.104522705 46.2769165039 57.9336242676 0.867144167423
