8--Election_Campain/8_Election_Campain_Election_Campaign_8_244.jpg
8
782.567077637 120.151382446 66.9294433594 86.3358612061 0.997058153152
387.155853271 102.395080566 105.746765137 145.340057373 0.995366930962
511.537231445 125.291290283 116.37310791 169.556243896 0.994988620281
105.919792175 59.2254867554 138.836494446 174.287117004 0.994680702686
652.380371094 74.3128509521 93.0244140625 114.057357788 0.988087952137
847.118835449 136.239013672 89.6889648438 111.756011963 0.982317090034
253.013717651 157.254653931 87.8344573975 101.510604858 0.950158119202
738.627075195 140.548782349 47.6380615234 64.9354248047 0.949563384056
