8--Election_Campain/8_Election_Campain_Election_Campaign_8_84.jpg
12
122.752723694 542.17376709 45.0183944702 58.6928710938 0.998598992825
35.8466339111 527.848815918 27.9418792725 34.6292724609 0.986528754234
310.835693359 495.202606201 23.3662414551 32.9692077637 0.978951931
207.345703125 506.3074646 27.5861053467 40.9600524902 0.971770524979
288.92578125 501.425048828 24.0809326172 30.0888671875 0.964677631855
81.5581741333 502.264404297 25.6286697388 33.6208496094 0.953874528408
880.632873535 506.737518311 21.1284179688 28.9369812012 0.924444258213
93.2334823608 502.124572754 24.8122329712 34.2952880859 0.923127353191
126.267677307 482.658355713 21.8168869019 29.2084655762 0.918842256069
975.438232422 489.183563232 25.8928222656 29.7356872559 0.917394518852
632.033752441 204.509063721 17.229309082 21.3281097412 0.844267725945
488.942993164 190.633392334 17.1541748047 22.177154541 0.823228418827
