8--Election_Campain/8_Election_Campain_Election_Campaign_8_174.jpg
39
7.26300621033 479.237243652 47.0896472931 60.2091674805 0.998589575291
739.109680176 479.571716309 63.3543701172 75.6032104492 0.998393237591
899.836303711 508.317932129 58.1058349609 71.4141235352 0.998245358467
67.5891799927 470.616851807 46.1136779785 57.2110290527 0.997630476952
267.356964111 453.281829834 31.3142700195 40.2321777344 0.996657967567
164.395004272 524.988464355 76.3562774658 82.5801391602 0.996347844601
295.84588623 483.828521729 50.7126159668 60.2653503418 0.994307458401
128.19871521 414.33984375 35.5802612305 43.9568481445 0.994303226471
208.061782837 432.416442871 31.5214233398 40.1645507812 0.994249343872
584.374755859 461.882263184 39.4251708984 41.1694946289 0.993399739265
929.708190918 419.206512451 31.8609619141 42.2496948242 0.9932295084
622.42980957 502.080078125 43.6096801758 55.7845458984 0.992499530315
167.810043335 454.27835083 34.0158538818 42.851776123 0.990852534771
815.735717773 580.375183105 90.3905639648 102.624816895 0.987304627895
384.707214355 544.440551758 64.0051574707 72.1062011719 0.986936271191
168.041030884 423.841491699 29.9856567383 37.0327148438 0.982894539833
310.196563721 440.702880859 29.4362487793 34.9194030762 0.982712268829
743.731201172 444.325683594 29.9646606445 35.3240661621 0.979773044586
949.993225098 466.187103271 44.3403930664 54.1317443848 0.978624165058
502.748413086 344.824890137 31.5924072266 39.6960144043 0.975734829903
202.247924805 480.381317139 33.1429901123 42.0379333496 0.975612640381
609.997253418 416.5987854 22.7255249023 29.8313598633 0.973083436489
877.216430664 462.507598877 38.9301147461 45.3800964355 0.971300423145
822.266784668 440.550109863 33.5770263672 40.4645385742 0.966415584087
446.632720947 448.266723633 47.3820800781 53.2655029297 0.964115381241
578.928649902 413.736480713 31.1614990234 34.8800964355 0.960365772247
47.9402008057 447.547363281 29.9713973999 36.3239746094 0.938455402851
428.744934082 502.226654053 46.1239013672 61.0110778809 0.932215988636
257.149932861 422.892150879 27.0785827637 29.8101196289 0.920644402504
654.133666992 420.771179199 26.9204101562 30.7868041992 0.920424818993
433.936157227 447.542877197 29.1965332031 38.7957458496 0.914937674999
33.9433441162 384.610717773 23.1274337769 31.1493225098 0.914501607418
242.246109009 416.638671875 24.200088501 31.4942016602 0.91298365593
161.055236816 603.690002441 93.8494567871 79.3099975586 0.909873902798
420.561187744 429.233184814 27.7258605957 31.476776123 0.878927767277
970.840026855 336.714660645 12.9345703125 15.6010742188 0.876205921173
954.977050781 419.46585083 24.967590332 31.6879272461 0.8362865448
91.8820419312 395.052246094 21.9995040894 28.2731933594 0.822075664997
307.886108398 414.616088867 25.8869018555 29.8805847168 0.812747836113
