8--Election_Campain/8_Election_Campain_Election_Campaign_8_148.jpg
26
813.590942383 288.653778076 67.7418212891 77.6027526855 0.997552335262
676.884277344 255.504119873 56.9845581055 66.3556213379 0.997417330742
569.81451416 321.711883545 70.3167114258 89.1303100586 0.99684637785
965.414367676 295.615905762 58.5856323242 76.4432067871 0.996365308762
427.179107666 226.986175537 60.0337219238 67.985168457 0.996101617813
241.378326416 369.513519287 102.622070312 134.686340332 0.995562553406
504.900024414 214.54750061 54.0725708008 64.7601470947 0.995212197304
734.193603516 262.211975098 64.5437011719 71.5086364746 0.992797553539
889.059875488 422.56362915 71.5314941406 82.8311767578 0.992093741894
584.522521973 189.353240967 45.0692138672 55.1536712646 0.991488814354
718.657836914 448.329223633 100.638183594 137.570007324 0.98615950346
425.0703125 288.816894531 87.9749145508 116.407806396 0.985439479351
621.900085449 354.073669434 96.5335083008 113.695098877 0.982330024242
316.575317383 274.265869141 77.0647583008 93.594329834 0.975736200809
477.198638916 148.020889282 31.7628173828 37.0017852783 0.975241243839
95.8636474609 206.256072998 51.3656768799 59.1215515137 0.97115278244
0.0 379.559570312 73.7474517822 141.43927002 0.970872998238
194.796798706 111.820335388 26.5247650146 32.922492981 0.957563102245
903.174316406 578.299255371 107.637145996 140.109924316 0.952265620232
0.0 214.567718506 73.9196014404 90.2934265137 0.951713323593
504.529846191 290.305389404 63.3955078125 89.9300231934 0.948430418968
755.033203125 219.280166626 29.5130615234 32.680267334 0.943896234035
126.869758606 83.6133270264 25.8825759888 31.973777771 0.894249737263
7.57667636871 9.28629398346 13.3030099869 16.7190752029 0.89334076643
552.414123535 120.136054993 14.9772338867 19.8564376831 0.824217200279
373.143951416 121.307395935 15.2107543945 18.7497787476 0.804456889629
