41--Swimming/41_Swimming_Swimming_41_243.jpg
12
79.5324 92.8199 162.066 142.196 0.999884
113.946 735.395 62.1592 64.4043 0.998601
905.799 249.6 59.6971 65.9488 0.996855
547.056 809.718 37.9664 52.484 0.993969
421.24 755.263 33.85 44.5632 0.988006
507.199 787.104 40.2188 54.0779 0.98706
742.783 241.01 58.1598 65.0485 0.983137
736.281 894.071 55.1585 68.9086 0.972501
424.024 915.618 36.8472 54.6402 0.942963
470.748 761.477 34.8856 43.8961 0.924992
625.85 873.828 52.9141 75.0945 0.892232
258.297 607.591 20.5483 24.4985 0.851541
