48--Parachutist_Paratrooper/48_Parachutist_Paratrooper_Parachutist_Paratrooper_48_72.jpg
8
254.151031494 276.900360107 26.5526428223 32.0034179688 0.977692127228
93.6415405273 325.830078125 29.8561325073 33.1731872559 0.974594175816
168.774139404 290.958526611 32.8400268555 35.7774963379 0.965984463692
613.567626953 325.937683105 26.774597168 31.4613037109 0.947312653065
15.3181648254 308.89630127 26.5502357483 29.4942016602 0.936617016792
55.2491836548 320.275115967 24.9943237305 28.8334960938 0.933089196682
332.158660889 277.880157471 26.0168151855 31.2696533203 0.893275499344
766.562561035 303.882141113 14.8557739258 17.6846923828 0.869267225266
