48--Parachutist_Paratrooper/48_Parachutist_Paratrooper_Parachutist_Paratrooper_48_1015.jpg
14
858.760742188 315.691253662 55.3134765625 65.2862243652 0.997361004353
92.6516952515 125.923156738 46.6303939819 66.9895477295 0.989486575127
328.886993408 384.938049316 33.5763244629 41.5710144043 0.988436460495
219.175857544 404.493469238 33.1358184814 38.6821594238 0.985445737839
343.532348633 210.692855835 24.7991638184 30.4877471924 0.955408930779
679.522583008 347.870666504 36.9357299805 45.017578125 0.953826546669
629.393310547 346.02041626 37.2900390625 43.1380615234 0.949797451496
465.45791626 362.435546875 34.5692749023 41.7077331543 0.944475769997
981.92010498 305.518676758 36.112121582 45.1335754395 0.928743064404
954.16619873 311.773071289 28.8400268555 38.7165527344 0.918075859547
632.345947266 208.022888184 22.2289428711 27.5712738037 0.891411662102
552.208557129 356.357727051 35.1696777344 42.2934570312 0.878885507584
454.99710083 222.493896484 24.493347168 29.1493225098 0.872675299644
850.952758789 208.064575195 22.4639282227 27.4254455566 0.844739198685
