45--Balloonist/45_Balloonist_Balloonist_45_273.jpg
11
725.042875 314.71809375 102.5279375 138.82709375 0.999685525894
868.2028125 104.395703125 15.1855625 22.8877890625 0.99944382906
107.729898437 318.68040625 72.4994765625 79.297375 0.999341070652
377.04446875 158.295640625 31.72384375 38.092453125 0.999267041683
708.8545 205.102359375 59.864 79.737453125 0.998919725418
429.080625 41.1764453125 31.55940625 38.3055859375 0.998727500439
623.1819375 196.439 51.876125 63.980125 0.99860137701
464.44559375 161.54834375 40.519 44.79603125 0.998551666737
123.057851563 169.78053125 56.3910234375 73.914578125 0.997982382774
166.61625 209.32078125 36.282953125 46.4590625 0.997099041939
819.2681875 123.032375 13.6265625 15.46521875 0.989232540131
