5--Car_Accident/5_Car_Accident_Accident_5_628.jpg
16
265.73425 279.73878125 28.64053125 32.49340625 0.998270869255
176.295375 218.534984375 24.99771875 32.360734375 0.997593939304
375.8159375 149.355609375 26.1781875 33.087703125 0.99534791708
326.81315625 218.261765625 25.14709375 27.9678125 0.994854688644
74.8344375 216.601109375 26.32840625 30.2516875 0.994429588318
155.562453125 312.06796875 27.609921875 37.72346875 0.994341373444
855.3348125 203.827515625 26.137125 31.31065625 0.994242846966
230.259796875 234.04403125 23.858421875 30.37465625 0.989030301571
913.9145625 238.736953125 23.8554375 29.532828125 0.981249094009
439.1781875 189.870765625 23.78953125 29.734625 0.974649429321
576.5526875 27.5538203125 27.6638125 37.6579804688 0.963563799858
378.40275 206.225359375 27.6598125 36.343375 0.948677659035
282.8479375 173.018765625 22.20978125 30.361359375 0.923111736774
935.384375 290.20953125 29.18875 31.0295 0.913320958614
43.539875 152.471140625 23.49325 29.09621875 0.9043379426
276.5009375 229.79390625 17.96303125 20.76490625 0.888449072838
