5--Car_Accident/5_Car_Accident_Accident_5_448.jpg
11
925.4715 558.7693125 25.8005 29.8225 0.998468101025
803.3418125 433.52778125 17.0888125 26.6818125 0.997674524784
298.16896875 540.1816875 26.454625 34.758375 0.99654763937
292.380875 390.8416875 16.9978125 20.93521875 0.996433854103
87.3940078125 393.42025 15.8614609375 19.0724375 0.989290416241
230.07315625 373.319375 15.08403125 18.707625 0.989225924015
50.421171875 436.1274375 22.10865625 25.6081875 0.98568624258
190.496484375 447.8410625 16.813109375 22.7465 0.965602040291
206.057453125 413.65190625 17.93246875 19.75175 0.959515869617
864.8085 230.65065625 12.058125 14.26628125 0.945627748966
888.38525 405.807375 20.8804375 29.4389375 0.906531989574
