5--Car_Accident/5_Car_Accident_Accident_5_177.jpg
13
747.2613125 185.3445625 16.5915 21.200453125 0.999241232872
301.709375 211.1465625 19.225375 22.212328125 0.997234046459
833.2074375 216.495703125 24.1319375 27.474 0.996405482292
393.18684375 208.206734375 18.4545625 23.326734375 0.995126485825
807.3183125 274.47878125 26.0309375 30.29253125 0.994913697243
696.0395 198.66859375 17.95475 24.13553125 0.993874371052
596.0813125 131.570625 16.6244375 18.691265625 0.991807997227
904.223875 161.55421875 14.560875 19.0975625 0.99029058218
868.79 253.3121875 22.17425 29.66128125 0.973237991333
974.534875 211.314953125 21.193875 31.16675 0.949052453041
891.8811875 217.70434375 19.6795625 22.6603125 0.93842536211
858.409625 345.547 23.28875 36.45640625 0.928193807602
988.61675 188.34540625 18.1655 22.7911875 0.920784890652
