2--Demonstration/2_Demonstration_Demonstrators_2_518.jpg
10
87.5027618408 255.657012939 62.6524505615 77.8233032227 0.999465882778
942.186340332 419.069885254 59.6815795898 86.1889038086 0.9984998703
385.926361084 139.303619385 57.452545166 67.2034912109 0.99603420496
473.026489258 146.582977295 51.0591430664 60.525177002 0.993980407715
979.104614258 261.27255249 44.8953857422 60.4227294922 0.991960227489
759.26751709 52.9111747742 30.7676391602 45.0152320862 0.96786648035
616.793884277 411.631500244 57.2314453125 66.4789123535 0.960314154625
695.555419922 144.352844238 37.4282836914 48.9426574707 0.957443416119
934.604553223 44.5564689636 33.4180297852 43.1473350525 0.939974069595
554.605895996 139.398468018 34.5752563477 39.69921875 0.885582923889
