2--Demonstration/2_Demonstration_Political_Rally_2_641.jpg
10
571.033569336 160.063308716 54.1932373047 69.7965240479 0.999014735222
8.00455665588 145.086502075 45.8730068207 61.1131744385 0.99898070097
429.318481445 179.056549072 52.064453125 67.1213531494 0.998876392841
114.586578369 124.857780457 52.7820129395 72.5285110474 0.996415495872
720.531860352 156.029754639 42.712890625 67.6576690674 0.995568692684
645.004150391 157.658493042 42.0914916992 63.2064361572 0.990113139153
516.47277832 159.309005737 43.6348876953 61.0810852051 0.972498297691
208.926315308 139.362915039 37.4306335449 44.48487854 0.968578755856
292.499938965 139.321136475 45.9227600098 62.6236572266 0.946169793606
344.392944336 230.871337891 33.2782897949 47.3725585938 0.922003984451
