2--Demonstration/2_Demonstration_Demonstration_Or_Protest_2_453.jpg
9
62.8679962158 309.290313721 33.4094238281 43.1970214844 0.989124774933
573.692260742 324.715209961 30.1953125 37.1051635742 0.982924878597
753.39050293 326.950134277 25.4814453125 30.9245910645 0.96761059761
5.32984447479 292.221801758 48.2796525955 60.1441955566 0.960340499878
188.420059204 276.396179199 64.9698181152 74.6107788086 0.958702325821
396.866668701 261.45135498 44.9684143066 60.8864440918 0.944588840008
608.573913574 295.40737915 23.4047241211 32.0913696289 0.877203643322
473.364807129 233.755432129 86.3908691406 110.014251709 0.8681614995
689.608520508 311.468780518 23.0494995117 28.8985290527 0.856367409229
