2--Demonstration/2_Demonstration_Demonstrators_2_268.jpg
10
267.378601074 255.358779907 28.8005981445 34.8200836182 0.995170414448
77.3716812134 284.184387207 34.532409668 42.9050598145 0.993451476097
972.65057373 262.27923584 39.5078125 47.4241943359 0.988964796066
838.61706543 278.128631592 24.8977661133 28.4754638672 0.955283284187
537.222717285 249.025314331 13.4229736328 17.0409698486 0.947075784206
361.640899658 264.24118042 23.35546875 27.9058837891 0.94275611639
574.124206543 281.390106201 27.0319213867 31.6090698242 0.941538095474
31.9278354645 267.212249756 15.5863513947 19.4280395508 0.905901908875
680.527404785 246.34614563 22.8699951172 27.7418365479 0.887635111809
449.586395264 261.682373047 13.2367858887 16.1701049805 0.806837320328
