2--Demonstration/2_Demonstration_Demonstration_Or_Protest_2_615.jpg
13
286.949310303 220.588745117 34.014251709 40.3314208984 0.996615469456
118.450378418 251.723831177 33.1623382568 43.5708770752 0.995411455631
427.715911865 250.006729126 34.0713195801 39.8777313232 0.993303954601
895.724975586 244.936035156 31.5408935547 36.3613586426 0.992706000805
759.585205078 256.163085938 28.2205200195 35.0870666504 0.992483794689
941.413024902 243.423599243 33.3224487305 38.0731048584 0.99009424448
36.868019104 250.443267822 34.2182388306 41.992767334 0.990074574947
826.073974609 251.686126709 28.9978637695 32.5473632812 0.987414419651
558.12487793 242.64755249 28.0646362305 34.5773010254 0.985689163208
504.685333252 269.285797119 27.7372741699 35.3724060059 0.978115856647
0.0637447834015 268.891967773 35.9239490032 39.577911377 0.974453449249
610.377441406 258.301635742 24.640625 33.0421447754 0.969244301319
178.750564575 248.032913208 29.4730529785 32.6653900146 0.894007921219
