2--Demonstration/2_Demonstration_Political_Rally_2_763.jpg
9
667.309936523 183.21786499 63.6325073242 77.3210449219 0.999002754688
246.419265747 150.109451294 51.0984039307 68.7463684082 0.997553646564
741.499633789 218.341415405 49.2098388672 61.4352264404 0.995994210243
437.782836914 197.849731445 48.9878845215 66.0188598633 0.995475590229
526.387268066 152.035751343 97.5549316406 123.451187134 0.988742351532
803.010986328 246.73085022 69.4981689453 96.7513580322 0.985272705555
288.45993042 102.754043579 90.9262084961 121.280883789 0.980024755001
641.010375977 227.640106201 31.6241455078 40.7021789551 0.846949517727
483.564758301 214.050308228 59.5258178711 88.8383026123 0.819863557816
