2--Demonstration/2_Demonstration_Political_Rally_2_410.jpg
11
3.24032831192 526.435852051 63.9776053429 77.5701904297 0.999407291412
177.182388306 487.734619141 56.3586120605 67.2755126953 0.997928023338
464.965454102 455.304107666 38.8413696289 43.4709777832 0.996557593346
729.437561035 470.96963501 52.0015258789 64.0984191895 0.995991408825
558.16595459 515.695129395 44.6892700195 65.4619750977 0.993279278278
251.373596191 500.531188965 74.1796569824 84.8474731445 0.992680609226
932.309936523 447.533996582 30.6913452148 38.966003418 0.987154722214
855.376525879 420.743164062 40.5148925781 48.2653808594 0.985191345215
352.686676025 431.610839844 43.1713562012 45.4969787598 0.982937157154
504.551177979 493.004455566 36.7585754395 45.973815918 0.982608795166
634.14453125 447.327606201 92.5264892578 115.227264404 0.981351912022
