2--Demonstration/2_Demonstration_Demonstrators_2_314.jpg
8
111.947021484 261.77935791 28.3104248047 33.7459411621 0.977666139603
412.707458496 256.175750732 28.6914978027 36.5715332031 0.959430396557
202.495437622 264.632965088 29.6437835693 38.9130554199 0.958283185959
131.767623901 301.076934814 29.0597991943 38.6943359375 0.944653511047
259.854736328 269.002197266 28.1526489258 31.0989074707 0.922259747982
484.383148193 299.955627441 26.206817627 42.431060791 0.831917107105
69.496421814 325.863128662 32.5217285156 47.02734375 0.822476387024
530.342163086 318.256530762 30.6481323242 34.7047424316 0.812439858913
