2--Demonstration/2_Demonstration_Protesters_2_46.jpg
24
74.1622467041 49.3267288208 62.5047454834 77.9794769287 0.998130261898
956.572753906 118.299102783 66.2700805664 83.4490661621 0.997268974781
334.475891113 74.5451965332 67.520324707 90.7897491455 0.996421456337
923.204284668 47.0594978333 56.9125976562 69.3714942932 0.993810594082
259.004699707 148.647155762 69.0908508301 91.9167022705 0.990077257156
738.261962891 426.370666504 104.062133789 140.83380127 0.988630890846
272.877319336 15.5399208069 53.5279846191 63.0011558533 0.986372411251
764.514587402 133.601165771 52.3992919922 62.6777191162 0.985985279083
824.187561035 64.2606506348 74.1574707031 89.6876983643 0.981364309788
600.100830078 607.55090332 115.782775879 120.44909668 0.981086134911
475.636535645 557.381774902 100.346008301 143.518249512 0.980241775513
759.537353516 43.1419372559 53.6737670898 69.6764678955 0.979556441307
497.390716553 155.285263062 70.061126709 92.2515258789 0.975425779819
620.67175293 98.30493927 57.7790527344 79.1167831421 0.972581386566
729.584777832 199.706771851 58.9891357422 69.8483123779 0.968400299549
791.096435547 590.266113281 88.8999023438 133.669372559 0.966003715992
120.162315369 112.355110168 71.6639022827 91.0167617798 0.945514261723
427.931915283 510.009765625 86.9400939941 124.057556152 0.93737924099
642.71295166 262.903961182 87.348449707 121.230987549 0.932678461075
365.502075195 330.745697021 109.430511475 123.6534729 0.932538092136
575.857055664 560.347473145 110.923034668 144.053039551 0.926297843456
40.3466911316 28.1869831085 49.3817329407 60.005865097 0.90783393383
927.822631836 599.279724121 96.1773681641 128.720275879 0.896996080875
42.5173873901 246.347396851 83.2048339844 110.374679565 0.831842124462
