2--Demonstration/2_Demonstration_Demonstration_Or_Protest_2_430.jpg
10
107.410377502 239.434906006 57.4600601196 71.8393554688 0.998815894127
350.251190186 182.37159729 48.3948364258 61.9167938232 0.996193885803
490.434112549 132.945465088 60.0596618652 90.2519226074 0.99451893568
607.028747559 128.563201904 47.2399291992 62.5463104248 0.993479132652
285.785675049 205.435836792 53.6968078613 73.4785919189 0.993083000183
679.854064941 123.50920105 59.1260986328 86.967666626 0.984531164169
650.171264648 103.786720276 51.5341186523 72.8078231812 0.931696236134
762.54083252 144.014984131 47.233581543 61.0141448975 0.863655745983
234.585205078 217.882049561 37.3047790527 42.3167419434 0.849029362202
857.747131348 220.752960205 47.7763061523 58.6065979004 0.821686983109
