2--Demonstration/2_Demonstration_Demonstration_Or_Protest_2_816.jpg
20
139.433349609 284.145874023 52.3443450928 64.8190612793 0.998410701752
679.051025391 201.72694397 45.2173461914 56.2582855225 0.995279073715
859.489440918 171.463241577 43.1378173828 57.5929718018 0.99140805006
814.788085938 83.3445663452 39.0503540039 46.7366409302 0.990985751152
354.915405273 394.800872803 48.4730529785 59.4797973633 0.990533947945
719.578857422 0.0 44.0559692383 57.3782463074 0.989924371243
12.2589845657 167.287460327 45.7703695297 55.9826660156 0.98923522234
90.364616394 63.7786521912 44.8762130737 54.0520515442 0.988333284855
344.902770996 264.593444824 51.3940734863 67.2398376465 0.986510813236
314.940734863 208.257781982 46.2120056152 55.1469116211 0.981775641441
490.852478027 152.838226318 47.0805053711 60.2729949951 0.979540467262
299.554901123 150.959182739 49.196472168 58.2520904541 0.979062318802
217.728607178 263.617462158 47.6865234375 62.333984375 0.967525780201
790.19732666 226.215240479 45.5648193359 55.6557006836 0.967273652554
685.338867188 68.8983230591 35.2055053711 44.4842605591 0.951026380062
572.531188965 123.851448059 44.7373657227 52.4376602173 0.937861263752
448.926483154 64.9704055786 32.4881896973 49.5305252075 0.914570391178
777.787414551 280.711334229 48.2803344727 60.3270568848 0.914400100708
634.580383301 174.271865845 31.6033935547 45.0124664307 0.883480012417
160.092651367 0.0 31.8083343506 27.6197547913 0.883416056633
