2--Demonstration/2_Demonstration_Protesters_2_476.jpg
8
411.950561523 379.711608887 47.0765991211 54.5842285156 0.991663455963
184.904434204 413.551208496 28.4655761719 36.3006286621 0.986678540707
272.122283936 384.137207031 43.3137207031 56.5168762207 0.96866106987
104.246459961 381.75390625 57.9672851562 63.7773132324 0.953509092331
685.314880371 384.287475586 23.3551635742 31.3940124512 0.950400650501
769.563110352 358.988677979 24.0775146484 30.3158874512 0.933665037155
921.655334473 375.002075195 22.8218383789 28.2260131836 0.836438119411
199.267501831 357.622314453 28.8748321533 38.1907958984 0.834218621254
