2--Demonstration/2_Demonstration_Protesters_2_563.jpg
13
668.851196289 252.205444336 47.5162963867 65.1071777344 0.996848404408
875.33215332 212.600769043 59.4479370117 71.4699707031 0.996665298939
632.622070312 185.157577515 28.2977905273 36.4983215332 0.996266305447
391.07333374 189.911849976 68.0785217285 95.495803833 0.994885623455
565.34765625 219.519592285 29.9777832031 38.4160766602 0.994045495987
668.08795166 165.72102356 30.8687744141 40.8318786621 0.993045866489
226.649795532 255.111526489 39.9771881104 48.4095916748 0.992988407612
818.105041504 305.716827393 109.127075195 134.053863525 0.992838323116
819.460021973 186.345153809 32.5523071289 40.7434082031 0.989302992821
301.425811768 233.355484009 25.7446289062 31.461807251 0.983134031296
724.675964355 240.82119751 66.5356445312 91.5413208008 0.9829185009
237.686553955 213.340057373 25.1163330078 32.8078308105 0.982050538063
95.6748504639 236.992492676 87.7344055176 109.04800415 0.973905920982
