2--Demonstration/2_Demonstration_Demonstration_Or_Protest_2_578.jpg
14
567.612731934 307.025482178 28.3763427734 34.6177062988 0.996519327164
940.355163574 321.879577637 29.3994140625 36.1630859375 0.994761884212
666.737304688 295.404724121 30.3084716797 37.8915405273 0.991652190685
852.694152832 333.828216553 29.4056396484 38.0227661133 0.990737259388
254.512817383 333.022460938 24.0567626953 29.5116577148 0.985581696033
779.914123535 348.117095947 27.2230834961 32.2598571777 0.985503613949
321.946166992 320.897705078 25.4952697754 31.7180175781 0.981596052647
502.292022705 304.244506836 23.650970459 30.7515258789 0.979082584381
68.787071228 308.425048828 23.399810791 29.7227478027 0.97530567646
961.103210449 226.05821228 14.7762451172 18.1892547607 0.945583701134
147.571365356 322.40914917 21.9952697754 29.3374023438 0.929367721081
809.928833008 231.76411438 15.985168457 19.0878295898 0.92329287529
423.24307251 307.694854736 22.5271911621 27.9570007324 0.910494089127
982.627319336 232.043807983 14.7975463867 17.4402923584 0.839914321899
