2--Demonstration/2_Demonstration_Political_Rally_2_791.jpg
18
778.987365723 365.464660645 66.8762817383 87.2610168457 0.997823357582
404.716796875 136.77355957 60.8316955566 81.7827453613 0.997357666492
393.920440674 347.704193115 67.2557373047 84.3036499023 0.995703160763
593.895446777 38.7212638855 69.190612793 86.4940605164 0.995562791824
545.010803223 297.410217285 71.9909057617 90.9142456055 0.99021166563
21.3642883301 544.187072754 35.6295661926 34.8129272461 0.989927709103
992.145690918 518.425048828 28.650390625 37.7327880859 0.98464936018
647.290100098 272.903900146 71.9602661133 91.4650268555 0.984568119049
320.003875732 467.673339844 30.6291809082 36.4914550781 0.983551561832
333.021606445 541.795043945 38.2828979492 37.2049560547 0.982641041279
206.022857666 413.300628662 73.5751342773 90.1112976074 0.972480297089
396.483917236 526.214904785 34.8057250977 39.5727539062 0.969619095325
955.124084473 511.640228271 29.5040283203 32.5654602051 0.9564499259
860.563537598 521.697692871 26.2491455078 33.0620117188 0.946406364441
487.747009277 540.094055176 36.7382202148 38.9059448242 0.945133507252
39.4201660156 467.863098145 24.7646446228 30.8724365234 0.930476665497
679.585327148 518.198974609 30.0703125 40.5228271484 0.927011013031
81.1611862183 515.931945801 28.1608963013 32.4813842773 0.812156260014
