2--Demonstration/2_Demonstration_Political_Rally_2_329.jpg
24
137.782348633 343.427032471 63.2992248535 73.4297485352 0.999403119087
123.39931488 230.785812378 51.373664856 64.3610687256 0.997656941414
930.24987793 279.854003906 65.3030395508 85.8463745117 0.996262490749
866.898803711 333.920623779 62.6677856445 73.7041931152 0.996086478233
924.765441895 210.363006592 32.2723388672 40.1951141357 0.99579501152
648.764221191 236.714447021 37.6390991211 45.951751709 0.993676841259
130.226593018 177.70664978 29.2319793701 34.3327484131 0.992468774319
877.769104004 161.348464966 30.3103027344 37.3703765869 0.990070044994
615.619628906 209.479370117 28.5112915039 36.8183135986 0.988968491554
305.603668213 307.91973877 71.5467529297 87.0480651855 0.98731148243
269.331268311 199.539550781 39.9205322266 47.0712738037 0.985019445419
194.666946411 194.351959229 41.6487121582 46.5098114014 0.98362916708
744.666625977 394.273040771 92.8889160156 125.473968506 0.982769846916
832.32989502 181.108200073 29.1625366211 35.4912872314 0.978581368923
464.866821289 240.000793457 38.2678833008 43.9226989746 0.976606309414
691.348388672 323.73638916 51.3741455078 53.8146057129 0.974852085114
801.904418945 206.896743774 39.7165527344 47.1169586182 0.972795724869
479.291320801 312.283325195 86.5822143555 109.528076172 0.963784098625
772.176513672 175.629333496 26.6102905273 32.6826934814 0.961373746395
851.935791016 223.925125122 26.6403808594 36.8834991455 0.951326072216
0.0 190.821578979 33.781047821 47.8511810303 0.929134249687
665.841064453 189.792022705 29.4816894531 32.2224121094 0.908501625061
970.619689941 227.456054688 27.614440918 35.8991394043 0.893942117691
327.536132812 181.01385498 30.4060058594 35.2281799316 0.877200722694
