2--Demonstration/2_Demonstration_Demonstration_Or_Protest_2_441.jpg
13
285.925628662 185.382553101 34.3695678711 44.0647277832 0.996317863464
854.946105957 170.925720215 36.1634521484 45.8503723145 0.99390232563
932.094848633 154.768478394 36.5329589844 44.9170227051 0.993422448635
330.569946289 208.534393311 35.9161987305 43.5858612061 0.992628574371
0.0 190.75352478 33.5601997375 39.4539489746 0.992147743702
108.899223328 183.716049194 48.4772415161 57.8425445557 0.99128472805
401.676727295 166.089477539 37.4230041504 47.2635498047 0.989924013615
233.237503052 154.983123779 40.5865936279 46.819152832 0.98858577013
611.017150879 176.987792969 39.1607055664 45.1907501221 0.987466275692
569.230712891 176.407806396 36.3806152344 47.0932006836 0.986112773418
499.831512451 165.723724365 37.4270324707 49.1454315186 0.977712273598
789.817260742 159.249603271 42.8973999023 52.0338439941 0.964252710342
719.321105957 165.346206665 26.1326293945 35.2148132324 0.903020083904
