2--Demonstration/2_Demonstration_Demonstration_Or_Protest_2_367.jpg
8
389.737823486 247.455215454 68.7851257324 88.1613006592 0.997136592865
121.530975342 261.05065918 27.0245819092 31.6449890137 0.990454614162
781.390869141 346.513824463 49.0648803711 56.3819885254 0.976977705956
39.1102905273 275.678161621 27.0054168701 34.2391357422 0.971521496773
261.861114502 277.154327393 27.2417297363 37.3023986816 0.968620479107
506.161529541 248.725830078 49.1155090332 55.7823791504 0.933177530766
181.371734619 306.504058838 33.2334594727 42.9150085449 0.899401903152
306.643249512 304.127624512 22.1265258789 28.4140014648 0.887341380119
