58--Hockey/58_Hockey_icehockey_puck_58_835.jpg
24
769.233 256.913 31.4939 42.9805 0.99841
551.948 185.299 29.8433 35.5213 0.998393
443.105 239.402 33.8372 40.1264 0.99746
676.424 250.538 31.3409 41.1553 0.997359
876.227 310.768 31.45 36.7847 0.997329
356.021 179.139 30.3943 38.0855 0.996839
598.154 246.13 32.7967 39.0148 0.996688
245.25 243.796 33.5608 43.0274 0.996666
288.841 175.912 30.4692 39.7601 0.996038
51.2193 310.103 38.4863 48.8132 0.99506
514.307 243.522 32.3247 37.2752 0.995043
309.637 413.809 37.0581 44.5713 0.994689
215.796 181.335 31.0619 40.1367 0.993433
624.915 196.646 28.4792 34.745 0.992624
693.491 203.452 27.4321 33.2382 0.991837
560.315 406.213 36.7435 48.8056 0.989534
439.109 412.964 37.4569 49.4308 0.988291
851.535 408.864 37.3531 47.7168 0.987285
449.805 180.373 28.197 33.6568 0.985407
162.82 400.319 37.912 46.7016 0.983732
146.99 243.432 33.6868 43.7237 0.982984
354.004 240.451 34.9539 44.4314 0.982394
762.106 213.384 27.7658 37.5865 0.981974
702.006 405.709 37.3844 45.7853 0.950842
