58--Hockey/58_Hockey_icehockey_puck_58_290.jpg
22
62.8659 19.9647 25.3144 33.9194 0.998234
422.46 63.7853 25.7793 33.4506 0.997986
862.924 -0.97983 23.717 29.3284 0.996673
560.691 44.3891 24.4886 31.0364 0.996655
100.112 113.56 23.3352 29.4676 0.996602
743.376 32.474 23.696 30.7997 0.996584
301.414 82.1591 23.8174 32.9328 0.995738
324.722 348.681 31.9463 37.4505 0.995724
123.642 23.1242 24.4759 28.1038 0.995682
358.708 71.1833 23.8016 33.1437 0.99568
808.091 19.4961 23.955 28.0018 0.995488
659.827 37.8322 23.6661 30.5756 0.994705
490.495 63.8322 23.6545 31.0217 0.994506
28.64 34.6109 22.5903 32.4991 0.992435
361.917 -2.87318 24.4692 31.9543 0.992368
491.926 470.423 26.0331 41.6124 0.989931
913.788 -5.4266 23.2606 29.633 0.978911
604.478 43.2285 17.8106 24.6268 0.96286
1.60332 127.75 24.1741 32.9919 0.952619
180.009 15.8152 19.7252 23.5945 0.920483
242.483 9.10614 23.7304 26.6659 0.853838
45.5117 182.564 18.6289 22.3409 0.829916
