58--Hockey/58_Hockey_icehockey_puck_58_680.jpg
72
668.58 356.309 37.8724 43.8818 0.999302
625.031 139.487 12.4804 15.5386 0.999131
751.31 217.866 35.334 40.5341 0.998945
548.005 193.634 34.7801 38.2398 0.998768
739.227 119.077 14.3534 18.3041 0.998506
469.587 321.902 37.9499 45.4882 0.998336
368.36 322.77 37.5311 45.4717 0.998266
803.132 150.7 15.7575 20.0655 0.998216
621.709 254.891 35.6037 39.7714 0.997907
433.778 228.357 34.0988 42.039 0.997726
693.672 242.439 34.4259 42.0629 0.997721
331.816 239.599 36.5318 45.3892 0.997517
562.898 244.587 35.1517 42.0299 0.997365
562.075 329.543 36.6355 46.3174 0.997161
626.131 58.0117 14.2511 16.7776 0.996947
703.231 120.932 13.8477 17.2713 0.99691
377.563 132.154 14.0654 17.2169 0.996695
253.903 346.474 35.7914 45.7003 0.996686
774.535 343.788 37.1556 45.8804 0.996655
838.958 209.027 34.5364 42.8692 0.996373
223.657 200.049 36.7998 42.9691 0.996075
673.34 59.7682 14.7816 17.7693 0.995295
788.861 123.864 15.2609 20.2772 0.995261
513.629 113.114 15.1532 17.8127 0.995081
370.335 105.346 13.6318 15.9005 0.993987
891.835 368.074 38.5296 44.1805 0.993745
580.289 132.361 13.6891 16.3348 0.993707
789.714 50.5754 12.043 15.5857 0.993566
301.279 139.436 14.1652 16.4042 0.99326
543.792 148.122 14.9141 17.95 0.993199
686.99 188.683 16.3961 19.7998 0.992488
888.041 135.527 14.5972 18.4024 0.992473
284.62 329.791 33.0276 45.7351 0.991624
465.959 113.916 14.1499 17.8567 0.990688
639.043 192.121 17.0006 18.7691 0.990253
926.599 78.7877 14.7779 17.75 0.988018
261.343 178.294 24.9025 30.9047 0.987422
981.271 24.986 13.704 17.1103 0.987259
446.364 98.1244 12.1809 14.3383 0.986068
984.389 174.405 14.5782 17.4863 0.985457
245.758 133.092 15.4066 18.7698 0.984462
434.231 133.407 13.4893 16.5052 0.98276
702.422 153.15 15.3615 19.5966 0.97968
945.337 232.505 36.793 43.195 0.978354
559.623 26.1974 12.23 15.1689 0.976405
835.528 128.596 14.6961 16.9948 0.975725
229.133 81.3806 14.3873 18.082 0.975536
836.665 26.8465 12.7933 15.2179 0.972696
450.555 17.2165 13.3 16.037 0.971199
115.742 80.1449 12.8108 15.3878 0.968181
517.135 -0.266504 12.5762 14.9907 0.966317
1000.78 44.859 15.989 18.8581 0.965976
730.343 64.7749 12.5871 14.5654 0.961701
501.591 23.7078 13.6027 15.4597 0.95112
272.51 133.63 11.5643 13.8863 0.949741
701.766 25.6647 12.4076 15.527 0.941202
831.532 40.9604 13.8713 16.5542 0.939855
919.054 23.0119 13.3169 15.4213 0.936285
484.764 153.512 14.0287 15.7159 0.936012
954.232 128.21 12.8206 16.4003 0.93566
770.813 21.9749 13.3005 15.2998 0.935109
949.187 59.1257 14.0325 17.3382 0.933682
425.359 114.758 12.1574 15.134 0.931302
644.92 144.436 14.5149 17.8296 0.928022
362.605 26.5881 11.4202 13.8346 0.90901
975.294 139.164 14.3665 17.311 0.905193
95.1481 171.826 37.2755 53.8653 0.902352
336.374 142.98 12.2046 15.9768 0.891283
49.3909 39.7325 13.7791 16.9256 0.880923
936.58 166.161 13.7633 16.0663 0.865402
418.171 36.1929 13.227 15.8106 0.847579
216.309 129.81 12.8333 14.8335 0.808069
