58--Hockey/58_Hockey_icehockey_puck_58_493.jpg
21
470.223 86.1071 74.3057 91.0521 0.99936
718.86 -6.69453 30.5233 41.1272 0.998306
251.496 45.9124 34.3666 46.4861 0.997548
226.863 -5.51841 31.5337 38.1872 0.997201
112.324 132.805 37.4091 45.4859 0.99622
598.039 -8.33972 37.1519 46.3616 0.995449
807.916 -4.66484 31.8455 41.7272 0.995371
109.357 15.3919 29.6819 40.5957 0.994476
905.591 127.716 36.3334 44.7625 0.993112
654.99 56.1195 31.7455 43.8094 0.992772
482.357 -4.40362 34.1592 42.9542 0.991742
0.389047 -8.4084 35.4393 44.924 0.989933
237.285 105.403 43.2479 54.6357 0.989099
774.912 141.648 38.3369 45.0781 0.987654
317.957 171.491 79.4936 91.1724 0.984859
610.379 141.967 35.8116 46.5998 0.984605
159.524 132.57 29.5705 35.4207 0.983463
439.939 55.5042 27.7183 41.0801 0.979534
347.572 -10.8569 35.5931 40.6404 0.975764
748.832 69.1958 32.3625 38.8414 0.870545
441.949 354.629 95.1233 109.395 0.868276
