58--Hockey/58_Hockey_icehockey_puck_58_262.jpg
20
204.796 333.272 14.2688 19.6788 0.996758
385.291 239.171 11.3988 15.4326 0.996423
269.87 320.522 13.5155 17.4884 0.996397
550.126 227.42 13.374 16.4728 0.99397
49.6557 328.86 14.3837 18.9763 0.993131
469.736 255.711 12.6472 15.7647 0.991683
320.527 410.98 13.3396 19.3079 0.987597
429.453 204.442 12.2343 15.0389 0.987166
322.767 237.062 12.3828 15.9811 0.98385
345.705 273.199 13.4228 17.3169 0.980814
470.051 187.645 11.8299 15.5222 0.975748
321.645 332.16 14.121 17.2727 0.971505
323.337 353.178 13.0538 17.4296 0.969322
567.815 214.662 11.9099 14.9126 0.945144
777.606 488.315 15.6734 20.3149 0.937093
773.896 83.5952 11.9696 14.1853 0.928535
347.699 248.185 14.0373 17.4201 0.917541
205.31 237.309 12.424 16.7242 0.900481
444.05 73.1126 12.7776 14.6651 0.893309
536.285 246.323 14.8215 18.6303 0.800784
