58--Hockey/58_Hockey_icehockey_puck_58_245.jpg
23
99.4008 190.984 32.9481 36.903 0.999453
901.94 170.619 30.6283 40.5936 0.998829
280.382 79.2768 29.9239 38.3583 0.998024
883.255 47.1773 30.7213 37.9125 0.997977
810.91 55.0626 29.8717 36.7365 0.997823
679.254 291.525 28.9901 37.9484 0.997312
473.06 117.218 31.5478 37.2798 0.996935
253.124 204.535 30.9394 40.3381 0.996881
436.877 194.005 31.9473 42.8024 0.99681
528.938 100.876 30.4955 40.0129 0.99681
409.661 83.141 31.1252 40.1239 0.996571
610.107 72.9096 30.4858 36.9439 0.99643
733.814 64.6743 28.2428 39.2453 0.996296
152.969 75.7161 31.0144 36.6196 0.995381
676.039 55.409 31.5096 39.5402 0.994294
104.376 96.0581 29.7497 39.4539 0.993712
199.313 226.798 33.0549 42.3081 0.993648
352.683 207.704 29.0541 37.3697 0.993069
198.666 122.849 29.8267 35.8961 0.992621
381.893 105.416 28.403 37.7858 0.992162
612.651 195.458 30.2439 39.1613 0.99155
610.92 366.425 30.0616 40.0971 0.990667
840.839 199.977 28.4539 37.0493 0.983959
