58--Hockey/58_Hockey_icehockey_puck_58_469.jpg
28
304.216 56.5467 17.1144 20.7823 0.999111
498.71 22.3609 14.2659 18.2539 0.998409
369.69 242.165 37.8808 42.0989 0.998241
548.983 214.116 37.5889 43.7678 0.997443
481.305 88.4932 17.5222 21.3596 0.996011
360.578 63.3249 15.3834 19.9112 0.995684
162.719 82.9692 18.0551 21.8936 0.995169
334.979 74.3 17.6406 20.5075 0.9934
87.9995 3.02433 18.0383 22.1582 0.993126
398.727 88.7627 18.9216 22.204 0.989528
682.323 24.5302 16.2447 19.9657 0.988765
21.9876 84.0934 23.1277 27.6588 0.988617
647.684 114.028 17.7467 22.0334 0.986563
337.192 113.905 17.8243 20.0659 0.983381
161.484 31.1839 15.7006 19.8064 0.967215
132.102 12.8865 16.5257 21.2665 0.96673
574.168 105.803 18.0506 21.3479 0.966339
217.9 60.1175 17.7715 22.1579 0.962403
465.224 14.7741 16.0171 18.727 0.959993
415.157 27.1572 17.3058 22.0579 0.959527
721.643 23.0519 15.8246 20.3669 0.955149
902.019 167.597 15.0857 19.6631 0.95298
620.682 113.353 19.2929 22.6812 0.940256
738.365 137.165 16.7693 20.9473 0.938846
260.07 48.1051 15.2697 19.0496 0.929091
98.9871 82.7663 22.0154 28.6193 0.925616
65.3747 93.8496 22.2126 28.0218 0.910523
784.193 158.674 15.8569 21.3992 0.828395
