58--Hockey/58_Hockey_icehockey_puck_58_212.jpg
26
594.081 79.4411 57.7419 70.9098 0.998421
140.913 160.903 25.1968 32.2578 0.998062
253.356 116.937 23.78 32.0546 0.995667
63.0622 173.21 23.0767 30.7291 0.989697
218.504 73.2815 23.9451 29.8335 0.986996
179.126 156.541 24.9611 33.6469 0.985832
941.787 155.819 22.4739 28.0502 0.983705
137.926 74.0385 24.7234 32.7895 0.981719
378.85 74.3127 21.1834 28.7832 0.977252
287.4 34.0878 22.7951 29.4492 0.977009
497.826 39.7348 22.9108 28.7963 0.976475
512.803 82.8615 23.8846 28.3508 0.971383
236.844 28.4012 22.1152 29.0693 0.969677
990.805 156.937 21.4735 28.6959 0.966543
876.231 18.3896 18.2954 23.1568 0.965962
401.374 8.03825 18.1885 22.3601 0.960683
968.603 111.617 21.5626 27.2839 0.939846
852.389 159.223 18.9336 23.8671 0.928058
964.191 56.7873 18.0894 23.2952 0.927355
427.975 82.8462 22.6239 28.8686 0.926151
36.0911 30.98 24.2348 31.2709 0.925105
989.643 20.7832 17.4594 20.8421 0.92223
957.274 90.632 17.7494 22.2091 0.889697
358.976 132.512 22.4276 29.7971 0.868262
914.864 119.518 17.8856 23.4561 0.86401
648.458 51.3674 18.2458 22.4995 0.808978
