58--Hockey/58_Hockey_icehockey_puck_58_384.jpg
12
223.088 210.246 34.2164 30.5362 0.999795
604.326 225.889 30.1615 33.0163 0.996274
529.598 442.055 32.988 37.6308 0.995211
422.128 494.336 32.6444 38.5238 0.994213
601.219 193.316 23.4394 30.3581 0.987921
735.526 123.145 33.2674 35.5572 0.978022
655.866 180.381 26.2153 30.7444 0.96459
347.877 581.141 36.8487 43.0498 0.959154
770.828 60.7626 24.137 28.9221 0.955163
682.826 77.2661 28.9024 26.5112 0.931708
550.382 306.943 28.4115 34.2241 0.868788
137.173 530.396 38.7698 33.783 0.864944
