58--Hockey/58_Hockey_icehockey_puck_58_244.jpg
16
587.028 464.768 27.7824 34.9523 0.999178
799.864 483.579 33.4137 37.906 0.998744
518.408 507.762 28.8886 33.6839 0.998682
705.343 469.361 34.0402 40.552 0.998484
628.853 459.637 29.5949 37.0191 0.998153
451.077 455.377 27.2646 31.5303 0.99811
494.096 416.604 25.7705 31.114 0.997399
673.013 438.551 27.6339 31.2021 0.997317
362.149 272.146 28.4856 34.7346 0.997243
539.848 278.442 26.1117 34.5598 0.996466
401.3 469.553 29.6701 36.3446 0.996128
234.101 482.237 35.6377 43.9163 0.99371
534.924 408.6 23.8529 28.3046 0.993633
455.43 505.557 27.5808 32.9118 0.99033
459.345 253.356 27.483 37.8108 0.986714
406.808 419.544 28.9638 34.8728 0.986085
