58--Hockey/58_Hockey_icehockey_puck_58_785.jpg
17
523.936 338.488 32.4806 39.8084 0.999612
728.644 339.256 33.2564 39.2623 0.999601
916.057 313.697 36.5555 44.8531 0.999354
422.252 294.107 33.6776 43.7548 0.999133
328.753 333.238 33.5789 41.9434 0.999022
791.605 310.416 33.3536 39.722 0.998936
284.139 364.79 34.0931 41.1826 0.998743
374.547 340.915 36.0959 47.1968 0.998645
478.492 339.299 34.132 42.3352 0.998412
684.458 337.229 30.9955 37.0466 0.998316
447.303 354.164 34.9538 43.9805 0.998143
244.235 358.883 35.1613 43.0192 0.998107
625.917 361.676 30.712 36.9746 0.997975
128.344 330 39.6564 46.0193 0.997906
656.479 304.846 30.6597 40.5383 0.99779
280.876 309.453 34.2829 40.1205 0.997263
606.041 325.042 30.6944 36.3482 0.956429
