39--Ice_Skating/39_Ice_Skating_Ice_Skating_39_992.jpg
30
832.467 125.104 55.2052 72.4237 0.999456
954.179 581.017 55.6655 67.0883 0.99931
115.794 41.0647 53.4397 68.8264 0.999095
729.267 735.117 58.4993 70.4617 0.999066
823.089 479.631 49.1051 60.8394 0.998781
167.199 278.878 52.6725 60.9611 0.998749
420.541 18.8587 53.5504 69.4582 0.998578
158.108 809.788 50.6125 64.2324 0.998426
294.305 845.269 60.1408 75.059 0.998176
901.28 708.707 53.0212 68.4567 0.997947
8.09754 632.777 57.7934 73.16 0.997936
663.412 474.282 56.3314 71.4265 0.997899
383.358 140.718 48.9248 58.2796 0.997741
776.848 604.773 59.2201 70.3667 0.997687
329.593 470.916 63.4848 75.0228 0.997661
305.868 257.891 59.7947 75.5576 0.997498
936.652 249.388 45.6292 60.7661 0.997399
23.4699 379.547 51.2876 58.7247 0.997107
803.201 254.546 47.5962 57.3712 0.99662
569.51 368.002 51.0812 60.9277 0.996495
746.086 -0.879581 53.792 63.5741 0.996471
613.32 268.815 48.4978 61.2691 0.996139
902.833 24.0877 49.1377 59.5874 0.995787
383.666 382.873 46.819 58.1591 0.99468
536.195 723.891 71.7095 92.0466 0.991916
461.442 266.935 47.8525 56.6725 0.990442
728.5 366.734 47.8022 61.0317 0.990053
337.476 368.656 34.8384 39.862 0.88826
214.727 169.715 50.8813 59.6109 0.854781
290.1 427.272 34.9738 48.532 0.84642
