18--Concerts/18_Concerts_Concerts_18_38.jpg
19
758.047 393.577 32.4092 44.5579 0.998798
539.369 480.294 65.3704 86.8609 0.996097
727.46 318.347 17.6077 21.4469 0.994935
593.6 301.626 22.591 31.0436 0.994355
66.6627 416.111 33.7966 49.3536 0.994276
96.3947 394.125 25.1012 36.6551 0.992601
531.995 268.575 24.2116 31.157 0.991614
292.53 525.4 46.562 83.1183 0.985533
280.629 217.79 30.6172 44.4769 0.980518
643.265 184.016 22.5551 30.804 0.978574
895.485 351.591 52.967 57.7094 0.978304
-14.915 596.267 71.4613 89.3961 0.977759
806.29 276.305 22.686 29.3734 0.974305
364.121 186.656 14.217 16.9086 0.971959
147.582 324.559 24.7263 33.458 0.961354
892.901 275.913 17.2781 21.465 0.957511
455.498 238.377 12.709 15.8282 0.847568
279.144 190.708 15.7794 17.9783 0.824095
733.062 287.723 13.9279 18.0049 0.810252
