18--Concerts/18_Concerts_Concerts_18_66.jpg
26
746.594 333.165 51.476 68.329 0.999173
197.712 248.825 34.4916 43.8862 0.998797
490.55 328.366 63.1815 85.3469 0.998612
641.214 419.459 60.7616 79.2757 0.998314
889.958 350.219 47.3531 60.5638 0.998066
434.837 253.989 43.7366 56.6666 0.997984
479.58 200.552 24.4891 31.5558 0.997873
441.307 362.774 63.2651 95.8303 0.996997
806.382 259.466 41.5546 59.4101 0.996582
386.935 222.047 26.2369 34.4827 0.994822
923.813 295.275 39.5832 47.006 0.992768
219.366 311.126 53.3584 75.272 0.988137
626.664 249.073 36.3549 52.1055 0.98476
298.928 295.394 33.9992 41.7771 0.984388
506.458 179.698 22.7597 30.5958 0.983349
193.417 315.753 46.9049 64.1219 0.977053
576.801 314.3 48.8046 61.9831 0.975884
287.226 159.243 16.4978 20.5576 0.975183
21.7294 268.953 34.0939 43.2317 0.974498
408.511 201.528 18.4811 22.5516 0.974127
73.4921 319.575 48.8558 58.2206 0.97282
170.242 201.747 23.8167 31.8893 0.961871
228.488 201.412 23.2019 27.6201 0.953323
14.8278 209.188 32.9292 33.8809 0.884166
360.948 188.272 18.1951 22.7064 0.865841
210.833 168.697 22.8854 27.3566 0.862869
