18--Concerts/18_Concerts_Concerts_18_602.jpg
45
452.248 347.35 15.9523 19.7031 0.999376
232.606 299.687 14.8444 19.7046 0.999271
555.809 385.291 33.6556 44.3728 0.999158
772.76 334.055 16.0826 20.9783 0.998974
479.982 401.552 27.8708 32.5638 0.998826
895.886 482.649 43.4715 57.9041 0.998749
165.6 403.315 26.3037 33.858 0.998398
937.222 380.696 35.0798 46.898 0.998321
474.265 362.344 18.0139 23.4048 0.998063
307.481 387.866 27.0767 35.1698 0.99789
39.4551 345.886 17.8707 22.8739 0.997437
836.637 340.683 16.7135 21.6466 0.997387
680.416 354.286 14.6145 21.6246 0.997278
457.928 490.388 30.3951 39.5987 0.997254
368.099 394.358 29.2367 41.6461 0.997207
141.297 255.984 14.9133 21.6032 0.996974
189.718 262.724 12.2719 17.8001 0.996768
262.842 261.604 13.1058 16.9087 0.996613
106.849 256.131 14.756 19.0174 0.996539
132.402 394.728 16.7504 23.6309 0.995609
139.624 406.002 24.0674 29.6736 0.995439
437.753 327.036 13.7596 19.7735 0.994309
78.2301 419.58 22.2241 30.2708 0.992852
22.4409 339.374 15.7113 20.5228 0.992793
328.574 501.067 39.46 62.6574 0.991883
293.337 530.582 44.0941 55.6964 0.991338
870.399 371.607 22.4881 27.3224 0.989775
190.61 364.764 17.5822 20.0274 0.988664
511.401 395.55 22.0117 30.2889 0.988258
403.934 392.803 22.4929 28.8728 0.987573
50.4465 381.447 22.096 30.4711 0.983542
259.518 538.367 29.9964 44.2209 0.983152
396.268 325.816 12.8213 16.8764 0.981024
567.573 333.849 12.9486 16.0544 0.979146
710.425 341.52 17.0885 20.4949 0.978196
301.995 255.052 13.7766 17.692 0.97791
901.31 349.832 13.5989 19.826 0.971152
738.306 375.798 19.0333 21.0186 0.970806
522.915 341.366 14.535 17.1337 0.969126
49.5795 263.96 13.7586 18.9223 0.967762
344.148 378.427 20.6049 29.4729 0.963123
764.326 664.421 44.0209 31.387 0.959617
517.542 323.957 14.9992 18.1187 0.949423
249.981 306.281 18.6272 22.1641 0.946599
335.233 331.63 16.8138 19.9835 0.904631
