6--Funeral/6_Funeral_Funeral_6_128.jpg
11
634.873291016 102.180053711 32.9350585938 42.462097168 0.997293412685
859.175476074 71.1804962158 50.4850463867 54.8560943604 0.997230947018
534.058105469 81.6326904297 26.6881713867 34.9178085327 0.995060741901
173.64541626 71.6554107666 36.4567871094 49.1229782104 0.992767095566
214.544433594 59.3039054871 33.8713531494 44.6609611511 0.991680085659
113.505935669 104.960151672 37.8881072998 44.507850647 0.98875695467
289.516357422 109.173774719 31.782989502 35.9904098511 0.988034069538
795.759460449 77.7129745483 35.4770507812 43.2980957031 0.985386490822
749.659973145 123.692512512 27.8338623047 37.2558059692 0.975554525852
453.007629395 86.7198410034 38.5347290039 44.8078079224 0.973919570446
485.801544189 85.2850494385 27.6300354004 38.8149032593 0.861150741577
