11--Meeting/11_Meeting_Meeting_11_Meeting_Meeting_11_574.jpg
45
532.591 244.196 17.0012 21.4778 0.999787
509.115 238.07 14.459 18.3914 0.999665
712.781 321.735 31.078 38.4491 0.999186
956.506 334.319 34.8722 43.0673 0.998282
453.642 220.681 15.1804 19.9516 0.998192
728.772 241.195 15.7866 19.7759 0.998105
865.143 241.877 18.6812 21.1251 0.997188
638.401 285.139 26.0362 30.844 0.997147
800.763 266.591 22.4977 29.0756 0.996865
850.723 295.17 27.8284 35.3656 0.996794
261.889 298.415 22.5148 29.1229 0.996522
197.769 290.575 24.2391 29.9463 0.995997
971.162 290.618 29.8984 34.0143 0.995641
435.484 216.811 14.8601 20.1875 0.995393
567.523 199.565 12.3326 14.7853 0.995325
353.246 236.638 17.6677 20.9055 0.994868
592.676 231.899 13.568 17.4131 0.994493
925.767 220.486 16.8701 19.4371 0.994451
303.518 258.431 16.8587 21.7765 0.994264
357.71 257.49 16.5053 22.5691 0.993959
494.116 223.123 14.1654 18.9489 0.993536
43.9079 333.22 42.6418 72.7856 0.991975
348.64 301.448 23.6929 28.6484 0.991281
738.067 290.655 26.0812 29.9476 0.990569
400.1 277.095 18.6476 24.1799 0.989527
123.598 295.21 22.5825 27.9262 0.987905
623.53 219.036 13.4039 16.1724 0.987589
658.268 206.231 11.965 15.4655 0.978306
483.295 260.554 17.1441 22.5917 0.975549
918.838 194.962 12.511 15.837 0.974878
752.968 220.12 14.2594 17.0489 0.974679
688.023 262.786 18.5392 24.9653 0.957477
527.702 206.372 11.8534 15.1742 0.955391
771.074 208.116 12.3907 14.8686 0.954106
803.98 237.066 15.699 18.7753 0.951519
515.266 209.99 14.0264 17.7876 0.944511
550.434 233.988 14.9005 18.8647 0.91321
930.521 205.074 14.2815 16.1312 0.895445
951.983 258.127 21.7588 28.9181 0.892813
706.037 252.01 16.7391 20.7108 0.887301
411.321 237.057 15.8608 19.1172 0.846112
784.693 257.469 17.7905 23.801 0.846067
634.789 189.118 11.2231 14.7055 0.837505
399.815 253.649 17.6801 20.3781 0.829436
554.04 198.609 11.6788 15.1177 0.824791
