11--Meeting/11_Meeting_Meeting_11_Meeting_Meeting_11_774.jpg
54
449.478 437.699 19.2343 23.6601 0.999409
350.096 418.811 15.5369 19.1053 0.999325
743.484 397.416 16.7639 20.8751 0.999098
14.4445 602.927 51.1673 60.1649 0.999028
598.324 406.288 14.8001 19.2031 0.998972
234.795 413.372 16.7253 20.1331 0.998873
801.514 374.849 13.9506 17.6221 0.998697
789.008 353.341 13.4925 15.4865 0.99834
195.47 374.234 13.6149 17.5326 0.998212
393.402 412.468 15.5077 20.3348 0.997845
820.147 374.802 13.872 16.2616 0.997326
108.538 377.456 12.0443 14.2177 0.997308
303.092 423.222 16.7237 23.4693 0.996293
709.717 414.578 17.5263 20.7096 0.995349
132.048 353.318 11.3038 13.7643 0.995344
499.682 421.92 18.3229 23.6006 0.995175
508.18 390.875 14.8116 19.6356 0.99483
410.657 360.278 12.1447 15.4261 0.994699
426.712 409.077 15.3082 18.3798 0.993538
765.142 391.493 15.394 19.0415 0.993116
452.243 380.151 12.3042 14.9904 0.992945
396.243 387.759 13.2499 15.8346 0.992404
403.316 436.941 23.0926 30.0869 0.991489
272.209 404.837 16.7208 20.3576 0.99101
101.654 395.474 11.9186 16.1481 0.990278
600.538 441.552 22.2899 29.0276 0.988517
479.924 372.307 12.5082 14.7531 0.986053
828.606 392.434 13.6374 17.8898 0.985538
229.352 377.879 12.0054 15.0159 0.980868
348.153 370.358 13.2456 16.5553 0.980824
144.295 368.3 11.8194 14.2081 0.976182
473.205 392.529 16.6212 21.8498 0.975012
480.033 354.11 11.7496 13.8934 0.967901
625.589 394.949 13.24 18.3569 0.962821
422.375 387.366 13.022 15.2761 0.957285
564.808 471.994 22.7588 28.2021 0.954098
713.362 370.42 13.2516 16.0053 0.949165
329.054 353.786 10.9059 13.49 0.939541
66.8439 379.757 13.2529 17.2338 0.937283
321.544 375.476 13.2808 15.3318 0.928743
658.325 391.261 13.6166 16.5285 0.921909
741.418 359.721 11.8147 14.3959 0.9157
249.219 382.377 14.1647 17.2838 0.915206
844.732 367.153 12.3403 14.8128 0.908601
376.716 369.086 11.8177 15.642 0.907789
173.988 359.809 13.5717 16.2323 0.895952
537.389 469.013 23.735 28.1588 0.895683
296.048 389.949 14.7729 17.5059 0.894495
828.513 310.473 11.6804 14.0912 0.833103
356.848 343.951 12.0605 14.3522 0.825048
101.911 354.657 12.9968 15.942 0.820985
282.834 371.17 11.8033 14.9937 0.820287
544.393 345.286 11.2639 13.094 0.820092
306.592 361.936 12.4421 14.4446 0.808023
