11--Meeting/11_Meeting_Meeting_11_Meeting_Meeting_11_26.jpg
16
248.879 260.474 16.6722 20.4673 0.999097
309.571 251.887 13.9881 18.084 0.999096
727.724 251.009 14.7909 17.8497 0.998777
780.352 267.826 17.9941 21.3269 0.997972
342.815 239.104 14.0819 17.6294 0.997925
218.66 273.085 20.1973 24.1776 0.996921
691.002 244.464 12.2665 14.9973 0.996651
672.432 237.786 11.9349 14.7244 0.994136
378.953 237.459 11.6594 14.407 0.992917
75.6145 329.727 30.0689 33.0689 0.992211
748.82 251.811 12.4296 19.1924 0.988773
805.613 274.582 21.507 28.2017 0.978174
180.475 282.982 16.5906 27.897 0.974488
828.176 291.233 22.0319 30.1486 0.970681
271.692 253.167 13.0557 20.1614 0.949494
654.998 236.407 11.9132 14.8013 0.928715
