11--Meeting/11_Meeting_Meeting_11_Meeting_Meeting_11_529.jpg
14
842.987 409.821 77.8135 93.6337 0.999629
665.761 459.329 71.3764 92.4015 0.999576
537.754 350.182 66.1474 83.5894 0.999376
8.249 312.406 56.4292 71.9719 0.998899
633.075 281.741 50.314 65.0444 0.998845
827.625 317.38 52.8401 64.9143 0.99883
172.941 302.029 44.3615 57.3268 0.998391
457.831 282.784 48.5936 56.6149 0.998069
354.886 400.982 44.0168 62.5069 0.996709
66.2251 231.356 34.1515 40.7252 0.996219
728.593 294.742 31.6441 37.2552 0.994146
12.4875 249.283 46.3143 59.5299 0.986997
420.573 124.482 37.22 46.2812 0.968077
778.732 289.739 27.6555 33.0587 0.935026
