11--Meeting/11_Meeting_Meeting_11_Meeting_Meeting_11_587.jpg
25
222.636 316.095 15.4894 22.7077 0.999797
773.22 270.415 12.6155 19.8398 0.998752
804.116 320.685 15.8819 22.8149 0.997874
650.114 282.908 14.6377 20.7526 0.993888
8.67737 181.175 12.5242 15.2783 0.990945
275.577 311.226 16.5734 19.3089 0.990592
959.348 239.315 12.6567 15.8419 0.990354
564.277 322.17 14.0627 21.8536 0.987297
735.255 252.63 14.175 18.1274 0.984939
315.737 237.662 11.8201 16.2584 0.973765
721.899 299.228 15.8531 19.7549 0.971198
191.076 240.85 12.649 14.6686 0.97009
193.297 188.196 11.6169 14.3951 0.97002
418.452 308.567 18.1378 21.4551 0.968562
590.1 302.026 15.1547 19.1151 0.961306
158.751 254.936 13.0499 17.1555 0.957171
261.623 239.727 12.0459 14.3283 0.940901
346.844 293.169 12.4439 19.3074 0.938877
100.762 181.156 11.5188 14.2009 0.906499
559.195 298.773 14.659 19.0136 0.881728
803.801 353.854 17.133 24.6645 0.877841
876.341 227.681 12.1086 15.1598 0.863673
998.061 398.822 36.2809 46.4027 0.860978
254.952 278.301 11.9346 17.1738 0.843787
233.208 189.652 11.2973 13.5859 0.828289
