11--Meeting/11_Meeting_Meeting_11_Meeting_Meeting_11_295.jpg
14
121.712 447.579 66.9343 104.15 0.999538
607.292 371.183 53.3505 63.4021 0.9995
232.382 338.883 27.4966 33.4894 0.998821
690.495 290.567 22.9182 30.8981 0.997448
799.944 297.336 22.6257 30.9746 0.994812
490.732 337.08 29.7359 41.8238 0.990455
898.878 310.012 23.3891 30.4271 0.981169
139.566 380.751 32.0827 53.9069 0.970841
812.252 553.423 60.7935 110.734 0.95425
55.8824 340.767 35.7217 51.9919 0.953418
590.372 314.45 22.033 36.9531 0.935823
444.04 220.094 15.5331 19.8921 0.91409
503.187 235.625 13.1827 20.5922 0.89676
791.92 321.506 21.6332 32.9931 0.810207
