11--Meeting/11_Meeting_Meeting_11_Meeting_Meeting_11_176.jpg
17
794.094 89.6021 45.1343 64.846 0.999087
410.548 219.366 27.3299 32.704 0.998889
336.717 227.828 27.9326 34.7173 0.99843
120.716 246.181 33.8748 44.1741 0.997929
213.969 267.936 29.7678 34.8518 0.997175
497.603 213.604 24.2314 29.549 0.996673
187.942 212.312 23.7123 30.0998 0.995606
15.8471 236.795 25.2432 30.9619 0.995425
692.901 248.734 35.1646 46.9843 0.993588
571.253 214.938 19.6361 23.4006 0.993537
653.533 203.713 22.8125 28.7121 0.991376
165.527 75.8828 22.0949 30.0832 0.982114
775.227 247.829 29.8633 34.1355 0.980047
283.207 212.765 22.9209 27.0282 0.972195
351.685 221.926 24.0601 29.6903 0.952969
647.582 286.075 26.7561 51.8804 0.948497
880.435 229.738 24.8819 32.9329 0.806261
