20--Family_Group/20_Family_Group_Family_Group_20_540.jpg
24
393.467 236.248 31.5922 41.881 0.992356
571.809 238.007 32.1703 36.9507 0.991255
576.892 488.313 31.9209 41.9499 0.989745
706.731 204.552 32.4702 42.0717 0.987596
128.991 235.504 38.749 44.5002 0.98696
755.731 253.075 31.4767 39.27 0.986897
253.101 235.98 35.5641 46.4775 0.986496
811.993 224.433 33.5804 42.958 0.986147
189.069 251.08 35.3653 44.7299 0.984178
498.012 220.573 35.2725 45.7525 0.981307
654.631 214.402 33.1692 42.368 0.979033
49.9652 276.507 36.6699 46.2122 0.978759
142.645 552.691 36.1689 43.3618 0.977883
456.901 250.272 31.2234 38.5192 0.976836
383.925 330.259 27.8936 35.0949 0.97653
317.389 271.291 30.2704 37.6974 0.975407
-1.62625 541.201 36.105 46.9326 0.970199
275.636 524.711 41.894 53.5719 0.95532
778.423 213.997 33.4471 41.2385 0.946905
461.303 510.713 31.6068 38.1274 0.945055
888.536 222.952 45.285 60.914 0.939323
572.682 345.862 29.6292 38.1402 0.925095
329.8 241.01 30.5085 34.3435 0.868438
553.263 317.376 27.6479 35.6702 0.859336
