20--Family_Group/20_Family_Group_Family_Group_20_294.jpg
24
653.632 216.515 31.4766 40.3122 0.996739
483.838 206.213 33.4559 43.1215 0.996674
463.147 303.272 32.5437 38.5632 0.996626
651.045 360.477 33.1263 39.7543 0.99633
563.004 275.642 32.2406 39.4124 0.994714
742.534 246.318 32.4762 44.1144 0.994553
173.053 181.627 34.6434 41.3383 0.994068
395.357 183.651 33.3775 41.3102 0.993513
841.968 254.698 33.4698 39.5209 0.993057
792.326 188.659 33.5946 44.1169 0.99288
700.043 195.563 30.9613 39.4478 0.992775
135.241 389.595 39.0174 46.3353 0.991885
239.445 335.067 30.0474 37.5463 0.991446
213.383 234.685 39.003 46.7176 0.991223
581.986 228.171 30.3075 35.9083 0.990709
381.747 223.78 34.1915 43.7141 0.990114
350.758 231.405 39.2916 48.3689 0.989883
677.795 258.069 31.9073 39.577 0.989376
775.72 271.904 33.9481 40.9887 0.987731
386.439 314.032 32.265 36.2036 0.987597
550.194 361.354 29.1261 35.4232 0.981376
278.411 218.482 37.2353 44.1739 0.973306
535.769 177.122 31.0443 37.1845 0.96525
118.289 262.274 28.6133 33.2811 0.832968
