20--Family_Group/20_Family_Group_Family_Group_20_672.jpg
62
867.673 310.32 46.1694 54.8135 0.995676
662.004 143.782 33.2048 39.2538 0.99554
449.454 1025.78 29.9531 39.4902 0.995094
688.149 271.625 43.1276 53.8918 0.994888
755.065 345.783 44.9255 55.2428 0.994814
361.834 223.077 30.437 38.4354 0.994594
274.609 291.34 39.5016 48.1887 0.993363
436.884 154.812 34.5106 44.9456 0.99233
108.423 489.531 38.9013 48.3961 0.991975
641.593 239.669 34.5614 43.9522 0.991505
310.317 865.71 29.8005 38.7548 0.991187
677.74 867.399 27.3979 35.3628 0.990987
143.679 272.473 34.1662 43.101 0.990772
212.366 303.963 42.9161 54.3587 0.990416
359.648 276.821 36.6755 46.157 0.989864
308.768 252.993 37.0898 44.7971 0.989267
607.439 213.259 35.2262 44.3698 0.987776
854.169 846.432 26.7036 36.4247 0.987143
508.561 203.493 35.4068 45.2586 0.98689
740.723 890.01 26.9681 35.7716 0.986629
303.756 143.771 36.1859 45.4839 0.986395
425.306 270.155 38.2887 43.8721 0.986171
808.543 901.14 26.1282 35.5424 0.985797
371.49 350.415 40.6866 45.7866 0.985294
679.389 184.79 26.2795 32.5149 0.984383
475.094 269.402 37.7494 44.321 0.984112
646.795 1037.36 27.573 35.9009 0.983966
107.273 945.977 28.5606 38.42 0.98376
350.936 1024.39 29.5638 34.106 0.983413
262.933 872.099 28.3345 39.5736 0.982567
280.692 217.681 31.535 37.2689 0.982212
608.512 847.196 25.1798 34.5704 0.981578
205.408 861.797 28.153 35.2583 0.979647
713.631 184.035 30.9744 42.2075 0.979444
356.096 847.697 26.5572 34.8618 0.978815
455.993 830.205 27.1506 36.3531 0.978281
567.333 875.973 30.0255 39.8883 0.978099
254.059 1022.57 26.1795 34.3333 0.976679
739.238 1044.18 28.0132 38.8296 0.976525
562.165 273.123 38.1289 48.0045 0.975874
90.2736 863.872 27.8194 33.4578 0.975697
748.37 229.262 36.5043 44.4891 0.973397
801.733 285.35 37.3802 45.7877 0.973367
589.342 344.177 34.6171 43.0396 0.972207
190.138 225.98 39.7797 45.7105 0.972057
131.58 872.531 24.2058 31.5779 0.9702
826.839 845.276 25.9736 33.5458 0.969328
399.986 232.521 31.1274 38.2875 0.96589
428.183 838.198 27.2184 34.798 0.965813
238.358 494.539 39.0623 43.2577 0.959918
169.492 497.277 37.4907 39.9368 0.957873
821.429 1049.93 25.9414 32.218 0.951925
393.075 879.983 25.7681 29.9049 0.949166
682.895 243.547 36.1055 42.8873 0.917593
736.538 843.102 25.7612 32.9956 0.914457
100.531 265.162 44.0533 58.1779 0.913069
232.443 865.96 22.496 30.1783 0.904226
574.203 489.64 39.647 47.2284 0.903377
494.615 839.234 27.3775 36.2853 0.899392
538.873 210.388 29.5625 39.9188 0.894044
304.985 824.02 27.161 34.1019 0.886454
770.459 881.824 28.4076 35.3779 0.812535
