20--Family_Group/20_Family_Group_Family_Group_20_339.jpg
12
618.409 182.87 32.5074 40.8221 0.997739
447.402 171.452 34.3701 41.0238 0.996902
525.846 195.596 29.1562 38.2092 0.996158
698.475 164.858 33.953 42.356 0.995379
146.36 163.35 37.2039 42.1755 0.995035
28.9041 91.3846 46.9307 53.2772 0.991583
363.685 129.727 38.108 47.3478 0.990547
240.434 136.555 39.0179 46.3162 0.989272
856.751 106.95 40.5302 46.8231 0.976712
767.657 148.011 39.0021 48.568 0.960838
665.087 213.01 25.7892 33.6617 0.941752
828.273 173.846 30.2122 37.6694 0.860181
