20--Family_Group/20_Family_Group_Family_Group_20_62.jpg
22
627.795 169.781 36.2449 47.359 0.99773
335.097 130.065 36.6542 46.2856 0.996878
560.382 309.58 35.7621 45.331 0.996835
415.262 137.13 34.3203 45.6918 0.996506
644.929 306.742 33.4658 42.2469 0.996464
536.319 169.262 35.4546 46.0546 0.995984
446.975 168.88 37.7606 46.6718 0.995669
717.328 139.994 34.9607 46.2871 0.994969
630.341 386.148 31.588 38.13 0.994733
441.2 244.496 39.3357 46.2815 0.994527
239.693 125.643 35.1987 45.88 0.994491
516.157 135.257 31.108 41.8867 0.993731
106.666 106.998 40.4814 48.0632 0.991513
838.751 152.301 32.9175 44.4214 0.991218
307.554 175.748 37.4531 46.3079 0.991163
762.744 188.274 36.4431 44.9617 0.990538
621.906 126.874 31.6942 43.1007 0.989631
865.578 207.88 38.7344 47.8047 0.988691
240.569 221 40.6311 45.8549 0.987492
365.944 205.615 29.6097 36.8243 0.982105
190.679 168.621 40.2385 47.0994 0.971112
722.816 237.345 31.2654 38.1607 0.942225
