20--Family_Group/20_Family_Group_Family_Group_20_101.jpg
16
894.131 291.493 50.3298 62.9465 0.998555
969.595 56.1409 48.7485 63.0149 0.998094
69.4451 265.08 48.269 60.0675 0.997969
781.889 273.151 47.8464 62.2102 0.996915
202.389 213.709 49.3423 63.4903 0.995521
493.609 53.0236 36.0821 47.6317 0.992325
731.616 74.049 42.1084 57.5282 0.991218
841.41 94.3216 46.0204 60.5145 0.990792
227.272 66.9631 38.9295 44.2084 0.990436
135.939 90.1689 37.1454 46.0882 0.989403
637.997 76.7496 36.6149 46.3459 0.985607
555.352 74.1556 36.8688 45.2306 0.984793
36.1422 64.4805 41.5275 53.6577 0.978294
560.67 246.303 39.9037 47.4057 0.975867
665.971 262.776 44.787 54.7371 0.971248
380.898 27.2021 41.5927 53.9164 0.970935
