20--Family_Group/20_Family_Group_Family_Group_20_556.jpg
19
120.497 313.706 47.1687 59.402 0.997704
431.528 257.16 46.0042 60.9059 0.996749
127.902 243.08 48.595 61.1352 0.995837
931.982 236.732 43.6583 55.6061 0.995232
623.418 269.107 42.2996 55.2771 0.99401
239.189 296.176 36.1476 45.3635 0.993794
503.718 281.59 39.8202 48.1107 0.991906
270.074 325.58 46.1044 56.9434 0.991323
414.739 359.394 44.8693 53.418 0.990685
180.245 233.283 43.2108 58.4749 0.990651
349.883 315.941 35.2118 43.3204 0.989383
728.92 354.702 44.2278 54.9474 0.987648
777.354 267.243 34.7562 38.9354 0.987222
602.67 430.578 45.4396 53.9754 0.986925
672.497 255.855 38.6017 47.2206 0.983052
358.048 263.053 39.9899 45.762 0.978058
743.798 234.723 38.7529 46.4408 0.961862
699.447 494.573 46.3545 54.8319 0.910908
206.321 490.94 48.4124 58.0072 0.860855
