6--Funeral/6_Funeral_Funeral_6_572.jpg
13
545.998 353.462 31.5909 37.584 0.997637
354.78 368.445 29.223 36.3723 0.997239
285.266 344.573 28.1675 35.9853 0.996783
498.061 338.864 32.4905 40.2486 0.996523
653.01 339.523 32.7299 39.4589 0.995671
339.103 324.055 27.5694 34.5638 0.995314
552.883 293.181 30.6769 39.6732 0.995138
610.452 300.122 33.4397 42.9599 0.99453
415.908 344.475 30.5803 35.9058 0.994354
735.789 313.913 37.0293 45.0668 0.993898
162.713 362.939 28.1688 36.312 0.99094
794.024 290.255 32.6354 42.1326 0.990423
228.983 354.494 30.2223 37.0048 0.987899
