52--Photographers/52_Photographers_photographertakingphoto_52_578.jpg
9
349.34753418 139.235321045 53.6136474609 68.4053039551 0.998973488808
750.922119141 177.440063477 58.7587890625 74.0840606689 0.998379588127
805.625427246 152.539321899 50.3759765625 63.1647186279 0.997588515282
943.91418457 163.697540283 68.1731567383 77.9803619385 0.997498214245
280.645874023 183.903945923 65.2702941895 75.6497039795 0.995189547539
496.707824707 253.059188843 57.2361450195 64.0780181885 0.992143988609
568.504699707 151.725463867 49.3365478516 65.3179779053 0.966642200947
119.055580139 121.780715942 58.0784988403 80.0689849854 0.965666949749
64.1820678711 145.482574463 90.9548339844 110.053451538 0.952525019646
