40--Gymnastics/40_Gymnastics_Gymnastics_40_492.jpg
9
549.313903809 46.5371665955 25.6267700195 33.0687599182 0.992525696754
471.133178711 152.184387207 38.1371459961 49.6443634033 0.99045664072
357.933624268 148.886398315 43.8868713379 57.2094573975 0.985032200813
556.351501465 133.884384155 40.8395385742 48.168762207 0.981786966324
654.596191406 128.114334106 39.4874267578 49.3169708252 0.980708956718
308.047027588 7.18180847168 24.735168457 33.4657402039 0.975366771221
509.631591797 54.8425750732 23.2891235352 31.6222915649 0.967112481594
208.088592529 17.0527114868 25.3082580566 31.7139053345 0.933256328106
486.181884766 63.2811317444 22.5339355469 30.398815155 0.907017350197
