40--Gymnastics/40_Gymnastics_Gymnastics_40_659.jpg
11
412.222503662 480.869873047 47.5195617676 62.8505859375 0.997769355774
452.217681885 349.605926514 45.748626709 56.1596679688 0.996859550476
613.534057617 326.382141113 44.4208374023 56.9263916016 0.99641752243
565.483398438 162.322845459 35.6329956055 46.6999359131 0.995312213898
483.984527588 217.924316406 36.4512023926 45.724029541 0.994297683239
411.991027832 185.7315979 33.9198303223 46.5089111328 0.994189977646
350.208526611 313.941009521 41.1823425293 56.0382080078 0.993131697178
285.015686035 192.968704224 33.2843933105 42.9290161133 0.992366492748
675.085388184 182.463989258 36.1846313477 48.2194366455 0.990109086037
232.807601929 315.439025879 35.4198760986 44.8154296875 0.989407896996
755.69543457 296.042388916 38.3899536133 48.459777832 0.988613247871
