40--Gymnastics/40_Gymnastics_Gymnastics_40_646.jpg
11
770.753173828 317.541290283 52.8798217773 64.6539611816 0.999080896378
917.447570801 302.593200684 57.6155395508 69.4740905762 0.998908281326
546.888793945 197.400924683 48.368347168 59.4942779541 0.998782932758
595.246154785 304.789825439 46.3504638672 59.6654968262 0.998542547226
378.383361816 277.327941895 50.9937133789 61.845916748 0.998218953609
119.287200928 296.01651001 50.4912719727 55.8759155273 0.997223973274
261.413146973 256.874206543 45.5896911621 55.5419311523 0.996737062931
840.027587891 166.962203979 45.4956665039 54.0184936523 0.996001183987
390.903594971 149.154022217 44.6369018555 56.5104370117 0.995732367039
504.285217285 311.29977417 46.7542114258 56.813659668 0.994932115078
713.424743652 172.355865479 40.8394775391 47.2294464111 0.990575313568
