40--Gymnastics/40_Gymnastics_Gymnastics_40_593.jpg
12
300.734832764 185.611022949 45.3338928223 58.5670928955 0.995173752308
169.926055908 261.803375244 44.5533599854 58.5293579102 0.992420256138
755.659667969 199.39515686 36.1987304688 46.4967346191 0.987169981003
840.495117188 254.386657715 41.9616699219 55.1697387695 0.983950018883
541.80645752 182.868209839 42.6511230469 55.3308105469 0.982056319714
73.7526779175 292.332946777 37.1484603882 47.0544433594 0.979445278645
941.871154785 302.46774292 37.489074707 49.3833007812 0.969366848469
21.3459472656 48.1364021301 24.0393180847 32.1405220032 0.955479979515
629.705932617 205.490402222 39.8251342773 53.9689178467 0.944051980972
413.924835205 207.532241821 42.0329284668 53.0505828857 0.941353917122
14.0522127151 106.820678711 23.8705129623 31.4161224365 0.902863025665
556.007263184 131.663955688 26.2135620117 33.1558685303 0.833854913712
