46--Jockey/46_Jockey_Jockey_46_352.jpg
20
88.3959 148.442 46.7603 58.3224 0.999532
811.433 225.65 44.868 59.3311 0.999067
435.59 248.299 44.1198 58.1856 0.99902
169.499 238.475 46.9999 58.7052 0.998486
496.853 183.295 35.7481 46.8351 0.998466
300.593 250.941 44.2142 56.7373 0.998191
902.78 131.24 41.9766 56.1283 0.998073
677.092 234.421 43.3853 57.145 0.998072
557.964 243.449 43.464 54.4844 0.998014
520.751 72.9465 34.477 45.1967 0.997838
220.824 50.9601 37.3522 48.5475 0.997347
208.23 138.323 42.3835 55.6514 0.997217
781.352 141.017 38.02 48.1573 0.997088
693.827 68.1731 35.8561 47.5247 0.997075
632.878 149.764 38.4911 49.1837 0.99662
336.666 128.412 39.3084 48.1537 0.996408
609.786 66.8689 38.0751 46.3412 0.995425
420.896 75.5621 35.7971 44.6861 0.994903
337.791 47.6346 36.1457 47.0543 0.993695
791.718 58.6908 36.9145 46.937 0.981166
