36--Football/36_Football_americanfootball_ball_36_257.jpg
9
426.657562256 193.556808472 66.3886108398 78.7530059814 0.999130308628
627.409484863 135.727737427 56.0110473633 69.5774841309 0.998831570148
97.2273864746 168.383392334 57.1519317627 73.9611358643 0.998235702515
501.932098389 214.33732605 34.6924133301 47.1540985107 0.996601939201
71.486656189 227.932815552 72.6208114624 91.5540924072 0.995136201382
865.227233887 158.768814087 83.2108154297 113.024002075 0.971521675587
285.413085938 181.460693359 51.0210876465 60.4733581543 0.960452973843
59.7061309814 182.372924805 29.1280517578 36.2465362549 0.959088683128
387.211639404 196.585769653 30.8335571289 45.3283843994 0.884917378426
