36--Football/36_Football_americanfootball_ball_36_6.jpg
9
354.103820801 270.889160156 14.8461303711 18.7221679688 0.946069180965
24.5394382477 153.055862427 15.4756145477 19.4725799561 0.926271438599
406.618438721 157.064193726 16.8096618652 21.8709716797 0.899975419044
476.97088623 239.787948608 37.0369262695 42.9555206299 0.890564203262
354.536437988 168.250167847 14.8136901855 18.1396789551 0.890351116657
937.640258789 151.93737793 16.0892333984 19.803237915 0.885840535164
785.70513916 119.707221985 47.8407592773 63.6349563599 0.858280241489
595.105957031 214.746780396 15.9782104492 18.9630126953 0.836739838123
251.287612915 169.093063354 14.2373504639 16.6706695557 0.824258863926
