38--Tennis/38_Tennis_Tennis_38_580.jpg
10
672.950012207 246.591156006 29.9450683594 40.546295166 0.996290206909
452.911437988 237.456710815 29.3352355957 36.8786468506 0.996247947216
406.920562744 244.008575439 30.9702148438 40.1343383789 0.994365215302
521.71875 250.268936157 29.7869873047 37.9148712158 0.993877828121
598.695129395 250.578262329 30.4786987305 39.5169219971 0.993335008621
286.577362061 235.781692505 29.8375549316 38.3725738525 0.990548193455
343.619873047 245.366134644 30.1176757812 38.2381439209 0.989163756371
559.504333496 227.839492798 30.3525390625 38.39894104 0.986451983452
495.362792969 247.0287323 25.8446044922 36.3093719482 0.985672235489
319.986022949 241.257171631 25.5949401855 35.0559387207 0.96811491251
