38--Tennis/38_Tennis_Tennis_38_371.jpg
25
550.798217773 372.891479492 32.4555664062 41.5608825684 0.99761068821
344.336700439 297.590667725 28.977142334 35.5218505859 0.996220648289
763.420471191 281.347351074 30.1136474609 40.7572937012 0.995062172413
568.116699219 289.168151855 30.7154541016 37.013458252 0.994736015797
439.115203857 302.051300049 29.9343566895 36.3222351074 0.993892908096
476.216796875 367.841430664 32.1005859375 41.4623413086 0.993451833725
277.065673828 201.512237549 26.8038024902 33.6084594727 0.991842031479
171.993164062 192.333724976 27.6504516602 32.5579223633 0.991003990173
664.88848877 278.461700439 29.8441772461 37.2124633789 0.991001904011
785.455871582 197.532608032 28.0174560547 34.2225036621 0.989403367043
378.788696289 211.21685791 28.4238891602 33.0444488525 0.988157570362
444.375061035 215.182296753 25.6218261719 32.4532165527 0.986638903618
128.597915649 200.476531982 26.601348877 31.7687530518 0.98557728529
232.666793823 200.125350952 24.0211486816 29.4366912842 0.984948337078
567.689025879 196.562942505 23.7883300781 29.5017547607 0.984787046909
730.151794434 188.943649292 23.2386474609 27.9180603027 0.980805873871
696.768188477 191.295394897 26.1237792969 31.1058807373 0.980317592621
323.609619141 206.181304932 24.3317565918 29.7927703857 0.9792791605
412.659667969 206.268051147 24.7401733398 29.8689880371 0.978316962719
610.428649902 220.268890381 26.9514770508 30.4260864258 0.977505803108
653.630493164 198.660552979 24.4798583984 28.3793640137 0.977228343487
815.999267578 192.032714844 21.9785766602 27.622253418 0.964764297009
490.114562988 202.989868164 25.7152709961 29.0455474854 0.959880828857
878.776794434 189.852508545 24.6395874023 29.8188934326 0.958906292915
527.655883789 214.755950928 23.408996582 28.419708252 0.952179074287
