36--Football/36_Football_Football_36_157.jpg
105
607.39925 241.31221875 28.139375 31.62125 0.999192178249
738.245625 218.08003125 29.96925 33.64328125 0.998970508575
390.966625 194.656265625 33.676375 38.1204375 0.998253047466
905.89225 218.744953125 25.117875 29.2970625 0.9982188344
90.3133828125 107.131109375 16.081015625 19.8094921875 0.998117685318
42.0215585938 256.610453125 22.93625 26.801015625 0.997737288475
120.192867187 112.457773437 17.4595390625 20.9629765625 0.997618973255
161.56546875 201.9953125 23.094703125 28.03525 0.997199416161
786.703875 57.1892382812 18.133 22.7014335937 0.996948540211
514.88490625 55.15109375 17.76078125 22.8160390625 0.996038079262
899.658125 25.7851894531 18.2676875 25.0567285156 0.995675384998
579.549 85.2417421875 19.026375 23.3686640625 0.995464742184
868.9860625 86.2914296875 22.341625 27.9995703125 0.995134890079
524.21746875 113.93209375 18.82478125 21.107828125 0.995023488998
360.4699375 117.791429687 16.98746875 20.5921015625 0.994984507561
889.785875 126.069046875 18.737625 22.63715625 0.994964718819
546.1370625 109.825664062 18.1489375 23.4038359375 0.994883596897
614.09425 73.9503984375 22.1020625 27.6955234375 0.994883060455
608.09475 142.09021875 22.517375 28.39925 0.994600176811
507.6908125 174.8710625 21.7956875 27.331 0.994549334049
284.915125 134.744796875 18.3638125 23.94275 0.994395494461
668.8043125 35.5843515625 18.8444375 22.5018867188 0.994293093681
541.74825 27.7121757813 21.9088125 26.7880546875 0.994101107121
95.69815625 238.9086875 23.779703125 27.54784375 0.993456423283
298.5756875 212.104 23.8181875 27.52496875 0.993247747421
392.5200625 82.42090625 19.6130625 23.5113359375 0.992957115173
73.7028125 195.96409375 22.504296875 26.965015625 0.992257893085
876.6319375 171.663109375 22.2285 29.012765625 0.992244780064
500.9549375 246.450140625 23.0460625 30.219421875 0.992070496082
433.39709375 347.33028125 23.741875 33.29328125 0.991471230984
493.7053125 7.88547363281 16.6763125 20.4797314453 0.991130948067
582.43275 188.177515625 22.4555625 25.941515625 0.990786612034
546.598625 193.553171875 17.27025 21.6948125 0.990742146969
178.69409375 96.04665625 18.89275 24.0373515625 0.990683078766
459.2783125 32.7278828125 23.05925 28.5710742187 0.990129411221
983.37575 246.825140625 23.47275 27.522078125 0.990090966225
383.5524375 129.256132812 16.53325 19.8905703125 0.989924788475
235.429203125 254.44990625 27.153234375 29.638625 0.989656686783
247.118 117.462554688 17.7811875 22.5089765625 0.989610433578
411.274625 55.71884375 18.6698125 20.8745078125 0.989479362965
294.543 93.4206875 18.336125 21.2693984375 0.989382266998
534.6275 74.6931796875 22.1468125 29.005890625 0.989106357098
343.95940625 133.241921875 21.1850625 27.366390625 0.9881914258
151.664609375 151.974578125 20.077609375 22.519921875 0.987961113453
335.04290625 179.829375 19.659 23.43790625 0.987821161747
565.2865625 133.460796875 18.3461875 22.670734375 0.987812459469
479.54465625 122.014226562 19.46378125 23.2791953125 0.987713813782
488.44496875 88.6761171875 18.71509375 22.208609375 0.987505197525
755.5405 120.187007812 18.3509375 21.1340390625 0.987400591373
903.3384375 105.669359375 17.8504375 21.2133984375 0.987355172634
963.51925 137.790015625 18.7306875 22.924921875 0.987067997456
228.45246875 174.45653125 20.272421875 23.92240625 0.986710608006
112.913070312 137.292359375 18.5596015625 23.394546875 0.986700594425
16.00221875 118.65796875 17.0339375 21.78825 0.985927224159
143.984265625 97.197984375 18.81284375 22.496609375 0.98560833931
818.9300625 16.2067988281 15.0026875 22.0105527344 0.985428988934
425.482125 262.02053125 22.397125 27.493625 0.984533250332
580.7765 6.98796679687 19.2635625 23.1676875 0.98164832592
564.687875 103.6073125 21.6206875 28.42259375 0.97988063097
409.9433125 140.955484375 19.88675 23.335140625 0.97890740633
659.8355 254.01775 23.49675 26.2415625 0.978505253792
340.26275 104.482132812 18.575625 21.7843359375 0.978347659111
455.316875 104.562140625 16.07221875 19.1530078125 0.977119028568
424.1565 98.265953125 19.02415625 22.5429921875 0.976787507534
157.012296875 177.16346875 21.217921875 26.231046875 0.975549221039
302.2555625 160.53109375 19.78309375 24.318765625 0.974166035652
905.9373125 169.1724375 20.884375 22.71046875 0.973575055599
786.77625 174.697234375 23.0725 25.31225 0.973114728928
185.035796875 185.019875 22.523609375 26.940734375 0.971551835537
438.79075 163.716390625 24.84775 26.46346875 0.970942139626
417.20821875 0.0 22.98975 23.9487167969 0.966798067093
141.756640625 267.3944375 21.101890625 28.09571875 0.965552389622
899.763 88.9253671875 19.5719375 20.68659375 0.963231742382
245.465375 192.931859375 21.133625 21.907359375 0.962943613529
641.0335 0.0 17.6899375 17.2973984375 0.960906028748
231.756609375 76.791546875 22.551546875 29.2494609375 0.959947168827
0.0 182.409578125 18.4188222656 27.447421875 0.958775103092
335.502875 40.57815625 22.670625 27.909921875 0.957627236843
433.385625 218.858203125 18.28778125 24.843421875 0.957160890102
306.65578125 255.3736875 23.99303125 27.49734375 0.954783141613
49.286015625 130.198460937 22.640796875 28.4264140625 0.953188419342
614.382875 42.5774375 19.9835625 22.260890625 0.950050652027
751.5393125 190.60590625 19.6554375 22.19440625 0.948998093605
96.610859375 8.06868652344 17.1743359375 18.8652900391 0.948765516281
832.64775 109.777398437 17.6785625 20.8652578125 0.94495600462
217.41634375 161.68034375 19.0141875 21.78421875 0.942139327526
857.016 0.0 18.9361875 21.0218574219 0.93988186121
270.10434375 164.206078125 18.89328125 21.955453125 0.935236752033
90.70421875 135.48596875 16.6933671875 20.87578125 0.91908454895
944.122 95.976359375 15.1045 21.662484375 0.914449453354
115.181320313 200.81209375 18.3206328125 21.189921875 0.904454350471
632.182625 192.88896875 23.19775 26.741890625 0.89755833149
515.34765625 147.001453125 19.23015625 20.80190625 0.889932334423
968.3129375 20.0904882812 21.32375 28.208625 0.889896154404
794.121 233.9549375 34.41575 45.6611875 0.887609302998
197.217828125 0.0 19.557765625 21.3104472656 0.886163294315
41.1863203125 189.1296875 23.2056914062 24.871421875 0.883150696754
782.4428125 112.519328125 18.5846875 20.1799375 0.880760252476
103.311546875 171.261296875 19.682921875 21.18640625 0.874207258224
704.602125 143.49453125 18.291625 21.99896875 0.871967315674
318.01721875 76.5696484375 23.8565 28.4040234375 0.847878813744
271.536375 44.9267695313 19.06884375 21.1465117187 0.845980584621
980.417625 199.593796875 16.6809375 22.244375 0.844982385635
844.7409375 49.2846679688 22.46475 25.7267539062 0.844550967216
230.97609375 127.660828125 16.857125 18.9069375 0.824080884457
