36--Football/36_Football_americanfootball_ball_36_487.jpg
71
82.22984375 256.893359375 12.726375 15.232671875 0.996119141579
56.3423359375 303.02815625 15.6011015625 21.528 0.99449390173
320.5465625 255.674765625 12.03225 14.488140625 0.991273343563
811.0851875 332.7258125 22.0740625 29.35740625 0.990234851837
871.160875 230.954640625 11.6495 15.036453125 0.989982545376
585.1324375 220.940484375 11.5055 14.206921875 0.988035023212
168.376171875 238.932484375 13.311046875 16.285421875 0.985742986202
139.798703125 247.4539375 13.272 16.1075 0.984872698784
553.6388125 222.577875 11.41475 13.450765625 0.984282553196
204.236375 231.351171875 12.23103125 15.561078125 0.984277665615
296.76796875 182.63184375 11.1805 15.210984375 0.98287910223
70.6757578125 195.72878125 12.096328125 15.414890625 0.982112526894
94.5162578125 91.735671875 11.286234375 14.65475 0.979775547981
223.678578125 252.23840625 12.9399375 16.87053125 0.979301095009
655.873 180.93553125 10.755375 14.2161875 0.976630091667
607.4933125 245.048046875 12.3529375 14.1300625 0.974607348442
88.569265625 222.239265625 12.22765625 14.892640625 0.973119914532
47.448796875 254.6184375 12.65503125 16.37925 0.971002936363
66.862046875 222.942078125 12.02696875 15.829578125 0.962596714497
98.06071875 245.5145625 13.3620859375 15.158015625 0.959856152534
356.37109375 181.049890625 12.0116875 14.774953125 0.958940804005
56.77571875 155.76075 12.579984375 15.448640625 0.957853198051
884.98925 163.8840625 11.4365625 14.181703125 0.957655131817
379.8159375 67.619921875 11.15625 13.234484375 0.957251787186
837.3726875 42.6818164063 11.002875 13.7183007813 0.957032620907
275.209375 197.85640625 12.9445625 16.613078125 0.95676612854
525.270125 246.596484375 13.130375 14.59575 0.956733226776
86.013 106.820914062 12.05240625 14.6953828125 0.953096032143
28.3022480469 235.816671875 12.4291425781 16.054 0.952038049698
276.95584375 163.338390625 11.95678125 15.219515625 0.949916899204
8.9247109375 35.6687421875 12.6079140625 14.7495625 0.948174953461
673.5083125 239.432421875 10.815625 13.995984375 0.946956038475
795.6139375 329.26203125 18.074 24.01434375 0.944448769093
430.395875 188.442359375 10.767625 13.96890625 0.941294848919
319.465 181.8834375 12.66103125 15.303046875 0.938686728477
651.11125 146.429 12.650375 14.718453125 0.935244083405
147.2048125 166.871765625 12.89359375 15.7816875 0.928911030293
843.40875 211.666546875 12.2618125 14.638734375 0.927686989307
532.782375 196.400890625 11.8734375 15.262125 0.927349627018
774.75025 244.58834375 11.6859375 14.47634375 0.926511585712
11.0594951172 67.1121171875 12.4592275391 15.2778984375 0.924069046974
370.03653125 100.056289062 12.0036875 13.484828125 0.92288506031
921.1599375 183.136625 10.818375 13.554953125 0.919845044613
231.763234375 235.201609375 13.237078125 15.376703125 0.914493739605
862.718375 107.995171875 10.9210625 13.9210625 0.914076209068
11.7067548828 145.0811875 12.6224677734 15.95540625 0.910916984081
960.5010625 174.01834375 11.449125 13.73484375 0.910188555717
114.64225 50.6821328125 11.2127734375 14.8471484375 0.910070061684
916.16575 164.849375 12.0175 14.76428125 0.903140664101
859.902375 148.058859375 11.247625 14.231125 0.903077960014
359.99053125 271.70746875 12.1274375 14.60815625 0.901127338409
99.7493984375 199.9799375 12.169015625 14.27840625 0.88754183054
417.86646875 254.46753125 11.78075 14.05221875 0.884712874889
451.95415625 57.1163125 11.70365625 14.123046875 0.884233176708
41.0827773438 58.2701328125 11.5128007813 14.38971875 0.87162899971
128.084109375 139.986296875 11.57978125 13.1395625 0.869701623917
877.6739375 124.9659375 11.226875 13.872328125 0.8684065938
544.8445 196.973421875 11.58275 14.43778125 0.859543979168
18.1273300781 306.9385625 13.4900898438 19.813 0.852107822895
937.727375 224.272703125 12.1025 13.816390625 0.848966658115
426.27878125 140.875109375 11.13271875 14.198578125 0.839292049408
41.1780585938 133.359453125 11.9160351562 15.6504375 0.838895976543
111.690421875 89.32184375 12.9355546875 15.2105234375 0.835340023041
795.526 51.4751171875 11.5884375 14.0360078125 0.826280415058
976.7011875 101.82484375 11.2423125 14.2072109375 0.823502659798
320.36175 68.1049765625 10.77659375 12.998390625 0.821213245392
175.169484375 98.6942421875 12.78190625 15.5327734375 0.817658483982
101.137054687 157.132171875 12.6948984375 14.993734375 0.816250562668
514.60290625 197.00075 12.53378125 15.830890625 0.814491212368
193.40640625 174.126375 12.112515625 14.608265625 0.80859297514
81.8424765625 65.917953125 11.497828125 14.8831328125 0.80779260397
