36--Football/36_Football_americanfootball_ball_36_257.jpg
9
70.8947578125 227.450359375 73.7369296875 92.744609375 0.999439418316
863.0211875 157.824640625 84.867125 113.295796875 0.999222278595
628.227625 136.383109375 55.5820625 68.336140625 0.998262822628
428.94325 195.89365625 66.253125 73.50384375 0.997906446457
98.4901875 172.06165625 55.679515625 66.540625 0.997611165047
290.37484375 178.200875 52.30178125 62.285375 0.99738484621
502.8010625 215.478359375 34.7846875 46.997671875 0.996861934662
384.3165 195.982296875 32.84590625 48.274 0.993244707584
59.2813710938 184.073546875 24.9309648437 31.37578125 0.976085186005
