36--Football/36_Football_Football_36_194.jpg
8
826.4596875 238.53803125 17.946875 22.811328125 0.999684691429
452.03128125 255.80884375 23.8694375 33.7991875 0.99933475256
420.05909375 220.285375 18.1004375 22.2724375 0.997002184391
555.2919375 297.66703125 23.9993125 28.6583125 0.994537651539
68.1010078125 190.71134375 12.96584375 16.690921875 0.9939879179
455.3925 189.556859375 13.50625 17.667578125 0.990809798241
404.17703125 147.232640625 11.78040625 14.758765625 0.988359808922
988.2763125 139.062640625 12.174 15.251390625 0.820786237717
