36--Football/36_Football_Football_36_110.jpg
14
602.764625 140.977890625 33.1856875 40.14596875 0.999439656734
79.195390625 158.252734375 33.708109375 41.985546875 0.999410867691
504.67025 145.45953125 33.4366875 40.31015625 0.999400854111
504.144375 333.525 36.7599375 43.3624375 0.999162912369
398.520125 152.8671875 33.41084375 39.652890625 0.999158978462
780.98725 272.8381875 37.842 45.13396875 0.999153494835
381.57509375 305.91578125 37.2285 47.47028125 0.999130785465
182.89790625 155.85846875 33.88253125 39.4164375 0.999080061913
813.8713125 159.270671875 33.605125 41.66921875 0.999079942703
714.822875 121.262765625 31.9395625 42.645421875 0.998950600624
220.5815 312.55453125 39.277046875 46.38628125 0.998929321766
130.243234375 315.8665 38.079671875 45.6275 0.998584032059
289.52609375 159.961421875 34.475 45.132734375 0.998142838478
636.0479375 294.41528125 37.225625 44.9490625 0.997721850872
