36--Football/36_Football_americanfootball_ball_36_615.jpg
8
862.4589375 153.034875 14.3754375 19.883640625 0.999669194221
378.983625 145.028015625 24.36921875 35.20765625 0.998654007912
195.685203125 103.446164063 31.29828125 48.6758515625 0.997563719749
532.2834375 186.411515625 17.9409375 23.0405 0.994769990444
82.5257734375 135.87478125 15.192046875 18.950609375 0.978761792183
741.8455625 138.09090625 13.52325 20.624890625 0.956418931484
449.904875 155.31953125 21.74153125 29.163390625 0.923658967018
671.374 174.176328125 15.235875 21.315078125 0.86451458931
