7--Cheering/7_Cheering_Cheering_7_345.jpg
13
450.524 155.764 28.56 42.6878 0.997755
263.62 394.404 24.1306 29.1523 0.997106
352.315 402.062 24.6446 30.3021 0.996608
794.279 393.924 24.9655 34.1012 0.995008
229.071 377.963 23.6437 31.0214 0.992795
253.801 370.463 24.2169 29.9652 0.992768
580.925 392.83 26.2681 28.7512 0.990139
553.431 352.921 25.1769 29.6524 0.989513
0.0181963 310.872 22.9219 33.519 0.987811
856.918 357.986 24.6971 32.1981 0.980141
601.816 191.24 28.0696 37.1034 0.978995
758.348 372.987 25.1362 31.4006 0.960724
87.8842 378.892 24.1855 28.5719 0.849823
