7--Cheering/7_Cheering_Cheering_7_57.jpg
12
431.748 337.318 45.384 57.8654 0.999537
-5.12842 303.349 52.7549 57.9754 0.99914
795.706 285.323 51.3214 57.6496 0.998069
743.352 336.871 49.3599 54.4918 0.997691
665.98 317.66 40.4658 47.0136 0.995415
553.578 348.565 46.7095 49.5162 0.995333
134.29 300.861 45.0182 51.1228 0.994946
331.118 315.919 38.7776 46.872 0.993945
30.8127 164.22 38.2887 50.3374 0.993389
1003.68 339.45 46.0298 63.4894 0.957053
105.228 325.553 36.1634 49.3884 0.955385
737.677 145.414 50.2589 52.261 0.943246
