7--Cheering/7_Cheering_Cheering_7_334.jpg
17
567.594 177.843 42.7049 54.3642 0.999474
680.064 171.087 46.3618 54.9915 0.999458
375.845 241.666 47.1126 59.1225 0.999319
613.488 256.762 42.8994 58.0007 0.999195
496.576 243.584 45.4918 59.0059 0.999124
166.944 135.744 46.6795 58.9567 0.998939
299.601 200.769 45.1132 55.9326 0.99893
194.892 282.566 48.8009 57.4599 0.998916
643.449 374.557 45.3802 59.7917 0.998915
803.106 144.184 45.1851 57.0713 0.998907
707.438 290.49 43.5196 56.9461 0.998706
460.16 122.362 43.1294 55.6342 0.998678
510.445 341.996 46.0887 57.7817 0.998672
398.865 350.978 44.8747 56.3341 0.99849
291.467 305.153 44.9411 56.0799 0.998478
778.577 285.468 43.8866 55.4087 0.998021
388.416 164.602 23.1811 30.6563 0.883426
