7--Cheering/7_Cheering_Cheering_7_171.jpg
179
57.5063 83.9708 15.3366 19.974 0.999921
293.041 270.377 16.7378 22.3414 0.99986
426.214 310.824 17.5064 24.4965 0.999859
436.137 283.883 16.7464 20.7897 0.999784
288.833 39.9003 15.5449 19.6574 0.999712
149.43 116.082 15.8347 18.6347 0.999695
424.197 65.3675 13.6407 16.7609 0.999676
753.794 210.976 13.8076 17.6507 0.999639
419.046 149.246 14.1566 17.6151 0.999616
551.551 263.636 13.9146 18.5438 0.999614
385.454 123.014 14.7044 17.9831 0.999613
885.549 227.446 12.8391 15.6877 0.999555
925.787 235.906 13.236 16.2852 0.999475
320.054 241.341 15.5121 22.0686 0.999389
385.774 65.5559 13.8412 17.5228 0.999386
274.961 90.0261 13.4359 18.0562 0.999364
811.637 164.805 12.3584 14.9543 0.999349
132.432 172.824 17.2803 19.1945 0.999267
304.141 217.784 15.7589 19.5383 0.999248
262.682 185.224 14.2603 18.065 0.999224
475.59 207.11 13.5935 16.9927 0.999216
478.183 83.14 12.1699 14.5509 0.99921
534.523 244.979 13.6397 18.1525 0.999173
975.339 299.093 14.9199 18.4418 0.999074
58.3947 60.7919 17.5314 20.3381 0.999009
222.639 61.767 14.3884 18.277 0.998994
500.34 238.502 13.2239 17.4754 0.998993
610.735 237.649 14.5576 18.1347 0.998963
329.785 55.1528 14.5562 17.8397 0.998956
954.444 328.547 14.0691 17.1044 0.998924
690.228 250.466 14.469 18.1892 0.9989
639.845 300.448 14.4218 17.3061 0.99883
130.737 143.096 15.1611 20.4256 0.998825
118.173 5.6187 13.3535 17.4238 0.998783
657.401 211.84 13.249 16.7475 0.998782
510.689 130.624 12.1537 15.8623 0.998723
512.36 261.667 14.5711 17.6658 0.998706
880.919 295.339 13.5256 17.6511 0.998704
516.127 107.031 13.3237 15.9004 0.998691
580.421 251.993 13.1257 16.7975 0.998664
461.619 228.741 16.7042 20.1657 0.998645
525.743 66.786 12.2266 15.499 0.998637
201.219 35.1837 13.1548 16.3308 0.998594
963.743 262.408 11.8854 13.9378 0.998563
601.904 221.367 13.3368 16.3147 0.99852
554.973 296.054 15.5616 17.9319 0.9985
97.5549 161.629 16.5777 19.2561 0.998481
471.043 27.8524 12.0169 14.3582 0.998474
384.86 408.712 18.4799 23.3548 0.998374
628.751 228.981 13.23 15.7523 0.998284
714.629 234.363 13.5988 16.872 0.998277
442.025 145.355 12.5499 16.3854 0.998207
906.073 253.164 13.4454 15.351 0.998201
339.153 318.806 15.6157 19.9228 0.998179
362.473 31.6166 13.6279 15.9453 0.998159
957.998 279.029 14.4631 16.5142 0.998041
689.946 93.9278 12.2391 14.7285 0.99788
991.214 308.657 14.3619 17.9849 0.997878
88.7313 90.996 14.9108 19.6562 0.997784
419.441 18.7106 11.588 14.7484 0.997749
698.428 234.57 14.5149 17.3904 0.997718
617.334 88.4958 12.9829 15.2221 0.997472
721.933 307.362 15.4359 19.4148 0.9974
161.968 31.4158 13.6149 17.8958 0.997379
650.891 247.408 14.3147 18.5943 0.997374
535.186 189.224 13.8349 17.6095 0.997369
941.894 275.587 13.8108 17.8995 0.997231
554.667 220.811 14.0496 17.5589 0.997123
773.894 164.795 13.5961 16.4084 0.997001
602.998 263.004 15.8636 18.0081 0.996973
523.456 209.439 15.8284 18.3785 0.996868
238.208 41.2292 14.221 17.1848 0.996831
893.509 368.056 14.6239 15.5314 0.996681
462.238 131.552 14.1211 18.1759 0.996611
1009.32 268.554 12.2125 15.1936 0.996565
623.352 68.5663 12.2875 14.5668 0.996433
936.274 219.429 13.4404 15.0503 0.996289
157.039 94.717 15.6906 18.9101 0.996279
854.079 211.077 12.9106 16.6298 0.995729
754.521 318.887 12.9359 16.5207 0.995575
928.805 263.013 13.31 16.8656 0.995531
295.927 17.3631 13.1458 16.4634 0.995468
52.2447 18.4453 14.717 17.7863 0.995408
442.649 79.1241 14.3595 16.2473 0.995284
425.41 109.412 13.3721 16.9557 0.995114
390.872 252.824 13.8804 18.427 0.99508
490.864 68.3645 13.7975 16.6334 0.994953
476.73 48.3205 13.0278 14.9778 0.994143
728.754 286.347 14.0721 16.7598 0.993981
872.393 196.166 12.0569 14.0523 0.99374
753.417 259.85 13.929 17.9713 0.993627
569.264 134.116 13.905 16.9609 0.993421
977.073 267.69 13.3853 15.9552 0.993141
796.483 196.099 14.4882 17.8149 0.992943
156.406 207.031 16.4196 23.2504 0.992926
248.904 25.4887 14.7447 16.875 0.992638
346.023 98.7571 14.9647 17.3961 0.992585
636.671 205.853 14.498 16.8625 0.992336
21.6955 80.4471 16.0021 18.4704 0.992124
239.173 79.4028 14.4767 17.6002 0.992019
327.325 81.4407 12.1525 16.1662 0.991923
707.693 254.802 15.3775 17.5546 0.991896
995.484 265.035 12.6596 15.4016 0.991884
660.835 89.6565 12.0429 14.7952 0.991029
350.04 237.744 14.8299 20.2782 0.990806
303.644 -0.236501 12.2878 15.3522 0.990802
499.316 161.02 15.3465 17.7093 0.990198
877.266 171.796 12.105 15.5895 0.988649
490.67 125.314 13.5045 17.2831 0.987992
400.369 108.975 13.9862 15.9934 0.986841
459.789 104.668 13.5675 15.1555 0.986305
696.222 195.991 13.6519 15.7763 0.98619
741.442 121.839 12.6995 14.7775 0.98611
188.368 -1.2932 12.6254 15.6192 0.985543
550.903 127.198 14.8453 17.7451 0.985288
385.062 332.41 15.0881 19.1398 0.985049
328.544 3.31049 12.9282 16.0877 0.984654
450.924 214.35 14.7383 16.2724 0.983067
650.516 164.556 14.4376 15.8211 0.982357
901.164 326.971 13.6163 15.674 0.981648
620.518 296.088 14.6532 18.4928 0.981391
811.087 183.151 12.9958 15.7287 0.981279
473.315 181.249 14.5333 18.6782 0.981206
400.929 156.857 13.3664 16.0629 0.981126
446.289 58.6315 11.6644 14.0156 0.977894
24.5727 389.977 18.2008 23.1285 0.976107
175.631 10.859 13.1305 16.4977 0.974694
953.485 243.355 13.2445 15.086 0.974297
667.577 189.946 13.1999 15.0407 0.974062
614.883 187.175 14.6458 17.3435 0.973718
468.268 67.0047 12.0168 14.2525 0.973505
696.353 135.476 14.5281 17.782 0.973185
513.68 33.7929 12.1627 15.5903 0.972071
350.45 271.201 15.5359 20.1911 0.971992
635.802 108.815 12.3236 15.2561 0.971974
593.99 181.839 11.5492 15.8498 0.971754
156.087 8.66505 13.4507 16.0706 0.970937
452.883 48.4289 11.7426 14.8654 0.970342
290.112 75.7348 13.8065 17.5511 0.967967
33.0122 161.452 14.0828 19.7424 0.967746
105.517 119.399 13.3006 18.0709 0.967363
484.966 102.193 13.3815 15.3915 0.966966
384.493 30.5524 14.0186 16.3876 0.966095
680.971 82.8284 11.7142 14.3938 0.964603
554.778 246.911 14.3986 17.3539 0.964456
497.873 215.005 13.7102 17.1038 0.961133
761.525 121.969 12.0045 14.73 0.959501
716.156 137.909 13.1011 15.1202 0.958334
721.562 109.1 13.0624 16.1075 0.954294
492.644 35.5478 11.7608 13.7197 0.952414
996.584 245.586 12.24 14.2817 0.951957
221.548 9.09706 14.3758 18.3201 0.951947
745.675 239.116 12.8483 15.3985 0.951448
722.616 215.044 13.1121 15.4688 0.946641
633.883 333.631 15.6759 17.5811 0.94204
559.788 59.3216 12.4419 14.5278 0.941661
584.568 161.991 13.9755 15.8559 0.941027
154.865 149.371 15.2966 17.4314 0.93986
105.5 68.0209 13.123 16.7729 0.936666
617.931 155.891 13.8189 15.8778 0.936527
992.518 285.757 12.9991 17.7505 0.936389
343.251 218.951 15.3698 17.7382 0.936282
861.197 227.526 12.262 15.4573 0.929645
984.453 374.089 15.4986 16.8111 0.925758
359.258 54.0648 13.318 18.0846 0.921277
755.139 164.146 12.6199 14.8969 0.913758
540.544 170.335 13.8634 15.2238 0.910361
413.72 189.152 11.7725 16.0174 0.903905
312.773 92.6731 13.5076 16.0419 0.899702
419.672 41.7625 12.9848 13.864 0.891941
364.862 11.7699 12.5337 14.7361 0.878383
850.856 376.958 14.6576 17.3354 0.875632
649.188 76.31 11.6523 13.389 0.870881
548.769 104.144 12.5475 16.4553 0.859062
506.797 188.176 14.6547 15.8747 0.836688
140.379 -1.57894 12.6182 15.2426 0.809609
741.511 138.245 12.6221 14.5606 0.807468
853.205 292.087 12.911 16.6239 0.802757
885.624 248.606 13.903 16.8153 0.802699
