7--Cheering/7_Cheering_Cheering_7_138.jpg
13
470.913 166.884 47.2274 67.4858 0.999242
336.211 136.973 52.1405 61.937 0.999167
601.456 196.487 48.2323 59.4336 0.998913
57.264 171.428 44.2966 58.3135 0.998757
865.832 87.346 48.6431 63.8084 0.998262
784.795 119.444 50.0095 73.2968 0.998249
493.291 105.35 49.6748 59.6126 0.997851
195.382 123.843 27.4044 36.6133 0.997458
831.942 118.052 56.2555 76.7673 0.997457
214.565 132.23 46.1917 53.4866 0.996263
290.562 125.484 44.3914 58.0688 0.995099
384.372 135.224 44.2584 60.8629 0.981662
102.214 151.324 38.5829 43.3834 0.975544
