7--Cheering/7_Cheering_Cheering_7_413.jpg
22
927.608 382.746 56.8201 68.9791 0.999547
748.379 386.825 49.3841 57.6965 0.999188
842.332 378.547 36.8171 44.8349 0.999007
270.601 342.576 26.2319 35.7749 0.99882
427.64 362.856 30.7453 38.8346 0.998712
46.9454 386.315 32.9376 40.0589 0.99869
728.358 454.807 87.3514 106.086 0.998524
341.659 415.678 44.6852 60.2841 0.998373
249.228 333.93 14.0735 18.8787 0.998296
484.557 428.246 62.5005 87.3251 0.998109
616.982 372.744 39.0863 46.5823 0.997916
155.546 387.612 30.7203 47.4406 0.99744
734.028 361.401 31.5467 40.3875 0.996069
382.818 339.736 16.7524 21.0994 0.99522
544.659 348.015 29.5413 39.9553 0.994665
67.2064 330.92 22.6994 28.2012 0.994198
319.928 348.498 22.1758 27.1085 0.988044
166.443 336.545 22.925 28.8866 0.981583
38.2597 335.331 22.9563 27.9394 0.953595
202.899 334.179 13.2547 17.1723 0.933587
15.3143 346.387 17.0051 22.2496 0.905215
344.791 336.133 16.2984 20.4409 0.826276
