35--Basketball/35_Basketball_basketballgame_ball_35_998.jpg
11
912.60475 277.9596875 46.995125 67.94584375 0.999165415764
681.3828125 60.7588867187 52.426625 73.2891914062 0.99896132946
63.6023085938 281.34440625 35.3245976562 41.0115625 0.997708916664
338.16553125 92.185796875 55.44096875 82.98515625 0.995950698853
43.8521328125 393.59915625 39.9671640625 49.33975 0.995547771454
352.31003125 315.70034375 41.66640625 60.43196875 0.994046330452
0.0 309.8230625 25.2541835937 45.38753125 0.992969691753
37.4025351563 203.7914375 34.3653945312 45.878171875 0.980272591114
814.8324375 310.914 48.86875 61.74234375 0.978598296642
123.831492188 287.30225 33.8892421875 45.628375 0.973367094994
317.93225 408.46559375 35.47384375 46.89846875 0.945700109005
