35--Basketball/35_Basketball_playingbasketball_35_248.jpg
8
170.495349609 894.440329651 24.2960324631 29.4454805298 0.986028850079
648.489502716 859.822974426 22.2581419983 25.7618937988 0.984803915024
813.460035828 858.84729126 20.3790571899 24.2469406738 0.981503248215
492.815012421 925.719114441 28.2847961121 35.4537237549 0.972316384315
627.388698669 904.438851196 55.4813420715 50.6889219971 0.970131635666
158.067342224 962.08644342 25.1401270905 35.1630007935 0.960132777691
394.278902985 827.068594482 34.926148468 42.1913575439 0.94198846817
140.925161041 851.138952759 20.2940594711 24.8276351318 0.842224419117
