35--Basketball/35_Basketball_playingbasketball_35_794.jpg
16
750.4309375 88.2774296875 44.7684375 59.4585703125 0.99911993742
555.5040625 124.630890625 33.5418125 38.21159375 0.998932540417
512.16953125 136.34903125 30.48809375 39.8728125 0.99882286787
99.1010078125 159.140109375 28.224859375 37.205359375 0.998483717442
832.9523125 140.844453125 34.7565625 43.00978125 0.998234272003
283.64778125 174.589203125 29.59421875 39.74390625 0.997179031372
0.0 168.927828125 24.0190859375 43.8410625 0.997096538544
424.50209375 174.642359375 22.04496875 29.477890625 0.994994521141
439.34378125 199.02259375 22.85934375 31.24859375 0.990548551083
187.468734375 164.033171875 15.78225 26.2406875 0.989803195
378.06503125 171.553640625 23.39428125 28.920921875 0.956567287445
243.788171875 181.181453125 19.966671875 32.27590625 0.947953343391
321.88096875 160.811953125 22.93303125 28.0390625 0.938054859638
391.3531875 146.232671875 18.5143125 23.90709375 0.913253307343
600.9586875 172.818046875 24.506625 30.7299375 0.905829906464
265.42378125 147.283609375 20.66471875 30.03428125 0.872172832489
