35--Basketball/35_Basketball_basketballgame_ball_35_393.jpg
10
855.84775 283.80865625 14.7495 20.255 0.985852837563
124.517539063 313.15840625 10.7083515625 13.63896875 0.981102526188
678.467125 286.6524375 12.5328125 19.335125 0.97923707962
703.0939375 301.0605 13.6803125 17.15284375 0.954297065735
780.4610625 291.33084375 13.791875 18.83571875 0.946875870228
21.2955722656 329.1319375 11.0546054687 13.8708125 0.923854291439
416.9709375 300.4598125 12.50740625 18.16115625 0.913741767406
164.9075 292.632875 12.97775 16.3671875 0.842861771584
0.599295776367 327.4606875 11.3904932861 15.64528125 0.826235115528
45.5849335938 279.38275 11.8819921875 14.75425 0.810817778111
