35--Basketball/35_Basketball_basketballgame_ball_35_80.jpg
17
5.15074496508 168.401898148 42.5263749385 47.2459750671 0.999161839485
166.467360046 0.334882175446 42.079190979 52.8837677956 0.999013662338
809.180227844 78.195364315 49.3254389038 52.5061081505 0.998818576336
33.3515981846 113.949738831 37.196817091 47.2841149521 0.998587608337
382.340934753 18.3940132923 39.5486916809 52.8697554913 0.998574137688
262.106826767 131.775138107 44.620762207 64.4905253601 0.998549997807
292.824128738 12.1479539852 39.5406305389 51.0043441105 0.998492598534
92.0043481674 183.581106171 38.494760498 50.2135825043 0.998481929302
0.952919246674 361.206446411 45.3940685272 56.9010087585 0.998402774334
66.0651521263 207.925541245 44.4088075905 54.2697160492 0.998322427273
903.299246643 375.636745209 38.1999752197 51.925671936 0.997809708118
888.972480103 67.0086262398 47.4199014893 58.1297356071 0.997808396816
494.175624176 96.3407180862 98.4488337402 122.333016457 0.996995925903
0.0 236.857057465 31.7984111423 53.1418360291 0.996702611446
137.584055283 150.039481133 35.4353920135 40.6190268021 0.993807733059
162.352040237 231.593597946 40.7773845367 50.4174031372 0.984124898911
353.74213974 105.662797478 49.6043738403 52.4403807068 0.871750831604
