35--Basketball/35_Basketball_Basketball_35_180.jpg
11
218.958 173.58215625 31.429234375 40.340421875 0.998966932297
283.09690625 188.44815625 32.096375 43.239703125 0.99893695116
527.973125 155.71625 29.5176875 37.057046875 0.998919606209
603.4910625 164.553546875 29.0205 39.2923125 0.998438179493
683.4673125 165.7020625 29.7894375 38.450328125 0.998332798481
439.398625 176.997984375 28.4460625 36.830984375 0.998323023319
473.31853125 215.860984375 32.37815625 43.61296875 0.998125016689
412.72728125 398.1073125 35.63040625 44.6466875 0.997931599617
330.30365625 189.185796875 31.609375 40.6515 0.997663736343
384.05125 193.2403125 29.64821875 39.2566875 0.996942102909
609.491375 356.10603125 33.5098125 44.28053125 0.99601739645
