35--Basketball/35_Basketball_Basketball_35_107.jpg
47
948.159567505 370.267391388 27.7475773315 36.937138092 0.99873894453
420.425119019 55.0477058907 125.625037994 181.595026531 0.998611807823
42.7772406082 205.697534164 75.243814064 108.332358124 0.99860817194
932.809033569 441.124725128 34.4387355347 42.0178306274 0.998011052608
747.863004517 381.372876221 21.6500550537 24.0475147095 0.997552931309
849.111777771 386.277792114 28.5844229126 34.1996958313 0.997476279736
663.420867493 443.896428619 32.1456373901 37.8926958313 0.997200965881
852.402358582 303.512182571 22.332274292 26.7829846954 0.99702078104
892.185282227 379.064676086 28.460451355 34.6075622559 0.996959090233
734.575958374 349.898977173 21.6282661133 26.6038082275 0.996760427952
691.272843567 547.547657959 47.9111379395 52.1080259705 0.996664345264
606.289138672 516.28830484 44.7875806274 60.8970083313 0.996247589588
1006.97821112 344.206879456 16.9827888794 24.3108227844 0.995488584042
619.210844391 451.51650946 30.2401945496 35.7137266541 0.994772613049
231.482228165 119.558311043 15.4683636017 19.7160142288 0.993371009827
221.932680298 69.4704958572 13.9991691589 18.4847042999 0.993303060532
744.916012756 480.260705078 30.7921685181 42.7948693237 0.992897987366
789.406249146 350.147408661 17.2728823242 22.9424773254 0.991911709309
857.112301025 355.796454437 21.7596008301 27.3799077454 0.991771399975
225.154456894 357.736759583 21.1194755707 25.4326902466 0.990046322346
916.436448059 121.094215332 19.3215686646 24.7531194916 0.988836348057
318.220374786 65.3136309166 16.8314684448 20.9509352989 0.987395405769
686.813323669 203.553389725 18.8445411377 23.6745857239 0.980265676975
678.093690247 508.990888153 42.2294838867 53.2552888184 0.97323256731
272.566947083 69.1644833374 13.9108300323 18.0187872543 0.968744456768
296.408856506 11.0586597424 15.0815347748 19.0943743496 0.965268969536
817.480923218 409.423018951 23.6749989624 26.5278474731 0.961408257484
261.797425171 168.286637222 14.9180238037 19.6310279694 0.958854436874
291.111138611 41.2624490509 14.0306879883 18.3646115494 0.957359492779
816.852349854 91.663790184 17.1670181274 21.1668195572 0.951718986034
711.898254578 362.124338409 16.1535318604 20.8999144287 0.94472771883
311.432932007 166.743322815 14.649644165 18.1731788025 0.937618136406
165.974886993 71.1082587471 15.1459624176 18.7035939293 0.933253288269
726.083230469 232.300102341 20.2698383789 26.5570183563 0.930955886841
208.927594315 101.594315796 16.5704519653 18.8308385239 0.928253471851
318.455845612 97.2817397614 15.02783255 19.1284266129 0.906776845455
335.834328827 123.825308746 16.3676269836 20.3530308075 0.899173378944
337.359892761 29.0031529484 14.9380470886 19.2271413136 0.869563281536
364.308717255 89.3771535873 17.7222980042 23.5987094955 0.86921030283
200.0640224 329.535484253 18.2652934265 22.7100494385 0.861955225468
614.522503052 108.616393532 15.1884320679 18.9418682022 0.861478686333
143.839887474 42.331849308 14.3645847168 18.4620043564 0.855128347874
163.858467102 286.427004791 18.9084428406 22.4176643982 0.851457834244
847.871611389 134.988618797 16.1441400757 20.6927034836 0.846386611462
259.945778473 31.6247076302 14.6252067413 19.3085375633 0.84289932251
787.613770691 11.3734723644 15.2807720947 19.0188010063 0.836322069168
388.523067291 30.4555947952 15.6596742554 20.5700420799 0.804926991463
