35--Basketball/35_Basketball_basketballgame_ball_35_64.jpg
48
295.84996875 237.292828125 61.4168125 83.202328125 0.999357402325
473.954875 224.042296875 63.624375 81.119234375 0.999293684959
590.6386875 209.83775 68.2550625 92.66775 0.999219417572
692.7484375 216.85353125 72.8425625 93.75403125 0.999212265015
591.1736875 79.4883984375 30.0875625 34.9307890625 0.998935043812
491.27540625 162.107703125 33.93025 36.94828125 0.998768985271
33.751234375 244.252703125 56.092640625 68.661484375 0.998624324799
124.813867187 288.72715625 57.4803359375 75.85828125 0.998576879501
535.6968125 17.7691289062 25.0365625 32.1760859375 0.998429358006
951.442875 178.459296875 72.533125 122.296265625 0.998334348202
655.42175 105.157648438 35.38925 42.7172421875 0.998046278954
95.0464609375 128.254679687 25.432109375 34.6773984375 0.998031079769
101.876507812 200.839734375 39.6593828125 51.718484375 0.997954845428
343.48303125 154.938890625 26.36525 32.826859375 0.997775137424
440.05084375 110.053953125 31.67440625 41.849828125 0.997592270374
272.2375625 126.8491875 27.9080625 34.1125 0.99747890234
904.972375 170.16459375 63.3860625 93.38546875 0.997333645821
0.0 244.349140625 29.1264609375 40.913046875 0.997159957886
805.6400625 184.159359375 38.5895625 49.020328125 0.997084081173
465.20715625 63.8298242187 24.66390625 32.2217773437 0.996283352375
726.2778125 95.923921875 33.8170625 36.76703125 0.996087312698
237.377140625 245.2104375 33.194015625 43.90325 0.995610415936
390.11725 69.3048671875 23.11534375 29.328234375 0.995379686356
149.85121875 140.150421875 25.906546875 33.287453125 0.995211780071
139.932515625 107.742484375 24.187609375 31.41834375 0.994214832783
870.230375 59.0828554687 26.21025 36.4780039063 0.993557274342
280.415625 223.1675 29.0835 39.271296875 0.993426203728
524.4295625 93.7656171875 24.7968125 31.66740625 0.991923034191
566.4128125 203.056078125 29.324 40.4383125 0.989937782288
236.481453125 192.9375625 29.793640625 36.662265625 0.988820910454
414.355625 111.801695313 28.1625 36.8520703125 0.988582968712
397.988625 146.725109375 27.030625 36.102453125 0.986952900887
243.05228125 163.16703125 27.75646875 35.77278125 0.986705243587
192.56615625 219.381515625 28.295234375 33.61971875 0.986261427402
623.7499375 4.14454443359 23.6929375 30.7121977539 0.964708566666
33.1983828125 155.7475 26.28303125 29.346046875 0.96346527338
89.926109375 43.5401953125 18.5553203125 23.461140625 0.961361646652
448.39109375 3.93978271484 26.12784375 30.6763540039 0.961071610451
0.0 294.1885 37.1701875 64.7121875 0.956603288651
47.7330078125 44.101125 17.9308359375 22.582515625 0.950982809067
415.73640625 15.124921875 23.972 28.94228125 0.945439100266
73.88246875 212.487375 29.999 40.3440625 0.941640377045
24.8928828125 76.1747421875 21.80890625 28.8464140625 0.938725411892
299.8381875 94.7175390625 23.3228125 27.493296875 0.902808427811
213.349859375 107.499585938 26.53590625 28.9681640625 0.852332532406
206.861578125 11.5776904297 17.60553125 22.5204619141 0.823595702648
453.41325 44.1789960938 23.43784375 31.7729570313 0.823143184185
54.8208632812 193.40790625 22.3221132812 29.228265625 0.807576656342
