35--Basketball/35_Basketball_Basketball_35_635.jpg
18
620.29275 304.86146875 36.2195625 40.2471875 0.999531984329
457.45696875 277.91528125 28.85165625 33.97803125 0.999319911003
358.3085625 332.5375 28.8703125 35.2001875 0.99918705225
814.195 303.418 32.7670625 39.4015625 0.99889922142
421.5351875 318.4294375 28.74546875 37.07296875 0.99886995554
447.4016875 418.28140625 33.29021875 42.05896875 0.998695790768
752.0706875 311.62871875 34.875125 42.36459375 0.998655319214
212.24534375 317.41028125 25.241984375 30.72121875 0.998630404472
543.7333125 289.0254375 30.1875 40.288 0.998608767986
370.58296875 414.261875 26.81321875 33.3504375 0.998493552208
281.91265625 309.9403125 31.0229375 37.213875 0.998392522335
568.7648125 449.79721875 32.564 38.953625 0.99835062027
598.210875 264.991375 32.108875 39.64821875 0.998232543468
485.202625 322.42296875 27.40775 37.88890625 0.997975885868
311.806375 452.13190625 26.63471875 37.89109375 0.99790596962
510.2191875 477.36515625 29.6096875 34.9764375 0.997901797295
276.7294375 274.4986875 27.566625 34.92625 0.997185528278
698.7208125 341.024625 30.662375 39.69940625 0.99689912796
