35--Basketball/35_Basketball_basketballgame_ball_35_197.jpg
11
444.0614375 159.8383125 63.9019375 74.20953125 0.999800980091
821.6853125 274.14125 66.394125 72.76984375 0.999601900578
629.45675 156.1085625 58.3635625 79.22815625 0.999183595181
721.2735 206.3180625 68.06425 96.2016875 0.999060690403
45.202765625 99.3280390625 65.398015625 76.6496796875 0.99868875742
242.839203125 101.383523438 67.442984375 77.3271953125 0.998638689518
257.4149375 181.383359375 64.101 85.753984375 0.998495101929
699.3259375 170.4614375 50.13175 70.04840625 0.998255431652
801.3385625 11.8895898438 54.214125 74.3656914062 0.997884571552
23.6380253906 38.3890195312 55.4010917969 67.2188789062 0.996537685394
0.125971679688 0.0 54.6250361328 46.010390625 0.992392778397
