35--Basketball/35_Basketball_basketballgame_ball_35_256.jpg
16
527.811875 58.0604960937 67.2530625 95.2493164062 0.999275743961
934.6936875 355.964375 47.5296875 59.67584375 0.998736321926
228.787015625 71.477296875 52.210421875 61.64378125 0.998232960701
761.7040625 354.1841875 48.124375 58.4129375 0.99640250206
869.9244375 331.2014375 40.3268125 49.7816875 0.989084303379
887.1188125 374.91778125 38.591 48.69875 0.987233400345
466.88025 159.997625 45.3230625 58.680578125 0.986515283585
849.8234375 196.0761875 32.8160625 44.412125 0.982459306717
983.996375 339.25134375 39.979625 59.43721875 0.972809135914
955.9785 167.038703125 39.635625 48.32640625 0.950569987297
362.03015625 65.0311757812 39.1734375 43.8012304688 0.945998430252
755.760375 325.60378125 40.0088125 47.2839375 0.944406449795
355.80175 154.05203125 36.866875 48.26803125 0.908857345581
951.023625 54.0745 32.485375 41.4775859375 0.900504767895
723.5674375 242.780453125 37.3505 48.641015625 0.841161131859
921.9053125 120.839804688 32.83875 39.2130703125 0.803236842155
