35--Basketball/35_Basketball_playingbasketball_35_795.jpg
13
51.4018476562 266.12515625 67.5648554687 97.66771875 0.99958473444
83.43871875 37.1614921875 24.7094453125 30.2749453125 0.997553169727
845.057 81.83225 46.6855625 60.283921875 0.997420072556
220.1849375 73.21909375 24.984375 29.919984375 0.996740877628
557.015 57.1800664062 43.42575 58.1665585938 0.995201349258
484.69740625 497.9655625 15.21009375 21.12165625 0.994140326977
911.895 436.34634375 24.90075 38.381875 0.988077402115
608.9444375 518.39890625 13.29575 17.39721875 0.986648261547
135.08046875 110.164179687 22.687140625 28.7380546875 0.974546551704
950.7956875 27.5329804688 22.1204375 29.3711171875 0.97436439991
196.792421875 128.32178125 14.370265625 19.027765625 0.950035572052
641.1821875 16.9079316406 16.3275 21.4453769531 0.935583889484
972.1598125 78.187421875 17.97225 24.3185 0.855453848839
