35--Basketball/35_Basketball_Basketball_35_529.jpg
8
504.2779375 158.625828125 35.2675 43.95846875 0.999532103539
376.8775 179.704765625 27.5599375 36.927296875 0.999110996723
763.6013125 236.57703125 31.56325 38.17490625 0.999090075493
696.5250625 216.0283125 32.088875 38.75415625 0.998967647552
564.1690625 176.635328125 30.9025625 41.144640625 0.998735010624
439.77715625 168.025640625 28.78425 37.359984375 0.998679578304
639.6993125 175.12734375 31.7379375 40.36146875 0.998437821865
266.70196875 211.95571875 28.50475 36.6891875 0.998167157173
