35--Basketball/35_Basketball_Basketball_35_361.jpg
16
262.683375 126.76584375 25.14553125 32.526921875 0.999169826508
160.720375 127.550710937 28.109609375 34.7457734375 0.999017715454
699.03525 116.917085938 26.860875 33.1950546875 0.998949825764
70.0504375 163.50978125 28.547328125 34.17403125 0.998781740665
908.4670625 130.521578125 31.985 41.306953125 0.998688280582
164.1908125 249.68859375 27.8485625 37.11371875 0.998686254025
870.0156875 238.6075625 30.530125 34.925375 0.998640239239
516.9019375 243.66359375 26.2954375 34.75725 0.998625278473
652.4796875 253.2963125 25.7005 33.588 0.998292386532
477.04065625 116.329859375 26.1046875 33.962875 0.998070657253
364.48915625 129.7510625 25.4990625 33.914328125 0.997996628284
596.1328125 120.752585938 25.81025 33.1906328125 0.997867941856
405.23653125 246.836640625 26.1248125 34.848390625 0.997807323933
777.260375 241.45134375 27.3421875 35.2761875 0.997768878937
300.68609375 252.35421875 24.6199375 34.5509375 0.997526705265
824.542125 114.9160625 26.6943125 32.55728125 0.997167646885
