35--Basketball/35_Basketball_playingbasketball_35_195.jpg
8
581.86525 379.9090625 16.0728125 23.41121875 0.998428344727
460.22996875 391.23321875 16.7599375 20.1099375 0.998332083225
504.4884375 386.3343125 11.6325625 15.05253125 0.9903601408
303.4678125 403.0290625 11.3878125 14.09359375 0.978962481022
50.7505195312 401.70178125 12.1545546875 13.935 0.97632920742
537.406375 401.6031875 12.420125 15.065625 0.950328886509
430.781125 402.48346875 10.92284375 13.53384375 0.907302737236
1010.227375 399.15315625 12.8905625 15.7786875 0.890494167805
