35--Basketball/35_Basketball_Basketball_35_712.jpg
15
584.2673125 240.28546875 23.914875 29.83909375 0.99874997139
908.03525 240.75603125 22.7025625 28.42096875 0.997986078262
524.315 255.284875 23.51975 28.81153125 0.997627913952
844.467125 215.87384375 22.5820625 28.963625 0.996966779232
655.202875 252.10321875 23.0293125 30.08484375 0.996834814548
298.116 234.29078125 21.87659375 29.09353125 0.993495166302
40.667125 247.337703125 21.5810703125 28.244296875 0.993422567844
367.763875 236.592265625 22.16384375 30.610140625 0.992796361446
958.5733125 250.580734375 21.9973125 28.292609375 0.989094078541
237.75425 234.505640625 21.569390625 29.123265625 0.988836526871
429.88690625 250.941421875 22.541375 28.697890625 0.988775610924
720.076 259.148046875 18.8755 23.111609375 0.985364735126
104.038273437 227.9829375 19.683015625 25.291828125 0.984961748123
166.3986875 221.5655625 22.488125 30.01909375 0.976682186127
784.24575 232.05390625 22.3321875 27.4763125 0.975622355938
