35--Basketball/35_Basketball_Basketball_35_653.jpg
14
208.52446875 313.58975 49.500609375 69.73478125 0.999157071114
812.6894375 279.635125 50.8843125 70.0794375 0.999001204967
267.29175 41.9128984375 56.5211875 76.702453125 0.998874604702
733.3201875 43.4038789063 57.038625 74.4681992188 0.998818457127
380.71575 295.919625 50.60384375 69.08471875 0.99859470129
460.28196875 68.1418125 56.0148125 79.287953125 0.998456001282
92.3661875 270.304875 54.75553125 75.91609375 0.998425006866
653.620625 271.93334375 52.6635 70.9938125 0.998342633247
599.128125 24.874 56.2968125 76.28834375 0.998200058937
871.16125 35.8301289063 54.2684375 72.8303867187 0.998191535473
536.8006875 295.34709375 57.094875 72.17575 0.997796297073
99.9996171875 32.7016738281 54.2865546875 77.0151152344 0.997752726078
368.88234375 49.7917851563 55.4375625 77.3120898438 0.997308254242
921.1064375 275.74071875 57.68275 79.77278125 0.996986091137
