35--Basketball/35_Basketball_Basketball_35_327.jpg
24
737.90175 155.310625 24.401875 31.810953125 0.999395728111
828.4984375 147.782921875 26.757125 35.013484375 0.999365866184
83.5205390625 164.588375 26.7745546875 34.9996875 0.999355494976
789.7210625 170.419328125 31.88475 39.80784375 0.999265372753
663.678375 154.72546875 28.1735 31.185015625 0.999220490456
762.83325 146.3590625 29.8085625 36.16784375 0.999084830284
23.9152929687 176.585328125 25.6747734375 33.749796875 0.998791635036
465.054625 180.009546875 23.99471875 30.1134375 0.998766303062
539.96275 154.919359375 27.4454375 35.595046875 0.998547136784
915.0875625 144.871703125 39.2585625 51.2693125 0.998437225819
384.26709375 175.15890625 24.604625 28.91265625 0.99838244915
968.455125 184.261671875 30.6755 38.46346875 0.998298466206
491.73025 179.195359375 18.157 21.79490625 0.997675955296
249.24121875 167.825828125 22.44884375 29.173859375 0.997345626354
324.691875 185.29321875 18.7403125 23.449546875 0.997294604778
408.0066875 231.238640625 55.97175 78.661734375 0.996009945869
597.909375 160.560890625 21.47325 28.941171875 0.995397508144
982.1024375 159.298359375 24.876875 28.2385625 0.995375096798
184.55428125 181.01875 21.0870625 28.25759375 0.994706213474
434.6989375 162.060109375 22.0739375 27.134125 0.992684423923
634.8906875 171.87678125 22.9475 28.1905 0.97166621685
508.55296875 194.259125 16.95059375 18.92196875 0.971038579941
564.536625 162.17 16.30175 22.967515625 0.958638429642
553.8186875 157.34659375 24.5471875 31.5351875 0.941051483154
