12--Group/12_Group_Large_Group_12_Group_Large_Group_12_120.jpg
189
386.66078125 391.955375 13.55734375 16.97225 0.998026788235
715.310625 387.34803125 11.637625 15.20934375 0.996761918068
323.1063125 294.0494375 12.38725 14.77721875 0.996134638786
346.8154375 393.05771875 14.1058125 17.47446875 0.99476057291
714.5575 416.27334375 13.8096875 17.792875 0.994020402431
427.23340625 358.40971875 12.83996875 15.92634375 0.993854522705
410.66184375 386.00178125 12.04125 14.9361875 0.993599295616
664.203625 393.72534375 12.00875 15.2465 0.993181526661
876.9676875 419.8356875 12.497625 15.123375 0.992550730705
249.327546875 419.064 12.3395 15.6293125 0.992126822472
443.4525625 269.7409375 12.156625 15.08534375 0.99170333147
271.62484375 296.21975 12.07684375 14.64509375 0.991553485394
345.99759375 293.73121875 12.4819375 14.72925 0.991518437862
327.61359375 350.29790625 13.48515625 16.706 0.991254687309
363.12675 448.97034375 14.33259375 17.24725 0.991175889969
389.22346875 351.64796875 12.04534375 15.34434375 0.990854620934
361.5704375 294.2445625 12.0538125 14.594 0.990500032902
736.8668125 393.2594375 12.28075 15.4645 0.989771306515
738.7908125 419.947625 12.8033125 15.75746875 0.989186584949
845.0536875 277.92328125 12.9070625 15.46484375 0.988559424877
70.1753359375 327.73796875 12.38809375 15.43234375 0.988339185715
192.712421875 419.74321875 12.876703125 15.12078125 0.987912476063
648.344375 419.9311875 13.194125 16.3466875 0.986435234547
394.4266875 418.05725 13.64503125 16.39946875 0.986247479916
428.61609375 296.13971875 12.61140625 14.92565625 0.986221313477
578.1005625 450.73140625 13.378375 17.00265625 0.983120918274
368.35496875 386.426625 13.42590625 15.67634375 0.982145547867
623.68525 386.3770625 14.507375 17.6068125 0.982133686543
610.570375 450.00290625 13.0545 16.8393125 0.981987774372
902.0853125 392.1900625 12.1486875 14.73559375 0.981930315495
451.48709375 320.54715625 12.7125 15.292625 0.981867790222
689.4513125 453.4048125 14.4518125 16.95040625 0.981154978275
886.327625 451.952625 11.979375 14.587375 0.981088519096
790.3955625 385.6975625 12.9915 15.99646875 0.980562031269
422.866875 417.66996875 12.5853125 16.1704375 0.98054754734
863.9139375 297.09609375 11.770625 14.52675 0.980489909649
288.96378125 298.239125 11.98775 13.9761875 0.98045450449
677.4075 386.33009375 12.109125 15.75215625 0.979922056198
409.61215625 272.11928125 12.3815625 14.89540625 0.979098558426
369.7319375 351.78884375 13.4099375 16.38240625 0.978250801563
755.8810625 246.149828125 11.4355 14.12825 0.978164851665
548.2326875 392.10228125 13.3758125 16.64490625 0.978143751621
639.8249375 377.37028125 12.026375 14.8639375 0.977628529072
345.0775 269.5268125 11.80021875 14.75575 0.977214992046
42.5588046875 400.09046875 12.4524960937 15.36875 0.977129399776
583.515125 392.45134375 13.50075 16.90165625 0.97685199976
595.1673125 424.51578125 12.4005625 15.874875 0.975634992123
412.0598125 322.48290625 11.665875 13.9826875 0.975173354149
824.1994375 418.25565625 12.3488125 15.26159375 0.9746504426
607.9664375 375.10515625 13.489375 16.568625 0.974455714226
829.01375 449.09884375 13.63 17.35659375 0.974197030067
405.09171875 448.89025 13.3658125 17.33584375 0.973917424679
510.40228125 452.75859375 12.99834375 16.80459375 0.973402917385
441.469875 447.855875 13.39159375 16.87915625 0.972943305969
926.337 386.38421875 14.226125 18.20425 0.972536623478
698.6198125 245.280234375 12.1658125 14.377671875 0.971301078796
820.2888125 354.13965625 12.80675 15.29403125 0.97118806839
764.656125 427.28878125 12.33475 15.46578125 0.970228910446
450.80678125 292.7913125 12.9379375 15.55984375 0.969976365566
762.7199375 269.8573125 12.2199375 14.96025 0.969364523888
335.98765625 427.7701875 11.55259375 14.7378125 0.969116210938
308.11 271.43453125 11.478875 14.40203125 0.968290984631
469.77571875 392.92178125 13.19846875 16.21875 0.968034565449
911.5705625 297.61975 12.9140625 15.12803125 0.968010783195
149.737546875 327.258875 12.583203125 15.2865625 0.966878652573
901.3125625 347.01478125 14.6290625 17.0866875 0.966490864754
157.6576875 394.78803125 13.08775 16.3146875 0.966479182243
887.8475625 281.4216875 11.667875 14.11821875 0.966447889805
84.3284140625 424.4420625 14.6084140625 17.7078125 0.96618437767
804.193375 420.2191875 12.563 15.6015 0.965884804726
267.439875 354.72509375 11.5390625 15.04803125 0.965699076653
525.721 346.1718125 12.6893125 14.99128125 0.965641975403
543.981875 419.85678125 12.1616875 15.582875 0.96528917551
549.15175 294.3731875 13.123625 15.54703125 0.964646100998
501.23546875 262.85303125 11.89115625 14.14446875 0.964005708694
208.554 327.6724375 12.18209375 14.450375 0.96242171526
510.4173125 237.269984375 11.8104375 14.43015625 0.960737347603
748.6614375 379.44671875 12.74 16.030625 0.960486114025
76.0714140625 451.35334375 14.575859375 17.468 0.959583640099
719.6956875 448.175 14.1785 17.29534375 0.958666622639
278.7201875 419.989875 14.61865625 17.85034375 0.958577990532
507.64815625 411.651125 13.7886875 16.903625 0.958107948303
330.4284375 245.571953125 11.94715625 14.694328125 0.957409858704
476.49571875 423.20528125 13.592375 17.08190625 0.955932617188
691.2474375 420.32478125 14.039 18.119125 0.954326570034
466.61925 353.91928125 12.9136875 15.71259375 0.954306304455
303.55378125 296.39825 11.30121875 13.8701875 0.951519548893
351.552 351.9655625 12.3299375 14.84640625 0.951392531395
270.43696875 271.8550625 12.7165625 16.4163125 0.94966417551
880.315625 359.404375 13.28325 15.82765625 0.94966083765
607.6745 271.32259375 11.6384375 13.7325 0.949292242527
718.320625 303.81575 11.893375 14.65315625 0.948936402798
45.68075 363.3413125 11.8627734375 14.521375 0.948667645454
381.78303125 294.926125 12.35521875 15.27534375 0.947978317738
958.252375 425.7186875 13.312 16.37384375 0.947971880436
277.41546875 395.10846875 12.7995 15.86809375 0.947066247463
376.16478125 321.83928125 13.3231875 15.5898125 0.946700692177
864.3820625 387.3036875 11.92425 15.56728125 0.946338355541
229.2305 270.41778125 11.73803125 14.56525 0.943223357201
425.942125 270.3896875 11.93153125 14.53884375 0.942552089691
393.8280625 322.4330625 12.02265625 14.17346875 0.942007958889
198.32328125 245.558234375 11.3465 14.22590625 0.941978096962
280.15859375 355.92675 11.87009375 14.273125 0.94184833765
507.3056875 390.158 14.41875 17.1349375 0.940150260925
690.4036875 346.331375 13.0606875 15.54125 0.939074516296
241.884625 325.79946875 12.722359375 15.84590625 0.938411295414
139.705453125 358.08621875 13.19684375 15.69415625 0.937502145767
209.24103125 271.913 12.352515625 15.27725 0.936473786831
256.43121875 383.529625 13.4804375 16.4509375 0.933785796165
819.02225 245.3035 11.993875 14.681703125 0.932460308075
93.28690625 329.128375 12.2397421875 14.88875 0.930127084255
222.10715625 421.0338125 12.912703125 16.05890625 0.929809689522
221.48565625 355.4096875 12.691171875 14.94875 0.928920686245
354.291 322.1655625 13.6076875 16.22559375 0.925872445107
196.95378125 393.43415625 13.08678125 16.52684375 0.922871232033
795.8619375 352.16253125 12.02175 14.41275 0.922278404236
553.7538125 238.4159375 11.0151875 13.9219375 0.921631395817
633.0083125 346.3440625 12.5040625 14.96034375 0.920209825039
247.859046875 270.46115625 11.30440625 14.073375 0.91989248991
700.8101875 303.46359375 11.8486875 14.55065625 0.919056892395
733.68225 244.40278125 11.7235625 14.725203125 0.916869699955
823.81025 296.34234375 12.4265 15.1399375 0.91582930088
256.302421875 452.66875 13.510984375 17.099875 0.914216637611
389.82696875 270.23584375 12.0424375 14.89725 0.913796782494
290.95075 448.9109375 13.5914375 17.3070625 0.913530707359
185.40125 459.2485 12.30234375 15.483 0.912485599518
883.9513125 297.4998125 12.4160625 14.50453125 0.912146091461
312.22096875 399.66046875 13.32671875 15.80184375 0.911800146103
642.290125 238.906125 11.8845 13.883234375 0.910356879234
476.34878125 453.341625 14.20515625 17.21478125 0.907441616058
741.6046875 350.94371875 12.8155625 16.006125 0.906978607178
700.7449375 391.52571875 13.834 17.38740625 0.906724214554
189.309703125 273.493 12.691796875 15.28925 0.903302669525
324.4243125 272.4296875 11.42759375 14.05 0.902704119682
411.18128125 247.95353125 11.78403125 14.2805625 0.901813328266
406.01784375 351.098625 12.476625 15.870625 0.897375822067
27.5158613281 387.5225 12.1954707031 15.65553125 0.89665210247
795.440625 448.70421875 12.8990625 16.3945 0.896180510521
774.701 392.369625 12.604 14.717125 0.892080366611
425.27409375 389.85471875 13.89265625 16.80903125 0.890818417072
777.53275 351.2516875 12.5411875 14.91446875 0.890524089336
496.683 302.7986875 12.65803125 15.45428125 0.887296140194
802.891375 295.5538125 12.4225625 14.7873125 0.879920065403
291.379 271.7803125 11.8495 14.65146875 0.879342496395
737.28725 294.14921875 12.343125 14.84103125 0.878903746605
39.5458007813 328.63953125 11.8769179687 15.0538125 0.877935051918
469.52234375 320.5180625 12.5575625 14.99259375 0.875218868256
221.093453125 245.440375 11.971125 14.412046875 0.87459653616
674.16775 268.15271875 12.707625 15.5918125 0.872466802597
848.2045 419.08684375 12.7615625 15.5064375 0.871908605099
716.4454375 346.96940625 12.6730625 14.8806875 0.869104683399
282.09346875 222.493328125 10.99065625 13.076921875 0.868911683559
471.52753125 288.60246875 12.91815625 16.000125 0.868546485901
26.8232207031 363.6905625 11.9507949219 14.275375 0.867336034775
303.2490625 352.8400625 12.25846875 14.90865625 0.866796255112
566.41775 326.43271875 12.6820625 15.42059375 0.865678548813
812.316875 391.27353125 12.8349375 15.4824375 0.865597844124
547.076625 451.880625 14.0474375 17.23034375 0.863571107388
854.844125 252.725546875 12.342 14.720203125 0.862865746021
449.66815625 381.4146875 14.8823125 17.74534375 0.862064898014
382.14878125 244.840171875 12.31296875 15.594078125 0.858777582645
619.0788125 418.5105 12.9563125 17.1576875 0.858431816101
819.5959375 326.2025 13.023625 16.10765625 0.856452703476
487.94690625 319.14746875 12.675125 15.7023125 0.852970123291
619.249375 240.8563125 11.80925 14.59665625 0.851365804672
230.84353125 221.3919375 11.322203125 13.8063125 0.849994301796
75.529078125 303.98675 11.865453125 14.42346875 0.846292376518
548.5185 325.66975 13.042375 15.9150625 0.846131324768
295.394125 322.72096875 12.4215 15.28434375 0.84599262476
239.96646875 394.420625 12.595359375 15.7768125 0.839269340038
609.22975 325.76146875 13.1468125 16.1244375 0.835743963718
449.48021875 419.1031875 13.949625 17.55446875 0.831413269043
80.4355859375 393.09371875 12.867265625 15.85696875 0.829219162464
336.58340625 222.5076875 10.90675 13.280828125 0.827317655087
91.9256171875 362.5391875 12.90221875 14.97903125 0.824956595898
146.199953125 459.82596875 14.14934375 16.7694375 0.822701156139
596.7964375 296.444 12.6729375 14.3111875 0.819935381413
569.6515 221.77221875 10.6995625 12.7875 0.818721413612
864.17725 278.2290625 12.0461875 14.4074375 0.815533339977
99.8525625 301.0090625 13.141515625 15.324875 0.813863694668
824.23375 385.777625 12.7473125 16.7596875 0.813761770725
121.503890625 451.88646875 12.377234375 13.776625 0.808467924595
362.45815625 418.71015625 14.91828125 17.73815625 0.808096408844
473.6725625 247.17484375 12.00978125 14.698640625 0.807965815067
569.271125 296.98353125 13.8066875 16.4474375 0.807899653912
516.2049375 296.54584375 12.0109375 13.63753125 0.806897640228
519.35696875 268.0308125 12.02259375 14.79203125 0.805236160755
456.28775 239.873625 11.84153125 15.547125 0.804345667362
185.503 247.2591875 11.06375 14.125078125 0.802597463131
