12--Group/12_Group_Group_12_Group_Group_12_165.jpg
13
550.4425 92.57834375 41.46575 57.2275625 0.999275743961
52.2379609375 192.247453125 42.7496875 57.51653125 0.998973369598
695.144125 254.47475 46.9156875 54.69459375 0.998870909214
680.61475 110.331148438 44.0459375 55.4868203125 0.998762607574
918.023875 235.265984375 46.731125 60.967046875 0.99874997139
787.9111875 230.1584375 43.159625 55.512625 0.998692333698
508.278875 202.6503125 50.255875 69.02859375 0.998317956924
606.74725 181.30065625 47.2938125 63.20984375 0.998250067234
442.61384375 205.241046875 43.85315625 56.707734375 0.998049378395
185.5815 233.88609375 45.325546875 57.59634375 0.997530281544
315.288375 212.15725 43.48628125 57.85978125 0.997371554375
252.13875 123.0889375 39.2558125 50.824984375 0.997122943401
408.81853125 125.571171875 41.228 49.508640625 0.997040688992
