12--Group/12_Group_Team_Organized_Group_12_Group_Team_Organized_Group_12_283.jpg
62
735.5578125 230.200515625 19.6586875 23.824890625 0.99992120266
440.68553125 330.07415625 22.14978125 28.7151875 0.999526381493
147.6225625 252.971828125 18.03715625 21.719828125 0.999389410019
334.5668125 241.38425 18.66884375 21.560765625 0.999346911907
359.81671875 340.3889375 23.2271875 28.48846875 0.999313354492
390.20775 258.969953125 20.53140625 23.329140625 0.999302387238
359.11371875 244.45740625 18.378 22.730375 0.999241352081
520.9396875 221.629015625 18.761625 20.82784375 0.999202668667
431.64259375 245.492734375 23.98096875 31.277265625 0.999201714993
235.2936875 347.03590625 25.035921875 31.902 0.999185860157
558.9735625 239.262453125 23.18875 28.399109375 0.999178826809
63.9910546875 320.455625 25.713453125 30.06 0.999107182026
800.0311875 241.70109375 19.5813125 23.61190625 0.999097585678
176.023203125 227.302890625 14.77759375 18.300453125 0.999005019665
480.35546875 215.5808125 18.9416875 22.518703125 0.998898267746
248.512671875 234.3470625 15.882984375 18.33025 0.99879103899
825.7681875 247.356234375 19.807 26.010015625 0.998786389828
135.380796875 333.00346875 26.42625 31.932125 0.998696982861
768.635125 244.999796875 20.1339375 25.106890625 0.998678386211
296.65825 348.6848125 22.47590625 27.87840625 0.998392879963
709.29875 244.506265625 19.0036875 22.031171875 0.998295485973
233.36396875 256.238109375 23.796734375 29.968765625 0.998196542263
668.124875 235.38403125 18.4851875 21.556796875 0.998081088066
264.6173125 248.476609375 21.34165625 26.663015625 0.997552216053
385.51778125 228.702296875 19.67128125 24.00009375 0.997523009777
136.260796875 237.49334375 16.69 19.211859375 0.997458517551
204.635671875 239.68709375 17.752953125 21.075671875 0.99712485075
302.028 251.231046875 17.91275 20.798296875 0.996498942375
477.431375 267.4945 22.55146875 28.7710625 0.996384382248
96.687640625 260.850234375 19.7974140625 22.830765625 0.996371626854
653.4343125 259.4696875 19.7820625 24.58696875 0.996189773083
844.8954375 246.818796875 21.144 29.091515625 0.996183812618
467.77671875 234.05690625 19.6773125 22.287453125 0.995925545692
734.659875 285.67365625 19.8585625 24.98678125 0.995846569538
69.0182578125 232.990203125 21.7766015625 29.77228125 0.995329737663
671.74975 355.96340625 22.0573125 27.88190625 0.993686258793
671.115375 269.9379375 21.9174375 28.41996875 0.992382228374
890.0535 267.97784375 20.3674375 25.03084375 0.992256999016
518.7470625 346.74025 22.507375 27.13221875 0.992127895355
586.48275 235.89634375 21.9348125 29.452125 0.991996943951
317.461875 220.487078125 14.91609375 18.254515625 0.991982161999
414.229875 244.094453125 18.06871875 21.635734375 0.991408288479
613.2199375 232.748828125 21.2864375 28.06340625 0.989587068558
459.30040625 250.27746875 20.77225 27.573 0.988461732864
573.90125 358.868125 22.9448125 26.59825 0.988352954388
305.57159375 265.2688125 21.208875 27.33159375 0.985914349556
624.7056875 258.28871875 20.7923125 27.87740625 0.985686123371
110.155828125 237.0488125 19.5434921875 20.710546875 0.983753502369
521.1640625 259.867796875 17.6489375 23.579265625 0.982509016991
354.14296875 263.72865625 20.9635625 26.780875 0.982264876366
282.53903125 232.36721875 19.145125 22.750515625 0.981587231159
330.25303125 260.74190625 17.9096875 23.17275 0.979322910309
217.458375 229.577390625 18.441984375 21.31615625 0.978897690773
177.554546875 262.3965625 19.426765625 23.21915625 0.978327691555
541.7500625 249.630703125 14.792625 21.211703125 0.970112204552
645.637875 234.784515625 14.101875 17.50296875 0.967230021954
525.499625 244.177859375 18.1214375 20.760296875 0.96561050415
699.3994375 230.199625 15.84525 19.7053125 0.965513348579
951.860875 266.774 18.884875 20.6415 0.945579707623
362.91090625 230.19471875 15.296125 17.649125 0.919465065002
305.590125 233.58759375 16.8378125 18.87859375 0.916273355484
632.0724375 243.56590625 16.510875 20.0650625 0.893746852875
