12--Group/12_Group_Large_Group_12_Group_Large_Group_12_72.jpg
10
495.25103125 220.416671875 63.86840625 84.399390625 0.999483108521
287.033625 104.325257812 49.109625 61.9055546875 0.999391317368
539.0586875 464.6578125 53.0863125 63.2934375 0.999312758446
354.27121875 466.63578125 56.820125 71.94265625 0.999151349068
616.0105625 234.489953125 46.893625 57.951703125 0.999098658562
404.42484375 177.931265625 57.503625 70.131875 0.998909592628
215.446390625 261.7978125 57.730390625 70.564 0.998722136021
672.3140625 133.216125 55.5768125 72.729421875 0.99864000082
710.4838125 373.95521875 57.4361875 72.94925 0.998499631882
453.11284375 348.7966875 46.96196875 53.3800625 0.996432065964
