12--Group/12_Group_Group_12_Group_Group_12_10.jpg
13
80.446125 304.5318125 68.616890625 82.9485 0.999542117119
377.9273125 145.207953125 53.40734375 63.27478125 0.999382734299
289.443875 339.636625 63.1019375 81.7241875 0.999259293079
543.3335625 105.230546875 49.050375 64.43959375 0.999224185944
84.6609375 111.1915 65.90246875 80.309796875 0.99898225069
853.2986875 336.32534375 79.4043125 101.16303125 0.998945534229
670.049625 327.6155625 62.5085625 83.43303125 0.998927414417
681.6204375 122.471359375 57.69825 71.646984375 0.998840153217
246.60121875 116.708101563 59.26371875 75.7607578125 0.998696744442
554.8375625 390.41434375 61.4631875 77.84659375 0.998587906361
772.1049375 94.1663984375 54.0941875 71.8289921875 0.998439729214
912.892875 139.21721875 60.95425 73.8248125 0.998294651508
861.015125 202.876171875 42.051 45.1211875 0.983305096626
