12--Group/12_Group_Team_Organized_Group_12_Group_Team_Organized_Group_12_927.jpg
35
503.78640625 178.97340625 24.58465625 33.801484375 0.999478638172
167.007875 176.20825 37.342 46.4848125 0.999425411224
554.1835 207.64865625 25.5234375 32.408953125 0.999199450016
794.8809375 188.46609375 25.5040625 31.672625 0.999083280563
581.1074375 181.274875 22.555625 29.232765625 0.999056875706
288.5759375 171.24490625 27.8044375 35.108609375 0.999020695686
744.5659375 154.031453125 27.5773125 33.18571875 0.999006807804
442.11159375 173.22803125 26.73978125 33.42459375 0.998988568783
123.37903125 189.163265625 28.872734375 39.465078125 0.998970031738
401.95109375 167.69865625 26.054375 30.373140625 0.998872578144
403.57675 196.33484375 28.2315 34.060265625 0.998841226101
1000.4770625 195.940796875 23.4989375 38.115078125 0.998831212521
669.487875 291.59659375 26.409875 34.092625 0.998801112175
526.8951875 182.525421875 22.0215 33.079484375 0.998629450798
346.61596875 179.411125 29.15790625 36.386859375 0.99855619669
969.16725 165.051875 27.3514375 33.55559375 0.998500585556
213.190203125 199.385921875 28.9458125 36.816015625 0.998497962952
583.5531875 274.1993125 28.181375 39.258625 0.998473227024
843.5870625 166.361171875 28.0064375 35.957375 0.998342752457
724.6621875 341.28215625 27.044125 32.36384375 0.998290836811
909.57075 149.19134375 31.0298125 38.12440625 0.998288810253
511.17340625 285.403625 29.43171875 38.1884375 0.998021125793
677.4008125 173.788546875 25.489125 35.043546875 0.997600853443
631.6271875 156.9728125 27.663 33.07803125 0.997530281544
667.25375 371.64684375 28.1146875 37.342 0.997402846813
712.75025 155.4864375 23.214375 28.754875 0.997202396393
478.1768125 154.804765625 24.13821875 27.996828125 0.996800899506
604.29075 210.441484375 23.3253125 29.582296875 0.996482253075
863.6376875 339.96365625 24.3299375 30.7719375 0.996381282806
784.841375 316.912375 24.3028125 31.98446875 0.996130228043
547.232625 175.967828125 22.6543125 28.88878125 0.994679868221
794.8855625 162.015890625 25.0086875 27.4523125 0.994007945061
361.7004375 166.174765625 23.778875 29.63665625 0.989217281342
738.9790625 425.13115625 23.4989375 29.21128125 0.986290156841
811.3825625 338.62378125 23.010875 26.6938125 0.97862714529
