12--Group/12_Group_Group_12_Group_Group_12_354.jpg
11
58.2065234375 42.5772148437 44.1898203125 58.5507851563 0.999252140522
191.4995625 94.8045 45.754890625 59.409109375 0.998499631882
159.061703125 10.0635517578 41.6878125 55.8840107422 0.997797012329
773.3595 96.2660859375 27.1535 33.192125 0.997521102428
281.2455625 40.06125 41.85525 56.9404765625 0.996898770332
466.822375 19.5320546875 21.33440625 29.422296875 0.995318233967
954.7190625 72.3806640625 29.072125 37.7844765625 0.994093358517
555.606 24.5448144531 22.6689375 29.1572207031 0.992786109447
669.8093125 29.5986757813 18.0715625 25.1401914062 0.985777556896
426.05609375 65.2313515625 21.73559375 28.37225 0.9635810256
738.8260625 33.9461757812 15.0445625 19.6398359375 0.950010299683
