12--Group/12_Group_Group_12_Group_Group_12_101.jpg
8
477.86671875 125.856835937 51.77334375 61.4379453125 0.999612390995
660.5190625 129.655710938 54.647875 63.8543671875 0.999573647976
349.0250625 211.82884375 52.54 62.083375 0.999558985233
320.9434375 144.918875 49.9430625 60.7055625 0.999514222145
829.480125 141.624078125 52.0824375 68.824125 0.999423623085
518.16465625 187.910640625 51.83103125 67.80640625 0.999289751053
731.7511875 227.625078125 49.6771875 60.428984375 0.999270021915
167.869265625 439.47796875 49.229765625 69.624 0.998582959175
