12--Group/12_Group_Group_12_Group_Group_12_935.jpg
277
606.6160625 93.214 19.1709375 20.967484375 0.999418377876
696.6148125 149.9458125 17.2494375 24.76884375 0.99940431118
441.46803125 59.4068007812 17.57615625 25.1553945312 0.999321103096
56.191984375 35.8128984375 18.4158203125 20.5753046875 0.9992608428
222.115828125 160.215640625 16.66090625 23.751390625 0.99920541048
719.1895625 131.583234375 17.7944375 23.975609375 0.999144434929
735.863375 233.663140625 17.909 23.98675 0.999107062817
327.14940625 60.2471015625 19.127375 23.7513671875 0.998965740204
614.770375 256.7579375 19.3650625 21.776875 0.998830378056
719.249 31.9478339844 18.533875 23.8350527344 0.998686850071
662.524625 62.4701875 18.039375 25.017453125 0.998621702194
718.421125 350.49696875 19.3673125 24.68834375 0.998590171337
404.5573125 559.7225 20.9455 28.36625 0.998337388039
262.37153125 252.9424375 18.629125 21.5205 0.998328030109
980.16 151.877625 17.4639375 23.691109375 0.99814927578
613.263625 492.6869375 23.4545625 30.3806875 0.998137712479
648.8019375 561.458625 22.2203125 28.2225625 0.998033463955
781.8723125 561.1158125 21.8930625 28.5035 0.997846603394
988.7795625 195.98203125 19.5374375 22.058859375 0.997827231884
753.089875 664.6311875 21.99475 30.1593125 0.997794508934
250.9885625 632.3585625 20.76996875 24.4831875 0.997667491436
262.409375 411.3474375 22.06059375 28.627125 0.997342526913
242.4289375 454.07340625 19.349171875 22.95765625 0.997340500355
598.74925 528.789875 22.2601875 27.4504375 0.9973320961
1004.52075 461.890375 19.45525 32.55040625 0.996889293194
628.0375625 4.07622851562 17.6531875 22.1961835937 0.996784329414
111.623484375 186.211921875 20.3330390625 23.672296875 0.996778786182
943.391875 421.44759375 23.17825 32.0108125 0.996513068676
570.418625 222.0988125 18.5245 23.4059375 0.996499061584
631.6373125 639.671 21.7808125 28.8690625 0.996440708637
203.944515625 601.7015625 21.483203125 28.3440625 0.996425569057
299.74865625 157.002734375 19.2968125 23.56671875 0.996417045593
614.1491875 286.5316875 19.213125 24.1760625 0.99624568224
761.953 420.7753125 22.5815 28.8091875 0.996223092079
548.380625 91.83953125 18.678625 23.9189921875 0.996131658554
235.168 321.005375 19.662265625 23.97690625 0.996095955372
695.652875 594.572625 24.884875 30.68825 0.995944440365
143.424 599.0880625 21.717625 29.0048125 0.995907306671
719.299625 557.843875 22.0103125 27.8683125 0.995790779591
523.125875 392.44946875 19.35575 24.5614375 0.995746314526
112.8921875 534.7549375 19.590859375 25.033 0.99566167593
869.9105 461.5275 20.7509375 27.12903125 0.99565756321
435.18325 493.8065625 18.1448125 23.416625 0.995464622974
620.963375 427.50953125 19.50575 24.80584375 0.995447814465
172.85984375 666.016125 22.52409375 26.6576875 0.995380997658
20.3628398437 604.761125 22.5727109375 29.424375 0.995155930519
904.6300625 558.7914375 21.4071875 28.9148125 0.995134532452
204.809578125 289.6943125 18.73784375 24.2683125 0.994931280613
949.066125 94.6715546875 18.5434375 21.70715625 0.994917035103
845.1898125 528.6835625 21.55275 26.9349375 0.994896948338
816.2131875 429.3683125 22.68325 27.66596875 0.994840323925
821.37825 91.8248203125 21.482625 28.0716015625 0.994745969772
134.416328125 278.6164375 21.144859375 28.48659375 0.994681298733
114.277804687 487.43021875 17.0686328125 24.823625 0.994645595551
48.6995664062 527.5516875 19.6831054688 22.15075 0.994583308697
724.8905625 508.9049375 21.4259375 29.7510625 0.994557738304
676.0570625 490.2945625 23.498125 29.802375 0.994552314281
366.63546875 91.699171875 19.1164375 23.9922578125 0.994456887245
67.6014375 319.17884375 22.091 28.493625 0.994377911091
226.344859375 348.69321875 19.52696875 23.12171875 0.994310617447
635.9971875 192.07534375 18.9745625 23.67384375 0.994214951992
625.348 663.756125 21.938625 29.3493125 0.994172036648
153.26109375 566.205875 19.821015625 24.8713125 0.994032204151
98.1637578125 356.87578125 18.9406015625 23.90321875 0.994016647339
574.1645625 392.75459375 22.0095 27.3841875 0.994007468224
881.3941875 118.3295625 19.752625 23.98615625 0.99400383234
318.87975 426.84428125 19.09775 23.5338125 0.993956565857
411.78859375 168.5218125 17.96234375 21.6413125 0.99393081665
917.1210625 499.90075 23.3754375 30.7013125 0.993825078011
949.414875 611.4253125 21.9823125 28.041125 0.993810236454
894.493 635.0291875 21.772375 27.86275 0.993691086769
652.4599375 311.20053125 22.37875 28.0135625 0.993535757065
542.3638125 319.35653125 22.0568125 27.506875 0.993505001068
17.8103984375 561.848875 21.7300429687 28.5295625 0.993495941162
64.5314375 157.58153125 19.6852734375 24.4259375 0.993298768997
532.2038125 528.19525 19.3536875 24.8086875 0.993243277073
483.12659375 115.416578125 19.44621875 23.87825 0.993242800236
357.13475 193.473546875 18.109375 20.787671875 0.993176579475
737.615 454.22928125 21.1665625 27.556375 0.993163585663
0.0 634.8711875 19.2334589844 29.6188125 0.993139088154
146.14871875 84.11059375 18.545859375 25.429671875 0.992973923683
542.3100625 488.1673125 22.349 27.2785 0.992901086807
463.7881875 561.5043125 22.085 28.8076875 0.992874860764
873.8528125 425.0868125 22.8015 28.95475 0.992824077606
360.61759375 482.4908125 22.26415625 28.6754375 0.992754161358
631.274875 379.4671875 23.788125 27.7408125 0.992718458176
214.21725 1.03004467773 16.668203125 20.4825588379 0.992240309715
363.200125 116.718984375 21.2859375 28.2920625 0.992011964321
474.931625 323.2360625 19.79034375 21.4425 0.991751372814
462.6633125 529.8583125 22.65871875 28.02725 0.991720795631
808.8903125 455.8258125 21.3535625 28.72953125 0.991587221622
411.27309375 349.184375 21.49871875 28.20959375 0.991583406925
279.99675 561.75075 21.164625 27.8705625 0.991461753845
833.6225625 318.433 19.6345625 24.0226875 0.991196036339
940.9118125 377.55559375 19.7636875 24.57896875 0.991084456444
580.3853125 608.7843125 19.16975 24.3233125 0.991013467312
800.200375 231.613 18.9455 22.1181875 0.990871727467
221.87353125 524.4813125 22.563859375 28.7425625 0.990624129772
701.7645 391.3910625 19.4754375 25.0804375 0.990585744381
112.905195312 673.180625 20.4727109375 23.4731875 0.990580379963
742.500625 259.357734375 19.596875 24.420078125 0.990316867828
148.11353125 388.46940625 21.77121875 26.3204375 0.990309774876
807.92875 663.5795 21.76 27.7508125 0.990280866623
522.47365625 611.11475 20.16209375 22.6825625 0.990168213844
654.8245 116.631875 18.955 25.074125 0.990151166916
764.4208125 640.48625 21.7303125 26.6665 0.989948987961
649.4083125 160.6359375 18.1315625 20.989921875 0.989931702614
74.43453125 600.8104375 20.795953125 27.8855625 0.98969578743
386.411125 640.0060625 20.92878125 28.191875 0.98966562748
293.9649375 494.09271875 19.49953125 24.95090625 0.989655256271
595.228375 348.59446875 21.9311875 27.45559375 0.989536643028
534.7713125 353.697875 20.8919375 28.77196875 0.989450991154
241.325609375 663.1808125 22.203078125 28.678625 0.989419341087
122.891007813 631.174125 21.3754453125 28.716125 0.989389240742
892.091125 321.057625 19.8245 23.84134375 0.989100158215
590.420125 161.2988125 19.014375 23.112140625 0.989098191261
561.5130625 423.672625 20.5691875 23.9630625 0.989046871662
499.89303125 65.3729609375 19.061 22.898296875 0.989037573338
829.81 606.104 22.1741875 27.4336875 0.988825261593
32.3819375 89.1460546875 18.7367929688 24.949234375 0.988305687904
514.26571875 185.611203125 19.04928125 24.842984375 0.988298118114
832.175625 384.9274375 20.1401875 25.12359375 0.987856864929
888.75675 663.6400625 21.786125 29.1418125 0.987697064877
218.590953125 570.259375 18.752875 24.415 0.98742723465
169.631796875 539.0523125 18.94578125 23.408375 0.987241983414
950.0376875 319.157625 22.681875 26.4529375 0.987005233765
37.8029609375 354.26765625 19.8487929687 23.63484375 0.986591100693
890.765125 89.7661953125 18.1469375 24.772140625 0.986506938934
987.114875 245.500515625 23.1380625 27.456671875 0.986489534378
263.1843125 112.109414062 17.00659375 21.1701171875 0.986310362816
375.63 656.3014375 22.002375 31.011625 0.986106157303
303.2918125 283.79690625 21.449875 27.74225 0.985997915268
83.597375 570.8678125 22.555328125 27.342125 0.985822141171
356.86434375 279.93821875 19.23603125 23.9281875 0.985743820667
685.473125 452.46309375 22.734 27.19175 0.985617935658
686.7543125 217.437140625 21.99375 27.71459375 0.985408365726
177.587421875 316.85878125 19.04246875 24.81859375 0.985341012478
937.81 468.5630625 21.3650625 28.1143125 0.985157907009
120.792445313 152.862390625 22.4244609375 28.315140625 0.985067903996
206.135984375 93.4635859375 17.719546875 23.626296875 0.984930515289
155.983078125 349.926625 21.7133125 27.9793125 0.984865665436
9.62487597656 161.05875 18.1985751953 22.928359375 0.984802305698
852.7114375 21.3946835937 20.760375 28.2971601562 0.984624505043
409.89734375 524.6754375 21.84225 26.7080625 0.984556913376
284.9233125 348.58403125 19.47140625 23.88565625 0.984517872334
509.661125 422.655 23.4535 27.8666875 0.984429597855
783.996125 287.30334375 18.5925 22.51821875 0.984254956245
755.659625 177.07234375 21.6095625 28.34678125 0.984004735947
342.60121875 385.426875 19.6145 25.08675 0.983967244625
771.4256875 128.9554375 18.5408125 23.417765625 0.983857929707
556.67525 286.111125 21.6085625 28.52353125 0.983638286591
860.8183125 486.3104375 21.4366875 27.31628125 0.983544886112
52.0747890625 674.80475 22.8403125 28.914375 0.983525753021
92.1708046875 85.3003125 20.6150859375 28.2583359375 0.982966303825
902.7174375 60.5443320313 20.0171875 27.9230429688 0.982860445976
771.6929375 323.18903125 18.567375 22.679625 0.982441008091
358.23615625 323.4754375 19.93225 23.07996875 0.981817662716
911.037125 529.66675 21.6735625 27.3096875 0.981673240662
563.2593125 463.871875 19.994875 23.1615 0.981394052505
299.5870625 192.644484375 18.0051875 22.33140625 0.981127619743
552.8921875 670.458 20.28225 22.4153125 0.981077373028
688.6498125 185.550640625 21.4891875 27.28925 0.98105442524
958.3013125 65.8402109375 17.9873125 21.3489453125 0.980956554413
469.91953125 158.088203125 21.4819375 28.1226875 0.980928122997
136.90084375 120.826 18.957796875 22.040578125 0.980749249458
337.07178125 24.3628359375 22.92421875 28.6831953125 0.980193197727
1008.3165625 119.810710938 15.6594375 29.1157578125 0.979993462563
759.6959375 378.300875 21.82625 28.3491875 0.979912757874
793.61325 491.826125 19.4671875 23.86675 0.979843854904
113.133523438 317.232375 18.9258046875 21.90278125 0.979574382305
443.317 408.502625 19.3065625 23.30015625 0.979481220245
614.0356875 62.70928125 18.0805 24.6091796875 0.979118108749
612.588375 457.77353125 22.82525 28.0519375 0.979102551937
61.57015625 637.0696875 21.8163125 28.7249375 0.978975713253
846.146375 221.6686875 22.5700625 24.987359375 0.978858292103
923.129375 242.311921875 21.5855625 29.442140625 0.978140115738
0.0 48.0419296875 17.7720195312 25.09553125 0.977921545506
429.83290625 292.1025625 20.014875 22.645625 0.977542638779
742.166875 0.0 18.06975 19.5055058594 0.977168798447
553.9661875 258.319171875 19.7836875 23.769046875 0.977140188217
925.6228125 0.0 19.2524375 19.2877597656 0.97651809454
356.2116875 350.34825 21.43540625 29.46490625 0.976392507553
392.35815625 58.02703125 21.6034375 29.061390625 0.976325571537
339.0573125 560.3071875 21.64090625 28.8014375 0.975016713142
568.85575 201.52059375 20.5576875 22.2371875 0.973940730095
661.056375 539.8394375 19.443 21.4565 0.973717570305
51.6055664062 190.71409375 20.6745820313 27.16790625 0.972953081131
508.4460625 0.0 23.1265 22.1759433594 0.972876131535
455.2750625 0.0 21.276625 28.3923164062 0.972857415676
427.09903125 117.140109375 18.61965625 22.97678125 0.972622692585
245.8496875 133.4300625 17.1425625 20.730765625 0.97221404314
770.8979375 603.879125 21.8635625 26.742375 0.971206784248
484.1083125 95.858015625 19.22884375 21.5142734375 0.97043544054
379.90634375 418.77553125 21.08065625 29.020625 0.970331192017
0.0 488.653 16.1915800781 23.98634375 0.969993114471
217.894921875 382.56159375 21.874625 28.75634375 0.969500303268
357.7746875 152.832921875 18.434125 24.442328125 0.969399690628
959.3409375 349.03521875 22.70675 28.0540625 0.968966901302
462.68709375 384.6554375 21.80253125 28.47309375 0.968377172947
510.48678125 626.852125 22.58796875 29.5290625 0.968272805214
397.652875 381.7270625 22.24315625 27.628 0.96791523695
974.3013125 524.93 22.5878125 27.049 0.967677533627
830.390375 351.6375 22.171 27.2215625 0.966781258583
933.2998125 150.228 18.42475 21.297421875 0.966514348984
617.42525 218.06284375 21.5216875 27.86940625 0.965851306915
279.10109375 388.94434375 20.17290625 22.65703125 0.965003788471
586.4143125 563.29475 22.0803125 26.8020625 0.96475726366
684.86875 671.3333125 19.6353125 23.9596875 0.963116705418
39.9682929687 394.297375 19.42071875 24.32125 0.962852954865
441.918375 648.089375 18.92940625 24.8578125 0.961939275265
191.979625 637.8765625 21.4641875 28.9976875 0.961062610149
190.072796875 0.0 18.53409375 19.0286757813 0.96019077301
217.13828125 63.5577539062 18.751765625 22.4105742187 0.95986700058
703.635125 285.62234375 23.067 27.2914375 0.959246754646
275.9985625 600.02925 19.48871875 23.269 0.958334326744
295.8001875 322.4638125 19.02625 21.89415625 0.958071947098
669.2106875 91.8342265625 17.60225 23.7682890625 0.956959009171
942.676375 687.4085 23.0455 18.1035 0.956485033035
124.06103125 17.5496113281 18.729765625 24.7049121094 0.956172645092
696.375375 642.7644375 23.5714375 27.057 0.955103814602
746.0775625 494.33375 21.886375 27.12728125 0.954900920391
17.8616308594 107.41603125 21.3089355469 27.560171875 0.954079627991
894.2800625 608.4745 21.121625 26.4481875 0.952762842178
975.2706875 225.195234375 22.8965625 27.57971875 0.952430307865
325.59771875 599.6801875 18.949 23.00425 0.952028930187
919.87675 216.81146875 21.3953125 27.382171875 0.949574649334
21.3873046875 457.68359375 20.1085273438 22.49953125 0.949138104916
683.7548125 6.97561230469 19.346375 22.5061279297 0.948719799519
804.062875 0.0 18.5444375 20.8345019531 0.948306977749
570.485375 645.317125 17.771875 21.9423125 0.946142077446
305.0978125 127.613109375 18.678625 21.016203125 0.944824814796
1010.41 388.26709375 13.566 28.84153125 0.944618999958
489.1780625 291.27115625 20.47590625 22.5290625 0.944367647171
999.394625 676.80875 23.0929375 26.335875 0.943943500519
843.36425 555.6425 22.261375 28.2305625 0.943322777748
897.0375 362.95721875 21.79275 27.99990625 0.942550837994
418.453625 96.7091640625 18.9109375 23.2998828125 0.941450893879
669.2261875 357.1873125 17.757125 24.29840625 0.939848661423
475.4538125 346.58775 20.63996875 29.25328125 0.936971902847
39.4894648437 269.48709375 17.7237265625 21.9314375 0.933372914791
181.567375 173.320265625 20.919578125 27.254484375 0.931346714497
8.39628613281 0.0 16.0071298828 15.7883564453 0.930744349957
506.03684375 456.00271875 22.52153125 28.51009375 0.928156077862
234.860203125 489.3763125 18.6614375 21.93403125 0.924026072025
362.0948125 0.168621582031 21.26884375 26.9366088867 0.922244548798
632.504625 606.872875 22.907875 26.222875 0.92005866766
943.8495 111.558734375 21.1094375 26.97609375 0.919700264931
530.91825 166.560859375 20.2904375 22.4289375 0.907509624958
913.05275 27.5861933594 19.70625 21.4803964844 0.906488478184
687.951125 423.514375 23.5355 27.32359375 0.906428992748
976.6979375 493.5256875 22.6514375 26.44121875 0.906314134598
285.06371875 30.7041386719 18.17215625 23.1293964844 0.895740389824
75.7804609375 495.2100625 18.1359453125 21.20025 0.893660485744
788.24025 28.6576230469 19.7319375 21.6777910156 0.893472313881
229.4155 197.565953125 18.799375 24.590484375 0.892946600914
781.9028125 530.575 20.1731875 21.9781875 0.890263080597
499.5403125 496.0136875 17.682375 21.532375 0.888847231865
900.737625 292.17253125 18.4704375 22.30196875 0.873109042645
777.574125 350.84028125 16.8601875 21.14640625 0.866957485676
594.538 136.398390625 18.6448125 19.3716875 0.861930966377
385.7086875 203.187375 17.6025625 21.61046875 0.852182090282
967.06075 30.913421875 18.193625 24.22203125 0.85084682703
381.50265625 614.1273125 19.48090625 20.944125 0.84831148386
508.05196875 663.494625 16.8255625 22.2094375 0.842706561089
432.6525625 455.55328125 22.6051875 25.2326875 0.840864062309
826.737375 640.8883125 22.6130625 27.1325 0.83723628521
971.4505625 291.2121875 21.981625 27.4061875 0.835126936436
322.327375 623.083 22.221125 26.9906875 0.833853065968
1004.541875 89.2396640625 17.979 23.73375 0.833678722382
489.0018125 261.583296875 18.26459375 23.102203125 0.832635343075
819.58525 184.06015625 18.692625 20.925234375 0.824762165546
398.9340625 18.7061191406 20.5594375 29.6377167969 0.8243445158
433.2515625 592.795875 22.19634375 27.969875 0.824231863022
822.5774375 65.5546484375 23.3319375 26.1952265625 0.823883116245
325.83540625 255.22021875 14.52571875 18.95128125 0.808882713318
596.884125 316.92575 18.982625 24.20378125 0.806443154812
61.7517109375 0.0 19.528703125 17.5770976563 0.80194246769
