12--Group/12_Group_Large_Group_12_Group_Large_Group_12_315.jpg
78
475.52384375 262.23884375 16.09890625 20.661875 0.999874472618
311.56878125 278.67109375 17.521125 21.78909375 0.999843597412
287.05184375 315.71728125 18.21475 22.42134375 0.999677419662
599.75825 303.10203125 26.925375 32.45978125 0.999599635601
481.2044375 220.349125 13.29815625 16.723046875 0.999406576157
692.8788125 411.11290625 35.895875 41.51865625 0.999392986298
257.467140625 408.98103125 24.659984375 33.78865625 0.999385476112
579.0483125 406.32621875 33.9175625 44.9371875 0.999340951443
395.9663125 258.722359375 15.34659375 18.988859375 0.999322295189
495.0065625 381.023125 31.690875 36.6184375 0.999285519123
354.08859375 279.3256875 16.134375 21.401 0.999204576015
499.28978125 271.810125 16.8070625 20.99353125 0.999186456203
682.7905 275.65578125 27.194875 34.29246875 0.999120891094
367.97834375 360.2324375 25.82253125 31.238875 0.999087333679
386.14340625 289.0054375 16.7793125 22.0456875 0.999039828777
452.49571875 282.59528125 16.1440625 18.6046875 0.998886406422
647.3390625 305.2676875 30.431125 36.772875 0.998879015446
489.69403125 304.71128125 18.05459375 22.413375 0.998818814754
181.125296875 408.7441875 25.272484375 32.26371875 0.998794794083
447.02971875 330.1173125 19.03071875 23.63775 0.998762369156
446.118875 261.92978125 12.58778125 16.30990625 0.998706936836
898.1469375 351.61359375 17.3615 21.22546875 0.998664140701
116.278382812 424.1360625 27.1544765625 33.2620625 0.998478472233
381.606375 269.70503125 15.91203125 18.52221875 0.998364031315
419.62690625 240.22859375 14.47684375 18.37903125 0.998357474804
753.3123125 267.7149375 32.317 39.16246875 0.99819868803
535.3795625 331.70925 22.6509375 28.62684375 0.998141288757
793.2561875 259.01109375 28.1914375 35.4778125 0.99808382988
808.1231875 389.3964375 37.2501875 45.12803125 0.998079419136
554.7759375 237.11284375 14.672 18.652734375 0.997871160507
117.972601563 345.660875 23.6824296875 27.1351875 0.997705161572
156.555328125 340.87940625 22.635796875 27.22825 0.99759966135
186.775015625 340.83371875 22.29240625 28.3791875 0.997548758984
436.11934375 224.992828125 14.300625 18.015578125 0.997497022152
293.36803125 360.76396875 20.26790625 24.9183125 0.996527254581
412.81746875 267.37571875 15.45609375 18.64765625 0.996360003948
479.669125 332.42315625 22.46771875 28.980625 0.995853066444
334.533 380.58815625 22.10484375 29.31346875 0.995658397675
552.5259375 212.7205 12.4505625 15.985296875 0.995032191277
319.48125 322.1581875 18.32765625 23.11553125 0.994153320789
593.7940625 189.156296875 11.3190625 14.457390625 0.993064105511
190.121375 315.92721875 23.0413125 26.26909375 0.992903411388
883.632 419.89146875 20.5561875 24.28065625 0.992447733879
504.9481875 316.934875 19.91771875 25.495 0.992302894592
925.8540625 409.38828125 21.4515 27.68046875 0.992074608803
387.24525 316.063 17.02471875 21.60125 0.991950273514
607.6921875 204.38359375 11.57825 14.236515625 0.991788685322
348.9544375 309.75684375 17.66428125 21.00525 0.991706371307
227.37559375 333.39878125 21.7539375 27.67721875 0.991323709488
536.172375 253.98025 14.6415625 19.23015625 0.99106991291
320.3018125 351.69103125 19.83475 20.97809375 0.990018844604
428.5796875 347.40240625 20.9881875 26.6036875 0.989408254623
580.160375 220.416421875 12.4854375 16.235140625 0.988692045212
495.292625 242.38478125 13.83353125 17.063046875 0.98868560791
610.88275 165.424 11.2374375 14.339328125 0.987921893597
862.6266875 411.12128125 21.8595 27.2715625 0.985810577869
455.6945625 214.78425 12.97928125 16.055515625 0.985546946526
506.4543125 230.165484375 12.588125 15.640171875 0.983009517193
948.40675 449.39478125 22.532125 28.49121875 0.982729673386
571.334375 237.8215625 13.921375 18.773484375 0.981184780598
264.701125 338.96653125 20.8190625 26.03428125 0.981121659279
525.926 235.551 13.602625 15.543296875 0.979773402214
882.2205 395.35790625 19.701125 23.80740625 0.978261828423
497.70803125 214.757625 11.6961875 15.05025 0.977644920349
518.71828125 209.986984375 12.68909375 15.3948125 0.977636039257
207.99015625 338.2274375 21.11809375 27.71259375 0.976398527622
370.08465625 321.46521875 18.7081875 23.4973125 0.974162995815
476.15796875 244.041234375 14.20346875 16.0449375 0.973240852356
534.1604375 211.90365625 12.5581875 16.02628125 0.968652486801
428.5704375 316.5508125 18.46421875 19.20653125 0.959554612637
565.861 199.881734375 11.3034375 13.631296875 0.951539635658
657.459875 183.30596875 12.9615625 16.8668125 0.946534395218
954.24975 385.0303125 18.3711875 21.21921875 0.945866465569
680.43525 164.670125 10.534625 13.937703125 0.935887098312
612.61775 220.050296875 12.57975 15.857390625 0.919449627399
403.50734375 298.5436875 17.93459375 21.5133125 0.884816765785
457.41890625 235.2664375 14.2010625 16.70346875 0.877954781055
595.587 214.76765625 11.648375 14.96590625 0.837217330933
