12--Group/12_Group_Large_Group_12_Group_Large_Group_12_103.jpg
19
637.8000625 142.65621875 27.34375 30.870109375 0.999668359756
914.664875 296.58353125 54.636375 61.13059375 0.999375760555
104.526492187 149.95634375 45.1804921875 53.246140625 0.998573422432
821.733875 166.3103125 23.9369375 33.940015625 0.998558580875
499.95459375 190.290890625 41.13703125 49.047046875 0.998415350914
738.38 131.498078125 22.652375 29.3451875 0.998325169086
310.07465625 189.30653125 42.51146875 55.382875 0.998236060143
772.19625 190.8441875 32.938125 42.718359375 0.998185694218
531.4259375 173.857609375 29.474625 36.719859375 0.998052835464
403.65771875 205.20884375 27.65765625 42.470265625 0.99793279171
296.41534375 161.49403125 23.45471875 33.231625 0.996042966843
399.261625 148.71534375 24.2188125 30.0073125 0.995314836502
485.64271875 310.157875 84.36565625 116.7491875 0.99473887682
508.82553125 127.11596875 21.07771875 26.961578125 0.983966290951
360.782125 133.684328125 21.60046875 27.703640625 0.980397462845
922.081625 180.493609375 20.6536875 32.6623125 0.967553436756
669.9776875 132.763578125 17.498 23.304515625 0.928482353687
318.4520625 126.887132812 17.53303125 24.2400234375 0.923135101795
647.044 227.49225 31.152 54.0630625 0.8968552351
