12--Group/12_Group_Team_Organized_Group_12_Group_Team_Organized_Group_12_60.jpg
16
195.5045625 186.033546875 50.630078125 61.186859375 0.999438822269
658.3939375 115.603039063 59.46275 66.9631015625 0.999375879765
367.84428125 169.416421875 46.02859375 54.98640625 0.999351680279
926.257 0.0 74.7996875 59.0381367188 0.999319672585
594.9018125 152.162046875 40.0385625 45.809921875 0.99925416708
110.667632813 156.87575 47.8596171875 51.60875 0.999248445034
17.271859375 181.616140625 52.8120625 57.200453125 0.999135553837
416.25834375 258.82559375 51.69759375 72.035 0.998953342438
823.6748125 73.778984375 57.7134375 68.797296875 0.998938024044
520.06221875 231.9660625 56.72803125 79.38015625 0.998579263687
185.160109375 150.1835 38.248515625 43.492234375 0.998484551907
445.73459375 171.2995625 36.68128125 45.785484375 0.998215794563
523.8825625 156.58709375 42.1736875 57.874015625 0.998211741447
299.3276875 157.123828125 36.31659375 42.809078125 0.998186647892
655.8953125 185.19334375 53.5086875 69.23721875 0.997774541378
759.0066875 123.762109375 45.14025 45.15975 0.996120989323
