12--Group/12_Group_Team_Organized_Group_12_Group_Team_Organized_Group_12_461.jpg
11
181.62565625 318.4535625 15.34875 21.1393125 0.999868631363
483.46528125 293.26746875 49.85146875 62.90475 0.998811841011
38.2047617187 295.14053125 32.1139648438 41.80984375 0.998101770878
245.991515625 283.88021875 32.262609375 34.3705625 0.997996509075
401.9080625 281.882875 26.9860625 34.61821875 0.996225118637
343.87153125 413.49421875 23.87475 39.15809375 0.991147458553
907.6984375 423.07753125 24.5011875 27.71453125 0.990872085094
633.6780625 291.54721875 28.6911875 38.98596875 0.986770987511
286.2281875 301.88771875 12.71284375 15.9390625 0.978871524334
358.62215625 311.19596875 14.5820625 17.74678125 0.958170771599
313.06421875 306.8521875 12.14428125 14.1795 0.936202645302
