12--Group/12_Group_Large_Group_12_Group_Large_Group_12_461.jpg
8
668.9135625 145.15596875 47.168 58.907203125 0.99948656559
458.46909375 126.210484375 48.46925 59.804015625 0.999338328838
223.465421875 154.356265625 49.012921875 67.12028125 0.99921476841
824.5771875 137.675578125 54.0133125 69.644171875 0.998900413513
592.2366875 115.37346875 48.570125 66.785765625 0.998798727989
128.239539063 169.52621875 59.3926328125 72.974015625 0.99834048748
525.64775 189.024375 50.355875 60.49625 0.998324096203
378.88565625 94.7936015625 56.9986875 82.5631171875 0.997984886169
