12--Group/12_Group_Group_12_Group_Group_12_84.jpg
11
118.506125 130.501257813 49.382046875 60.6689921875 0.999270141125
331.75578125 116.104867188 49.782875 66.9632265625 0.99883133173
368.2211875 305.86990625 57.70840625 71.7493125 0.998745322227
796.4995625 317.79734375 76.388875 93.477875 0.998741090298
282.7604375 79.94965625 45.7530625 61.107875 0.998728692532
524.6876875 77.7387265625 48.4576875 63.1464296875 0.998634874821
431.65103125 113.8749375 54.813125 67.3861875 0.998620867729
822.0886875 102.913140625 61.575875 78.728953125 0.998237013817
576.7909375 292.3620625 60.9833125 85.9798125 0.998107671738
607.31975 131.423953125 51.27175 66.46853125 0.997214138508
180.187375 297.80990625 55.598953125 66.7545625 0.996256351471
