12--Group/12_Group_Team_Organized_Group_12_Group_Team_Organized_Group_12_211.jpg
8
209.05571875 164.02253125 45.632546875 58.139296875 0.999186098576
67.2413359375 153.258921875 48.0013046875 57.272796875 0.998962402344
669.6681875 186.481828125 44.5459375 58.5630625 0.998381495476
773.8249375 187.76575 44.93575 55.247671875 0.998259842396
341.65128125 179.716828125 41.70815625 49.9456875 0.997242331505
445.4868125 197.587015625 44.658375 56.16734375 0.99707877636
921.2629375 216.83415625 44.402875 53.9765 0.996099472046
288.959375 113.028320312 29.8826875 40.3750859375 0.975402534008
