12--Group/12_Group_Group_12_Group_Group_12_315.jpg
8
719.287625 321.38496875 44.358375 55.57703125 0.999255001545
521.6799375 311.24740625 35.3793125 43.82825 0.999215245247
274.7253125 314.61278125 32.13465625 38.7698125 0.999193251133
815.896875 324.84871875 49.579625 60.977625 0.99911147356
398.679125 292.69646875 38.55596875 45.0636875 0.999064743519
196.95134375 316.72940625 33.297375 38.33990625 0.999030828476
330.86528125 319.13475 33.247875 42.42425 0.99762648344
613.934 322.4168125 36.942625 46.85490625 0.997617900372
