12--Group/12_Group_Large_Group_12_Group_Large_Group_12_15.jpg
20
405.140375 241.211703125 38.58225 45.610390625 0.999312281609
764.5596875 269.43340625 35.2390625 44.84815625 0.999120891094
357.15840625 282.10515625 36.91184375 47.17459375 0.999111354351
217.061984375 217.701546875 38.6495 49.428234375 0.999050199986
520.72003125 393.55196875 32.71996875 37.28090625 0.998999416828
634.8473125 445.26265625 36.9955 44.383625 0.998955845833
635.141625 329.11109375 33.1708125 41.78115625 0.998822391033
305.3663125 194.786828125 41.7980625 53.845078125 0.998702049255
516.49221875 258.237703125 35.67159375 48.068828125 0.998671770096
853.9638125 206.605234375 40.5215625 49.125234375 0.99844712019
612.824125 197.06375 40.6841875 47.6209375 0.998230755329
858.6146875 438.69709375 34.10825 39.0771875 0.998197734356
138.8705625 325.6666875 38.20009375 49.33946875 0.997946918011
76.5588515625 416.524125 33.46075 38.4548125 0.997544229031
737.2164375 345.3945 29.77275 35.4605 0.997375011444
408.64265625 368.6665625 42.3386875 56.21140625 0.9971960783
173.65153125 384.013125 29.8559375 35.57096875 0.996922314167
806.23825 426.59340625 34.3095 41.966875 0.996401071548
243.517953125 355.15515625 35.313046875 44.78909375 0.995080590248
566.694375 309.15134375 29.0523125 32.02953125 0.991662859917
