12--Group/12_Group_Large_Group_12_Group_Large_Group_12_107.jpg
23
431.4361875 240.484390625 35.94975 42.030421875 0.999645590782
616.6228125 180.9710625 28.7831875 34.339296875 0.999472916126
297.35528125 325.73015625 36.43703125 43.6713125 0.999414801598
589.7941875 205.362875 33.57625 45.653 0.99939095974
386.056125 316.54040625 36.7603125 46.08490625 0.999299764633
509.4829375 205.047890625 35.2690625 43.3426875 0.999142885208
300.5466875 202.39371875 34.8758125 41.622484375 0.999078035355
837.8366875 193.56353125 38.00525 47.28478125 0.999019503593
231.875046875 176.5071875 35.413921875 45.2945 0.998976588249
545.2375 296.05384375 36.356625 46.66453125 0.998955726624
699.5795 194.92371875 32.2799375 42.073703125 0.998868107796
410.05953125 205.927984375 30.9158125 36.381890625 0.998777210712
79.2670546875 211.938375 45.487109375 55.820375 0.998462557793
550.0253125 193.009734375 29.0053125 38.76415625 0.998383283615
465.70703125 201.846734375 31.59353125 37.1196875 0.998299658298
636.04 312.22571875 35.0914375 45.93984375 0.998290479183
757.7430625 198.459890625 35.2075625 46.04034375 0.998279571533
159.237265625 203.640984375 38.08309375 45.796890625 0.99793279171
717.7018125 372.9408125 39.8751875 48.69734375 0.99789750576
469.52465625 379.28115625 35.51346875 43.38471875 0.997874259949
643.679625 215.10746875 32.048 38.81215625 0.997850418091
188.03515625 377.541625 42.8534375 55.791875 0.997515559196
346.7015 214.34159375 28.94703125 39.43496875 0.996470451355
