12--Group/12_Group_Group_12_Group_Group_12_522.jpg
16
597.7043125 265.7684375 41.6306875 45.19834375 0.999217391014
112.6520625 224.840078125 44.292375 54.845203125 0.999158740044
371.57565625 301.63540625 38.15784375 50.3264375 0.999124705791
504.79078125 389.4453125 44.66615625 56.208 0.998988211155
792.534375 282.46678125 45.4424375 54.6493125 0.998986065388
886.7645625 288.61978125 44.3493125 57.50453125 0.998797774315
264.35771875 293.6769375 40.01415625 50.3648125 0.998783528805
654.378625 396.44475 44.0089375 56.162375 0.998684227467
489.97721875 244.25521875 44.42278125 58.0839375 0.998459339142
300.9956875 232.0289375 37.96625 45.00284375 0.99830532074
188.900703125 231.16728125 40.8915 48.69915625 0.99797385931
358.4300625 401.867 45.203625 56.098 0.997839570045
397.683875 228.370359375 36.783125 46.554515625 0.997675359249
819.3125 242.759125 40.3124375 47.24040625 0.99761223793
722.5780625 296.39725 39.8859375 49.355 0.997595608234
684.4816875 230.9774375 42.2506875 46.175125 0.99648296833
