12--Group/12_Group_Team_Organized_Group_12_Group_Team_Organized_Group_12_418.jpg
70
247.43059375 185.00125 18.24140625 20.323234375 0.999729573727
154.163890625 171.80690625 16.584 21.028828125 0.999515771866
187.952734375 186.656859375 16.65396875 21.75559375 0.999416351318
578.0313125 172.66240625 12.9483125 16.081609375 0.999397754669
379.52328125 145.591375 14.15621875 17.40896875 0.999377071857
619.74775 217.937984375 17.610125 19.65475 0.999254047871
697.82325 187.67121875 14.095125 18.6400625 0.999220490456
404.11803125 260.47003125 24.208125 31.859875 0.999107897282
648.4165 187.68103125 15.783 19.81971875 0.998989880085
633.734375 361.62628125 25.1216875 31.67453125 0.998881280422
204.868515625 204.60071875 18.126453125 23.650453125 0.99879860878
551.7054375 186.225453125 15.4625 19.2514375 0.998779475689
301.3713125 368.418375 26.26784375 33.109375 0.998752951622
469.619 375.39096875 26.035625 35.6728125 0.998698234558
461.54753125 140.028578125 12.99390625 15.474015625 0.998633682728
508.859875 211.73603125 18.69475 22.585921875 0.998594462872
407.170375 221.349109375 17.13828125 21.075171875 0.998588621616
392.7200625 401.18590625 24.96875 32.287125 0.998465538025
618.81975 170.27246875 15.244125 17.96 0.998095214367
563.286125 221.23471875 16.976625 22.21009375 0.998084425926
558.7519375 368.55025 24.7871875 29.166375 0.998054027557
134.302078125 193.349609375 16.795140625 20.87134375 0.997960448265
206.394734375 167.838421875 15.32603125 18.616015625 0.997917711735
455.44115625 219.04459375 17.44596875 21.188796875 0.997864186764
600.261875 194.373234375 16.4548125 20.702875 0.997349143028
406.4355625 163.2703125 15.36853125 18.633421875 0.997133612633
315.09046875 281.496375 23.67596875 31.21590625 0.997027337551
658.1205 304.26840625 21.90575 29.2403125 0.996456205845
598.416125 162.595265625 12.8696875 15.37653125 0.996236503124
167.131625 353.60065625 24.088203125 31.50603125 0.996214687824
666.347875 211.955359375 17.096 20.976484375 0.995547175407
402.7105625 190.199984375 16.5760625 19.48734375 0.99539077282
360.79990625 227.6089375 16.25203125 21.323453125 0.994683802128
450.85678125 187.89728125 15.8445625 19.646734375 0.993695795536
310.29365625 182.66259375 15.6220625 18.138234375 0.992987215519
89.91171875 185.179234375 18.0115625 23.03084375 0.992639183998
93.5081015625 228.495875 20.0503515625 21.40821875 0.992220103741
304.39559375 205.961890625 18.8140625 23.697609375 0.992103934288
498.142875 189.581140625 15.56121875 19.318171875 0.991821467876
27.1043710938 209.098765625 22.5779960937 26.456796875 0.990698873997
148.441171875 214.614078125 20.782859375 27.432890625 0.990636527538
483.53734375 155.6055625 14.08503125 16.859921875 0.989997148514
514.51503125 287.76678125 22.45621875 28.1215625 0.989581465721
359.2081875 137.279875 15.04640625 18.052421875 0.989372193813
256.01678125 224.81025 18.66584375 21.6029375 0.988911628723
306.09209375 161.06 14.78678125 17.555671875 0.988083183765
220.87640625 156.992890625 13.4284375 16.169890625 0.987986028194
282.89959375 88.7036640625 12.85615625 16.6252109375 0.986333310604
270.540375 157.710609375 14.453375 18.397359375 0.984393417835
236.4955625 351.2755 23.9515625 28.45965625 0.982526302338
122.03671875 139.56296875 16.581078125 20.31465625 0.981880903244
267.8678125 136.077453125 15.12553125 17.30759375 0.978657960892
550.9900625 157.80846875 13.849 17.035703125 0.978610038757
266.26771875 67.1649375 11.76959375 15.4754453125 0.973202764988
426.87246875 143.23640625 12.87575 15.57884375 0.972536444664
717.2715 215.524578125 17.3619375 21.506515625 0.97114109993
746.992125 198.644 16.124625 21.759109375 0.966629624367
806.7499375 183.671953125 19.305875 22.808875 0.966540634632
493.39625 168.40346875 14.3430625 17.102015625 0.959554553032
609.3623125 142.4609375 13.0490625 15.65815625 0.944368481636
325.99715625 140.91571875 13.2976875 16.46059375 0.938677310944
576.8141875 141.915234375 13.2901875 15.343921875 0.931892693043
318.8843125 84.046640625 15.14946875 18.249765625 0.928466022015
293.716375 34.5164921875 13.99765625 17.39565625 0.889099657536
449.29303125 161.208390625 15.46528125 18.305890625 0.8658426404
531.8663125 145.86359375 12.430625 15.67184375 0.858815491199
651.544125 108.01934375 12.219 15.6871796875 0.856836080551
253.9154375 164.772921875 13.69409375 15.26775 0.85564738512
411.00671875 74.8097890625 12.7658125 15.3850390625 0.84646242857
502.9816875 146.68634375 12.45328125 14.984046875 0.830626249313
