12--Group/12_Group_Group_12_Group_Group_12_268.jpg
25
726.0165625 265.58484375 36.062625 41.67909375 0.999651193619
570.5905 222.170234375 34.869875 46.628515625 0.999418497086
701.922625 191.76175 33.40125 43.07053125 0.999306678772
305.096375 245.5023125 30.42759375 35.6715 0.999271810055
585.7733125 364.04228125 38.393375 47.66809375 0.99926251173
104.038640625 244.78540625 36.465953125 46.00440625 0.999056518078
625.454875 220.041609375 35.5821875 46.745171875 0.998987495899
853.3990625 230.830765625 35.562625 42.585109375 0.998969912529
150.594875 262.38496875 32.21478125 40.7143125 0.998753428459
368.42534375 207.455953125 34.3640625 43.758109375 0.998736083508
913.1106875 319.997125 36.3450625 47.47615625 0.998625516891
809.875375 396.059 41.511 47.54659375 0.998609542847
757.710875 211.290140625 34.0531875 45.709375 0.998591840267
443.91215625 216.54909375 35.8613125 46.5833125 0.998584747314
457.55503125 326.4966875 37.82471875 49.35071875 0.998566091061
218.368109375 209.786015625 35.843625 42.2933125 0.99848818779
706.8303125 384.37540625 39.5735 47.0343125 0.998383283615
342.19434375 354.75190625 42.9711875 57.0334375 0.998357594013
895.616125 210.069359375 37.20925 47.56621875 0.998171806335
485.14871875 191.7645 35.715375 45.682421875 0.997448861599
245.25509375 349.93915625 36.7683125 46.13365625 0.996794879436
808.28225 224.98703125 29.9515625 39.68640625 0.996748685837
157.455171875 349.24896875 40.098078125 49.90240625 0.996214568615
240.31240625 91.5504375 24.68215625 28.793046875 0.987407803535
602.5196875 199.301734375 32.82075 41.334125 0.985960245132
