12--Group/12_Group_Large_Group_12_Group_Large_Group_12_196.jpg
11
541.2911875 197.403359375 35.6299375 42.048625 0.998823940754
614.09725 254.02709375 36.610375 47.08 0.998416543007
230.72715625 198.76915625 39.10671875 47.60896875 0.997862994671
805.74575 141.887484375 43.18475 58.313890625 0.997714519501
875.6516875 85.858 49.404875 67.229125 0.997690081596
715.888125 135.33765625 45.91925 59.18734375 0.997595369816
308.79709375 195.360375 39.96184375 45.989484375 0.997512936592
103.357757812 108.373296875 52.9168046875 69.30853125 0.996901750565
403.41503125 283.92296875 34.25175 41.2183125 0.996691703796
163.119265625 191.9535625 43.74203125 53.586921875 0.995352268219
474.38421875 319.21246875 32.75865625 41.4586875 0.994995355606
