12--Group/12_Group_Team_Organized_Group_12_Group_Team_Organized_Group_12_653.jpg
14
799.106375 197.120328125 35.55225 41.185453125 0.999466717243
654.3414375 332.09096875 38.803 46.1855625 0.999461114407
241.94446875 358.5244375 44.50953125 56.74934375 0.999107778072
593.6216875 373.38628125 43.8540625 57.04646875 0.999055683613
73.4344453125 166.52084375 45.0691484375 57.086078125 0.998820841312
768.12375 362.3055625 46.25225 55.23646875 0.998684585094
526.144125 322.3348125 34.0751875 42.5005625 0.998653173447
844.0183125 192.226625 37.26325 45.346859375 0.998578667641
948.739 377.4139375 46.09475 54.693875 0.998479664326
383.833 289.8814375 37.18634375 49.484 0.998277902603
313.71309375 228.733984375 38.71390625 47.575046875 0.99827504158
426.9786875 386.76021875 42.9233125 55.36625 0.997769832611
327.35790625 306.23025 39.76803125 50.61303125 0.99760890007
200.02628125 181.499125 38.88796875 51.888953125 0.996812283993
