12--Group/12_Group_Group_12_Group_Group_12_38.jpg
8
269.9904375 71.6410546875 48.3310625 56.6357578125 0.999112665653
105.277734375 80.72409375 50.90784375 57.909875 0.998488306999
197.03303125 72.8233515625 52.092890625 58.051484375 0.998385667801
490.84640625 85.127234375 44.21190625 54.861375 0.998111248016
571.97925 70.629046875 45.871875 57.0495078125 0.997632622719
412.58759375 86.9849140625 49.690625 54.1248671875 0.996582329273
788.1176875 63.7852070313 48.5305625 55.2581132812 0.996569633484
721.35575 66.2880234375 38.5984375 47.4875078125 0.988944411278
