12--Group/12_Group_Large_Group_12_Group_Large_Group_12_736.jpg
9
424.446 391.00546875 17.535 24.61215625 0.998424649239
398.14303125 391.2104375 17.26659375 21.694125 0.994653344154
297.71946875 385.4104375 27.2801875 28.063875 0.993860602379
936.4116875 455.447625 24.377625 30.259375 0.993624567986
573.08325 402.32271875 30.629125 37.29128125 0.992093026638
142.0246875 391.7199375 25.379296875 29.0398125 0.985172748566
227.86178125 367.521375 18.5431875 22.5718125 0.964086472988
69.6971796875 311.76509375 11.879984375 14.56703125 0.948585808277
155.657125 334.44446875 16.677046875 25.95171875 0.826667368412
