12--Group/12_Group_Team_Organized_Group_12_Group_Team_Organized_Group_12_442.jpg
8
522.87615625 181.275671875 22.98915625 33.29128125 0.999289631844
809.53925 166.02553125 22.8303125 37.14584375 0.997887194157
453.9838125 210.550515625 22.1984375 30.038671875 0.997559905052
197.902765625 187.032078125 23.427375 29.94171875 0.997353196144
759.1944375 183.87575 22.7118125 28.292265625 0.992345750332
969.9075 220.613875 27.288625 26.211125 0.986454725266
24.1628964844 220.295546875 27.4628769531 35.870296875 0.984720766544
246.373 203.70328125 21.624875 31.14896875 0.969161808491
