12--Group/12_Group_Group_12_Group_Group_12_293.jpg
10
572.7590625 124.41840625 42.3006875 58.740859375 0.999640345573
370.05478125 98.8603984375 48.43975 66.6876640625 0.999543607235
519.25021875 141.51740625 58.17959375 66.6718125 0.998838245869
108.041242188 145.37565625 58.9797578125 51.378734375 0.998670935631
905.358125 137.22896875 43.8436875 56.57465625 0.998623013496
4.80582714844 79.9971640625 32.0653369141 42.0699765625 0.997937679291
816.451 153.921015625 45.329625 57.392484375 0.995014488697
648.3668125 87.209453125 29.472 38.3085625 0.994253218174
755.078125 142.56575 41.707875 64.07753125 0.988313317299
594.482125 129.418429688 29.3965 43.9655078125 0.819319546223
