12--Group/12_Group_Group_12_Group_Group_12_28.jpg
23
385.45403125 196.4376875 43.18040625 57.561609375 0.999539136887
702.2551875 83.8674921875 44.0810625 56.8152578125 0.999512672424
128.049382812 124.11865625 44.1633828125 58.8675 0.999383807182
514.26403125 58.9730585937 34.93765625 44.9768007813 0.999225020409
611.9528125 96.241984375 42.52625 57.118375 0.99916601181
168.8345625 38.0927890625 34.179375 44.968515625 0.99877256155
302.90684375 133.940234375 36.56340625 46.992875 0.998655200005
258.118703125 148.936296875 43.457109375 55.0299375 0.998649060726
71.90696875 23.5816523438 39.0616171875 48.1296132812 0.998106122017
800.5344375 133.007234375 45.253 56.733875 0.998049020767
232.919375 79.332875 36.36440625 47.4278515625 0.997912228107
520.34203125 254.819453125 38.29715625 48.367421875 0.997865259647
551.15675 111.5049375 39.7330625 47.37903125 0.997817873955
616.539875 50.0262070313 36.6890625 39.8601445312 0.997629880905
905.7053125 109.821710938 43.115 55.5046640625 0.997553169727
245.086640625 254.542375 44.201703125 55.28290625 0.997531414032
460.95740625 233.15503125 35.08109375 45.9943125 0.996694684029
662.51825 59.427859375 38.5209375 49.7087734375 0.996338009834
209.54784375 103.355429688 36.439828125 51.6172109375 0.995999693871
107.716835937 70.9249375 39.2030546875 46.058484375 0.995972812176
789.994375 78.0930625 38.5461875 50.064125 0.99580848217
177.425046875 199.45025 38.26521875 45.8995 0.995252132416
920.1728125 70.451640625 40.662875 46.7851875 0.986681818962
