12--Group/12_Group_Group_12_Group_Group_12_379.jpg
31
728.4114375 133.77428125 28.9080625 32.505390625 0.999449193478
614.1421875 112.905007813 28.193375 33.7219296875 0.999350965023
382.72378125 116.96753125 29.80178125 35.81109375 0.999247968197
664.4249375 124.881398437 29.9448125 36.3428984375 0.999210357666
416.47815625 99.7653359375 30.56846875 33.3201953125 0.999210357666
799.1283125 243.1588125 33.069625 41.1854375 0.999155879021
580.579 136.73565625 30.0415625 33.57628125 0.999089837074
425.68984375 247.913234375 34.178875 44.193484375 0.999040901661
285.743 111.45625 28.79303125 36.764234375 0.998943030834
224.97575 174.209640625 29.528953125 34.391015625 0.998928487301
764.118 153.20909375 29.403375 40.383984375 0.998928129673
359.7011875 154.47471875 30.61103125 38.480671875 0.998907923698
188.693578125 100.152953125 34.414078125 44.7006875 0.998889386654
791.698875 106.3624375 28.6219375 35.82740625 0.998874723911
845.2819375 116.978179688 31.7645625 37.7831953125 0.998759746552
481.5185 118.973015625 31.43221875 40.490859375 0.998634159565
522.956375 112.352398437 29.6488125 37.7890859375 0.998628497124
629.602125 231.281875 36.4413125 41.35715625 0.998566567898
429.73709375 153.61253125 34.53790625 42.06890625 0.998549759388
155.195625 188.465625 30.538375 35.67496875 0.998465180397
79.18678125 233.52278125 35.2476953125 39.43515625 0.99844700098
732.193125 218.52175 35.42725 41.963578125 0.998434364796
637.7535625 180.174109375 28.4360625 34.103703125 0.998174548149
894.9106875 229.13559375 33.2085625 43.090375 0.998174309731
295.3805 167.329078125 29.664125 36.8531875 0.99814593792
533.17725 166.864625 33.548 37.81290625 0.998048901558
242.193140625 235.461984375 32.010515625 39.435453125 0.997957229614
535.1763125 234.581921875 34.05675 41.893796875 0.997293770313
156.162328125 244.079359375 31.143609375 41.674015625 0.99637067318
331.3851875 244.063078125 32.623375 40.752546875 0.996360123158
868.786125 172.12659375 32.2041875 37.8288125 0.996338129044
