12--Group/12_Group_Group_12_Group_Group_12_249.jpg
18
493.42328125 567.1686875 69.38146875 77.1810625 0.999936342239
823.8596875 419.88840625 35.2220625 38.10984375 0.99976593256
403.47296875 391.19603125 48.80659375 60.961625 0.999616622925
465.4059375 136.9594375 37.8853125 43.064171875 0.999553143978
143.0125 17.1267753906 67.703734375 72.6576542969 0.999543070793
980.521 609.025125 38.209625 38.9395625 0.999489188194
937.5725625 552.6366875 36.73125 39.749375 0.999479115009
881.257375 532.0283125 34.9254375 36.7325625 0.999135077
342.79540625 285.060875 53.6040625 54.8064375 0.999017477036
551.049375 247.172796875 49.4136875 53.187171875 0.998954057693
883.5898125 478.9595 35.0848125 36.96171875 0.998854637146
617.0404375 371.3290625 50.464625 53.4289375 0.998735487461
765.5623125 413.5400625 27.6524375 28.788875 0.998644292355
455.0510625 198.88834375 45.24146875 45.36821875 0.998637020588
740.3410625 363.42859375 30.4509375 31.30675 0.998609423637
516.583375 203.132125 42.943375 44.5105625 0.997785687447
584.4049375 304.04278125 48.1649375 51.4928125 0.996438860893
719.5475 332.93809375 27.9989375 30.8260625 0.990709543228
