12--Group/12_Group_Large_Group_12_Group_Large_Group_12_286.jpg
12
800.5905625 230.80846875 67.185875 96.4385 0.999425411224
284.56034375 155.991625 44.48403125 60.4873125 0.998994410038
86.9812265625 157.123765625 45.0971484375 65.298421875 0.998927056789
492.21659375 239.38071875 29.510375 39.9098125 0.998306155205
0.0 194.822765625 30.0501699219 39.802484375 0.998079419136
918.175625 262.28925 13.79325 18.3329375 0.997375130653
1002.1895625 263.30653125 21.7864375 28.21525 0.996942341328
416.15390625 257.42478125 50.04125 85.34046875 0.993973076344
596.203375 246.850921875 23.5324375 31.829484375 0.991800844669
970.2494375 257.561640625 19.0868125 21.140296875 0.989050984383
572.45525 254.88175 13.3019375 17.80103125 0.960936665535
722.15175 246.72728125 21.6889375 28.83459375 0.863633334637
