12--Group/12_Group_Team_Organized_Group_12_Group_Team_Organized_Group_12_617.jpg
18
653.1899375 156.545921875 18.386 23.552765625 0.999561369419
904.2775625 192.21078125 50.2369375 50.271046875 0.998906850815
195.977171875 191.2803125 48.381375 61.972234375 0.998674631119
563.372375 158.37 41.0725625 50.117703125 0.997940123081
67.47509375 202.11078125 25.905625 29.060953125 0.997757136822
847.851875 130.433703125 19.95175 31.070859375 0.996837258339
276.1349375 178.444859375 15.9271875 19.16103125 0.992678880692
713.7571875 150.783671875 14.320375 22.52778125 0.989732444286
756.1035 169.353125 18.007125 20.97834375 0.984261989594
804.863 159.2965625 20.3580625 28.990734375 0.97911387682
358.3625625 227.79225 21.84675 30.99325 0.975449502468
966.2499375 175.750953125 16.6849375 21.46603125 0.958863854408
347.4438125 177.92609375 13.3845 16.613421875 0.953254401684
384.72684375 161.989546875 14.69234375 16.454171875 0.937609672546
137.595765625 199.466015625 26.713828125 42.777609375 0.93141245842
297.4338125 168.432484375 14.4998125 18.36959375 0.883957266808
256.201171875 221.038859375 22.151546875 28.9165625 0.811727762222
980.32675 158.900453125 17.5165625 22.954390625 0.807694792747
