12--Group/12_Group_Group_12_Group_Group_12_912.jpg
11
533.395625 142.322375 39.1815 45.18596875 0.999343693256
407.941375 141.688375 36.40215625 44.67309375 0.99909901619
696.096 179.984921875 39.7556875 47.204046875 0.998741328716
218.99875 89.10621875 41.5006875 47.7095625 0.9981970191
305.620625 119.381273437 35.8741875 46.4938984375 0.998178362846
646.933875 103.921398438 34.046875 46.0304921875 0.997680425644
615.7534375 243.5950625 39.964125 48.24259375 0.997547805309
828.120125 74.8383515625 40.086625 48.090421875 0.997374415398
380.555875 247.740453125 40.33640625 49.515453125 0.996468901634
284.476625 192.557046875 43.01165625 54.35215625 0.995897948742
489.86571875 246.777171875 39.84634375 48.871578125 0.995032072067
