12--Group/12_Group_Team_Organized_Group_12_Group_Team_Organized_Group_12_778.jpg
65
226.28553125 280.48215625 25.3515 30.1293125 0.999601781368
108.089929688 281.862125 26.3592578125 31.37246875 0.999584376812
517.2376875 295.50046875 25.381 31.15403125 0.999423980713
765.5613125 116.10946875 23.8564375 30.6845625 0.999416828156
60.1262617188 282.6549375 25.7850664062 30.7260625 0.999404668808
817.7045625 141.111953125 25.9196875 29.790265625 0.99926763773
876.6695 132.43765625 23.5456875 28.608859375 0.999081492424
170.667125 283.78534375 25.300515625 31.7285625 0.999064981937
903.1134375 139.61446875 24.9251875 29.367140625 0.999060332775
466.10296875 295.26265625 24.62503125 30.89725 0.999006330967
849.10525 191.355234375 27.0759375 30.31503125 0.998962044716
891.6836875 166.577046875 24.9476875 31.026484375 0.998878180981
931.3214375 150.1683125 30.7341875 36.8471875 0.998868763447
343.41321875 289.9828125 24.697625 30.03634375 0.998856663704
847.5450625 129.928492188 24.414625 31.3614296875 0.998730957508
434.86584375 83.8686015625 22.80221875 27.6053515625 0.998667955399
163.436140625 93.016890625 22.3478125 28.576390625 0.998552381992
405.10115625 308.56196875 24.538375 30.9861875 0.998525321484
645.9171875 298.9606875 25.8661875 31.83840625 0.998400747776
585.7828125 299.6638125 25.16975 31.8414375 0.998318970203
581.016 99.2551015625 22.485375 29.2916875 0.998258054256
781.6463125 303.4931875 26.5838125 30.98778125 0.998192131519
369.4655 81.299296875 23.05425 30.5830234375 0.99805021286
803.9355625 115.421398438 22.880875 27.6078984375 0.997984886169
747.17 92.928125 22.4628125 28.2451640625 0.997885882854
318.8720625 74.2060703125 19.64128125 25.2336171875 0.997865378857
538.6121875 66.4623671875 22.1580625 26.8202109375 0.997820734978
662.3840625 90.8211171875 23.258625 27.3521875 0.997689604759
287.1763125 292.75709375 24.17621875 28.03759375 0.997638344765
294.2976875 101.153945312 22.6426875 28.076890625 0.997612476349
688.5635625 74.953578125 21.559625 27.714734375 0.997601807117
787.8734375 93.36365625 22.8265625 26.352375 0.997485160828
498.22721875 89.4184765625 23.82075 27.2211484375 0.997346997261
718.4533125 119.969226562 24.73125 30.3583359375 0.997330546379
708.7531875 303.97903125 26.76625 32.47796875 0.997246861458
510.356875 59.0853398437 22.810625 27.9867773437 0.997184574604
829.9061875 98.7766640625 22.4630625 28.5203671875 0.997077226639
230.422546875 95.977125 22.3380625 27.704875 0.996675848961
176.990453125 212.821296875 22.9866875 27.98215625 0.996584057808
328.85425 228.24703125 22.0826875 28.2868125 0.996544420719
282.56925 63.5094335938 20.72575 23.2966601562 0.99649053812
493.8795 224.00834375 22.36221875 28.68703125 0.996448516846
715.662625 87.4689375 22.5528125 27.623859375 0.9963311553
611.02225 229.6798125 22.2185 27.7746875 0.996113419533
653.3430625 228.993265625 22.8358125 28.75596875 0.995902240276
598.9165625 76.88553125 15.7911875 22.2724375 0.995893359184
580.2496875 59.3807226563 19.8068125 25.0232460938 0.995752096176
622.684 91.8514375 20.6885625 24.06865625 0.995305478573
251.120421875 77.8702578125 19.751328125 23.7780234375 0.995242118835
466.01484375 65.3464453125 21.82784375 27.8295546875 0.994767904282
345.258 54.6673867188 21.52703125 27.2218867187 0.994736731052
741.9871875 67.0363671875 22.5069375 26.858453125 0.994476139545
234.226375 221.075 21.791078125 28.273390625 0.99437212944
693.65725 121.321898437 23.8616875 29.4742578125 0.994039058685
440.03190625 226.416015625 22.357125 29.6408125 0.992719173431
706.4068125 52.8696445313 21.447875 27.5994257812 0.991953074932
806.227625 76.0063203125 21.22825 28.56871875 0.991288125515
388.919 67.5072265625 21.8920625 28.3033984375 0.990617930889
412.18046875 57.2159140625 22.1184375 26.77378125 0.990412056446
555.265875 228.73015625 22.692 27.5323125 0.990375816822
209.86759375 49.7031953125 21.75328125 28.7290390625 0.989445269108
383.31909375 226.7354375 22.4494375 28.291 0.98512160778
276.0549375 228.727953125 22.32184375 27.557765625 0.984830856323
643.08225 80.3241484375 18.75925 23.3634296875 0.969634175301
659.5696875 72.35746875 17.7290625 20.244328125 0.912759542465
