12--Group/12_Group_Large_Group_12_Group_Large_Group_12_575.jpg
9
343.3768125 275.6233125 54.26625 66.641375 0.998914957047
772.1215625 262.143796875 56.627625 65.658078125 0.99851244688
489.087625 300.16534375 55.456875 64.84553125 0.998411655426
431.407375 206.869546875 55.81246875 62.520046875 0.9982817173
530.3484375 132.724484375 53.6483125 63.45825 0.998224675655
694.0269375 197.446859375 51.62925 59.580625 0.998097836971
277.29065625 182.686859375 60.06121875 71.8206875 0.997847676277
198.4436875 235.66121875 54.1560625 67.22153125 0.997789263725
624.7539375 246.341609375 59.0425625 68.564546875 0.997213184834
