12--Group/12_Group_Team_Organized_Group_12_Group_Team_Organized_Group_12_707.jpg
13
388.7839375 164.77878125 36.23765625 43.595046875 0.999681353569
490.774 282.0325 34.14171875 42.3343125 0.999520540237
684.399625 149.211828125 36.4693125 47.62946875 0.999193131924
209.8441875 153.55609375 35.564609375 47.625375 0.999139547348
600.23225 274.641125 40.4336875 49.36490625 0.999083042145
298.05053125 158.99640625 33.853375 45.549765625 0.99889343977
178.63015625 272.37209375 40.72496875 48.7014375 0.998602092266
387.647625 270.33659375 32.8214375 42.49834375 0.998459100723
605.4964375 138.939796875 31.2365 43.976 0.998149037361
501.1671875 136.579046875 33.60675 48.687109375 0.998122155666
718.989875 300.42784375 37.854875 48.7159375 0.997255027294
279.7875 255.66484375 34.17321875 49.86825 0.997035622597
791.8516875 125.87178125 42.170875 47.38675 0.996433377266
