12--Group/12_Group_Large_Group_12_Group_Large_Group_12_550.jpg
12
232.07946875 524.27259375 37.09359375 46.65271875 0.998490095139
223.01 53.8039296875 44.8634375 58.894921875 0.997159838676
754.437375 66.508328125 38.3004375 46.6691875 0.996524631977
71.22490625 529.1475 39.746453125 49.198125 0.995839953423
63.47890625 62.4030507813 42.9519453125 56.5780976562 0.995644330978
579.7824375 523.00475 41.871 57.7724375 0.995355844498
738.533375 515.52490625 43.326125 56.10171875 0.995051562786
941.024375 56.9204023437 41.78175 57.2134101563 0.995012223721
398.50221875 61.566953125 38.05334375 51.0054375 0.993872761726
904.7559375 521.8836875 35.541 47.0505625 0.993224799633
591.06175 60.6098007813 41.181375 59.1084101563 0.993109583855
413.248375 517.4664375 42.5325625 55.304875 0.992799162865
