12--Group/12_Group_Large_Group_12_Group_Large_Group_12_143.jpg
10
466.6848125 229.51271875 33.55809375 40.46378125 0.999236822128
387.58109375 230.2525625 32.97528125 41.617625 0.9988296628
256.8395625 216.98465625 33.1235 47.54259375 0.99741345644
302.57684375 164.69175 34.06378125 44.71521875 0.997128427029
169.62915625 190.65334375 36.032203125 43.044359375 0.996819853783
356.004375 252.4715 30.63309375 41.19865625 0.994773566723
78.2100859375 205.743890625 27.537421875 36.488703125 0.992553174496
617.3361875 337.044375 33.1715625 51.21478125 0.987835466862
579.12775 217.447015625 28.323125 34.24328125 0.951003432274
37.4895898437 226.20015625 22.10909375 37.804 0.852130711079
