12--Group/12_Group_Team_Organized_Group_12_Group_Team_Organized_Group_12_403.jpg
8
435.58615625 335.25696875 24.99209375 27.67290625 0.998263418674
230.7218125 399.3858125 24.6939375 28.1326875 0.997198820114
358.5541875 409.75375 24.53534375 27.668125 0.996356248856
750.521 264.61334375 23.9599375 28.2830625 0.995304346085
603.2313125 265.261875 20.9921875 23.00290625 0.995208323002
880.10175 211.41425 24.0285625 28.904625 0.993816912174
182.685953125 291.0969375 23.994265625 27.74571875 0.989237368107
316.79553125 333.4473125 23.33175 26.93275 0.944608390331
