12--Group/12_Group_Group_12_Group_Group_12_59.jpg
9
172.539859375 108.899710938 25.575234375 39.3705078125 0.998613476753
806.43225 146.62584375 28.05975 38.12875 0.998022794724
592.564 122.85215625 25.9896875 33.3211875 0.997034907341
117.672914062 89.96771875 21.9944453125 29.0061796875 0.996416687965
272.9284375 85.686359375 22.14559375 28.4333359375 0.993437349796
521.564625 90.10234375 22.6468125 32.2067421875 0.992439389229
745.0365625 173.9439375 25.1051875 38.433515625 0.991561114788
416.6910625 85.7264453125 18.31809375 23.1568359375 0.988813459873
237.405140625 239.402578125 40.437796875 63.897328125 0.927692174911
