12--Group/12_Group_Group_12_Group_Group_12_80.jpg
21
220.337296875 126.770554687 34.42315625 41.6238828125 0.999454915524
522.4786875 100.068429688 31.090125 38.2705234375 0.999441802502
468.73953125 122.738023438 35.3776875 41.0879609375 0.999346315861
71.8617890625 141.979296875 32.8307578125 41.009828125 0.999345481396
931.2503125 132.931640625 31.1449375 40.211453125 0.999215364456
303.02453125 302.1260625 34.2718125 41.29884375 0.999148845673
539.372375 223.2356875 37.4228125 46.156125 0.999114096165
348.7859375 126.335273438 33.00378125 41.4801171875 0.999054610729
704.9665 122.485671875 30.0135 37.01325 0.99899071455
596.554625 116.120710937 30.928375 36.0576171875 0.998985230923
406.815625 103.844539063 32.584 40.2190390625 0.998890817165
640.755875 117.240585938 32.3925 38.9988203125 0.998797059059
652.0393125 216.80384375 36.2244375 49.00496875 0.998740136623
768.45575 280.070625 35.465875 48.1040625 0.99854183197
836.790375 167.8621875 31.207625 40.41884375 0.998529553413
281.562625 116.049984375 35.092125 41.762640625 0.998478233814
420.2524375 226.811375 35.6866875 45.06984375 0.99829441309
804.6220625 117.992726562 30.9785625 37.6525078125 0.998257219791
132.42184375 115.645398438 33.621515625 38.5231171875 0.997952342033
872.8321875 281.214125 33.3671875 41.0079375 0.997500002384
182.33371875 293.4384375 39.865484375 47.56475 0.996857762337
