12--Group/12_Group_Team_Organized_Group_12_Group_Team_Organized_Group_12_186.jpg
46
401.8246875 145.456703125 25.57815625 36.551109375 0.999667048454
268.37134375 197.112953125 27.53646875 32.200953125 0.999651789665
326.46921875 156.976375 24.95271875 33.530953125 0.999647736549
696.099125 219.676390625 27.35825 33.442984375 0.999593317509
192.18021875 176.01809375 27.76728125 36.195890625 0.999492168427
494.39775 165.47334375 25.0265 30.410046875 0.999358475208
824.2486875 198.113609375 29.8455 37.435890625 0.999356687069
295.88509375 271.03575 28.3390625 34.7341875 0.999312162399
145.532953125 191.0630625 30.385640625 37.254046875 0.999270737171
624.39375 205.29253125 26.253625 29.73509375 0.999235153198
199.746375 360.11125 33.674375 40.01484375 0.999177515507
674.332 195.26353125 26.41725 33.193421875 0.999164104462
530.3379375 344.03096875 28.437375 35.62728125 0.999157309532
657.0746875 368.51890625 28.3408125 35.9548125 0.999146461487
163.656921875 148.2555 27.93153125 31.939546875 0.999146342278
754.8260625 225.332984375 28.2068125 36.22121875 0.999132215977
761.9036875 156.55921875 25.742625 29.400109375 0.999124825001
468.9521875 309.978125 28.5230625 35.1864375 0.999107897282
339.99903125 313.4979375 26.39565625 31.60615625 0.9990478158
598.05025 361.4085 29.141875 36.38890625 0.998973965645
308.6824375 381.87159375 29.62459375 37.1040625 0.998971104622
515.57084375 194.346875 25.16596875 31.235828125 0.998968482018
559.51825 197.244296875 26.36875 33.12540625 0.998967528343
900.56975 193.941984375 29.1220625 33.784078125 0.998936474323
448.09596875 393.73846875 31.0200625 38.25603125 0.9988899827
601.1896875 185.91321875 24.432125 32.656453125 0.998884618282
395.188125 369.482 28.2590625 35.368 0.998844504356
224.494515625 203.865515625 28.312296875 36.619921875 0.998806476593
367.5455 193.007890625 26.54415625 33.72309375 0.998804092407
112.865328125 171.80709375 26.95840625 38.4041875 0.998747348785
674.5758125 154.92171875 23.122125 29.747546875 0.998628139496
14.2012382812 180.846953125 30.4292226562 37.242125 0.998570561409
251.01971875 147.554671875 26.145 29.798796875 0.998544096947
859.90475 325.56096875 30.319625 39.92878125 0.998521029949
718.9139375 175.497640625 24.59925 30.665640625 0.998514711857
460.94053125 190.7413125 25.62115625 32.09890625 0.99834227562
716.388 353.1836875 29.9610625 36.84834375 0.998279452324
970.9091875 342.45778125 29.996625 40.56125 0.998231470585
363.84753125 158.259609375 25.3451875 30.355390625 0.998190104961
722.293375 143.469859375 24.35875 28.10784375 0.998119056225
282.45225 169.2650625 24.73103125 28.249 0.998095691204
583.649875 154.891953125 24.6998125 31.827859375 0.997838556767
69.371515625 156.2880625 30.7061953125 39.625421875 0.997718572617
575.322625 111.44446875 22.241875 29.901515625 0.996809184551
448.5164375 161.72940625 23.44959375 28.706828125 0.993689656258
511.478375 100.991335937 22.6728125 28.134328125 0.987004935741
