41--Swimming/41_Swimming_Swimming_41_243.jpg
12
79.5393311844 92.8210644455 161.858322502 141.996859032 0.99988424778
113.955001625 735.383756714 61.9382780533 64.1774328613 0.998604476452
548.474752991 807.186333191 37.2264651184 52.17653479 0.997258543968
507.451597382 784.261068481 40.5766194458 55.1038634033 0.997087657452
905.792722717 249.335174118 59.6887542725 66.1271128387 0.996964037418
421.598049835 753.142068359 33.4956608276 44.8937219238 0.991258561611
742.786061401 241.012996048 57.9509660034 64.8339932709 0.98310649395
470.755894806 758.285962891 36.2093480835 46.4208156128 0.975535929203
422.801145355 909.41983728 37.1625937195 51.3615298462 0.9744592309
736.284439209 894.043111084 54.9606500244 68.7649758301 0.972575426102
257.880681076 607.280825836 21.2682845001 25.0883945618 0.915543615818
625.825153503 873.828144836 52.739590271 74.89493573 0.891115009785
