41--Swimming/41_Swimming_Swimming_41_699.jpg
9
554.0141875 209.673359375 62.9869375 79.468328125 0.998818337917
236.45965625 322.09065625 57.83165625 77.45396875 0.998700141907
433.73675 236.0308125 52.63615625 62.11434375 0.998670697212
65.2041132813 374.3949375 65.9720976562 77.5391875 0.998298585415
922.6473125 272.2265625 55.5594375 68.73290625 0.997337043285
744.7265 305.64659375 61.579125 72.0460625 0.997240543365
387.026625 305.5386875 56.42684375 69.14459375 0.996099472046
789.72725 260.665390625 47.422625 54.806734375 0.995319783688
128.84640625 305.82225 55.9489375 61.46915625 0.994984388351
