52--Photographers/52_Photographers_photographertakingphoto_52_263.jpg
8
626.4581875 262.4368125 26.8186875 34.75665625 0.999331653118
401.69334375 293.61340625 25.5061875 31.97134375 0.998957276344
352.473375 298.64784375 23.44878125 31.53221875 0.997960329056
799.51125 284.57746875 25.2893125 40.681375 0.997757852077
136.34096875 294.18753125 21.218546875 34.00928125 0.997283101082
753.2974375 283.9759375 23.6301875 38.3134375 0.995593130589
38.1697929688 278.87709375 22.1363242187 31.01721875 0.990908443928
686.1746875 245.785390625 22.984125 39.122765625 0.97640311718
