17--Ceremony/17_Ceremony_Ceremony_17_218.jpg
40
907.7558125 682.71775 79.2764375 67.25375 0.999913215637
924.117375 350.7391875 32.3113125 37.25690625 0.999099373817
513.48003125 521.4563125 46.63653125 61.7329375 0.999059736729
39.2196484375 419.04153125 35.5565625 42.899375 0.999038934708
154.025265625 366.4739375 36.780125 41.8763125 0.998944461346
939.6780625 485.58675 37.14775 43.6544375 0.99881786108
640.7168125 325.56159375 29.32425 33.64496875 0.998773515224
642.545875 474.78478125 44.853 57.19096875 0.998754858971
562.8204375 332.47665625 26.62775 33.5783125 0.998735129833
44.9205546875 515.40040625 44.3586796875 53.57990625 0.998731195927
762.49975 364.07584375 30.034875 34.905875 0.998637616634
325.04378125 483.83534375 37.9911875 46.61665625 0.998471200466
962.4894375 421.08853125 35.84425 40.6048125 0.998467028141
823.081125 326.28546875 29.5879375 37.34721875 0.998462796211
363.65503125 410.88490625 38.01959375 43.4614375 0.998421192169
368.073875 363.12028125 33.26934375 35.424 0.998419642448
54.4019882812 312.1433125 35.6501054687 44.84221875 0.998299181461
856.3140625 423.0824375 32.89975 39.96803125 0.998165905476
292.056625 320.38109375 31.013 38.81415625 0.998119294643
999.2763125 361.94178125 24.6996875 44.60565625 0.99807369709
253.0684375 385.35884375 34.2449375 41.2849375 0.997890532017
513.104875 331.398125 28.0946875 31.92025 0.997708797455
763.93225 463.817375 42.6571875 56.9711875 0.997663974762
548.4255625 433.054625 34.0365625 40.47159375 0.997616767883
492.1809375 400.33215625 32.773875 40.846 0.997526586056
462.5045625 461.48915625 33.45775 36.870125 0.997518181801
801.2051875 464.08259375 30.6276875 38.1275625 0.997500121593
892.0355 510.1535 41.126625 46.6850625 0.997441649437
389.61084375 532.1056875 40.90709375 49.7605625 0.997346758842
182.945265625 312.00321875 31.908703125 39.687 0.997291147709
11.0726826172 367.51709375 35.6109970703 43.950375 0.997075796127
869.6301875 374.77328125 32.769125 38.23971875 0.996986806393
247.494765625 498.904625 42.584734375 57.5109375 0.996706545353
631.53 439.20425 33.219375 39.0803125 0.996228456497
704.23775 426.68184375 35.5806875 38.6899375 0.996072053909
195.76759375 431.1749375 43.849515625 56.33921875 0.995442271233
723.351375 303.573125 26.519625 34.31459375 0.994999527931
135.468765625 555.117875 41.379515625 49.2803125 0.994417309761
66.9576015625 457.3958125 43.6164375 55.3786875 0.988682389259
0.0 689.7886875 75.116875 78.1873125 0.917595148087
