17--Ceremony/17_Ceremony_Ceremony_17_470.jpg
11
481.688375 252.175578125 47.3124375 63.303640625 0.999681949615
580.4928125 283.90459375 47.8751875 58.09375 0.999144673347
351.87090625 171.50234375 53.67859375 74.3634375 0.998828828335
78.01778125 251.21934375 47.615453125 54.41728125 0.998544454575
679.5341875 289.665 28.3805 36.5885 0.998115062714
940.732125 266.94609375 54.512625 71.0613125 0.998018503189
725.9274375 212.134734375 50.2021875 59.918453125 0.997839272022
226.3838125 223.641296875 45.92728125 53.589046875 0.997557163239
639.9710625 299.75325 25.7036875 28.44665625 0.975560188293
140.603796875 271.02596875 15.851984375 20.66615625 0.966375589371
14.0269248047 292.51165625 37.0285947266 39.19753125 0.966110408306
