17--Ceremony/17_Ceremony_Ceremony_17_211.jpg
8
766.2648125 207.19275 43.4730625 59.036 0.999561488628
837.6768125 160.313890625 55.1731875 68.877015625 0.998736917973
219.31259375 211.8053125 46.03825 54.22778125 0.998491406441
685.211375 221.95621875 44.1075 52.5334375 0.99773055315
551.57025 233.082109375 35.7614375 47.487921875 0.997545897961
585.000375 368.125625 45.6103125 56.09165625 0.99367082119
591.320375 237.638828125 38.32975 49.927578125 0.993577182293
133.00290625 211.249078125 31.999234375 51.723125 0.894421756268
