0--Parade/0_Parade_marchingband_1_759.jpg
12
630.852722168 121.862297058 56.5339355469 73.5419998169 0.998898267746
138.036468506 148.685241699 50.5545806885 62.3072509766 0.998680531979
573.051879883 141.122131348 51.3148803711 63.7850952148 0.99796295166
304.058197021 18.359331131 47.2905578613 62.3719844818 0.997162401676
493.254302979 138.228149414 50.5994567871 65.4706268311 0.997148931026
171.777770996 3.08660316467 47.6352081299 60.9635677338 0.996686279774
53.139629364 42.3855552673 36.8280830383 45.058719635 0.996327340603
7.74726009369 35.4094581604 36.1096887589 46.5334129333 0.996135234833
369.349731445 24.4650344849 48.8460693359 60.4928588867 0.995891213417
339.402557373 126.31577301 45.9232177734 55.2966537476 0.995654821396
137.17276001 48.1027641296 46.5912628174 59.132610321 0.994460940361
89.0301742554 18.4864883423 36.1492538452 49.9151229858 0.975121200085
