0--Parade/0_Parade_Parade_0_887.jpg
8
524.023803711 238.147735596 55.887512207 70.3477478027 0.999299407005
660.261108398 192.820541382 56.5561523438 74.4288787842 0.99858546257
153.836105347 367.936828613 70.2563934326 85.3503112793 0.998251497746
225.13873291 261.615447998 59.8291320801 74.3020019531 0.997347593307
284.199859619 294.861419678 54.7453918457 74.7234191895 0.994349181652
497.027984619 333.042877197 69.6946716309 87.2434692383 0.992509245872
709.02923584 322.386169434 76.8898925781 84.860168457 0.990105211735
403.442169189 298.362915039 51.1323242188 63.3990478516 0.954256474972
