0--Parade/0_Parade_marchingband_1_490.jpg
67
80.1370162964 398.926300049 13.5413131714 16.9888305664 0.963450670242
752.596130371 361.136230469 14.5418701172 18.9655761719 0.957262516022
33.2124328613 393.425201416 14.2265815735 18.0226135254 0.950438022614
879.293334961 391.1121521 15.500793457 20.3276672363 0.947223246098
544.895385742 332.991516113 12.8516235352 16.5254821777 0.945469558239
440.628997803 301.83782959 13.791229248 17.4911499023 0.940046787262
551.48223877 390.194122314 15.1060180664 19.5423278809 0.93680113554
390.925628662 359.306976318 14.6491088867 18.5541992188 0.935216426849
671.001647949 454.215759277 16.2645874023 20.4768066406 0.934583961964
744.266174316 391.208068848 15.8919677734 19.8828735352 0.934482753277
696.862792969 391.27911377 15.4253540039 19.9664916992 0.934365034103
263.181549072 393.008300781 15.4200134277 19.8348388672 0.930333912373
504.550140381 387.666503906 15.2898864746 19.2963256836 0.928647577763
361.239257812 305.102630615 12.8788452148 16.2218322754 0.924383640289
482.214294434 356.585784912 15.5424194336 19.4167175293 0.921542227268
882.743896484 333.282165527 13.2246704102 16.5162353516 0.920925199986
169.957000732 356.071868896 14.268661499 17.9928283691 0.91754257679
168.989532471 396.894683838 14.7080535889 19.14453125 0.917310476303
329.981445312 329.427734375 13.7257385254 17.7705688477 0.916268050671
288.343048096 328.898376465 12.9663391113 16.0063171387 0.915968298912
738.354858398 249.959014893 12.6813354492 15.2538146973 0.915638267994
439.046783447 360.318023682 14.274810791 18.4727478027 0.915355622768
455.495330811 392.319396973 15.5371704102 19.6181335449 0.914931416512
217.365722656 395.176452637 15.7230682373 19.9598693848 0.907114446163
368.843475342 329.941162109 14.6805114746 18.3910522461 0.907092571259
345.908416748 232.376571655 12.5778503418 15.2375640869 0.905689835548
217.062667847 360.791015625 14.8336639404 18.0010986328 0.900636434555
274.793212891 284.890594482 12.681427002 16.1090087891 0.896662652493
800.746582031 309.7706604 12.8534545898 16.3562316895 0.893979549408
600.973083496 391.457855225 14.4549560547 18.0093383789 0.891872048378
601.664428711 305.246520996 13.231262207 16.5795288086 0.890065193176
321.355804443 303.992889404 13.3920593262 16.9981384277 0.88310533762
785.627868652 393.562072754 15.9243774414 19.9791259766 0.883095324039
662.107910156 360.40020752 14.8837280273 18.1605834961 0.882896482944
327.44833374 247.824478149 12.9514160156 16.1027679443 0.882562279701
686.858825684 288.182220459 12.3672485352 15.2498168945 0.88088452816
406.634246826 388.216949463 16.2024536133 19.7930297852 0.878463625908
793.674072266 360.274810791 13.5250854492 16.8120117188 0.875548124313
835.083618164 359.254364014 15.1647949219 18.5676269531 0.874058961868
526.501647949 357.745269775 14.21875 17.2341003418 0.866337299347
408.342468262 452.266967773 17.354309082 21.8122558594 0.865709900856
385.467559814 285.112121582 13.1548461914 15.85546875 0.865369737148
667.321716309 203.161392212 11.7401123047 13.9636993408 0.862670123577
369.644622803 216.744018555 11.7377319336 14.6770019531 0.860026717186
125.827880859 398.839447021 16.2166900635 20.2345275879 0.85558027029
975.440673828 397.383148193 13.7403564453 17.3122253418 0.851693868637
561.527099609 217.298446655 11.9486083984 14.4342803955 0.845956146717
672.996948242 329.232574463 14.5569458008 18.506439209 0.844601392746
570.418395996 250.630432129 11.8928222656 14.357421875 0.844430923462
620.246398926 185.04498291 11.7635498047 14.8957824707 0.842355966568
572.204833984 361.234954834 13.7639770508 16.8157653809 0.84223151207
435.183624268 214.959106445 11.8986206055 15.1833496094 0.841654241085
631.637573242 332.877380371 13.7272338867 16.8208312988 0.839621603489
650.976318359 287.356109619 12.9713134766 15.6380615234 0.838075757027
402.232879639 217.13041687 11.6342163086 14.3358612061 0.834548413754
459.540405273 285.793945312 13.2839050293 16.5274963379 0.831150949001
931.893737793 367.74331665 12.878112793 16.7197265625 0.825938880444
617.391784668 358.550842285 14.2436523438 16.8295898438 0.817470788956
346.135894775 360.313873291 14.0055847168 17.0351867676 0.814931213856
586.858947754 332.49005127 14.4116210938 17.5518798828 0.814675688744
706.441650391 359.252838135 14.2203979492 17.2901306152 0.812609791756
837.461853027 311.353729248 15.7403564453 19.0934143066 0.812297284603
122.341247559 355.22164917 15.4815216064 18.6838684082 0.810990571976
355.575164795 206.062454224 12.0217895508 15.0388031006 0.810435712337
205.708648682 327.141876221 14.2413482666 17.0010681152 0.808990359306
640.521484375 309.504699707 13.4379882812 16.4997253418 0.803833425045
839.184570312 249.361175537 11.9224243164 14.5830993652 0.803089261055
