0--Parade/0_Parade_marchingband_1_746.jpg
11
744.308227539 85.1329269409 32.2361450195 44.5304641724 0.998513281345
141.665390015 79.2098693848 35.0827026367 43.0605621338 0.99741345644
627.54675293 110.834846497 28.1505737305 38.1708450317 0.993971407413
424.108825684 81.4981307983 29.2197265625 37.8967971802 0.993282318115
371.810943604 92.4965896606 29.5355834961 36.7492752075 0.991122603416
813.696166992 93.0735931396 33.8165283203 44.9015655518 0.98874181509
545.051269531 90.3405761719 34.9544067383 43.4375 0.986218988895
765.265319824 46.7819519043 28.8340454102 39.0858230591 0.984418392181
299.850280762 75.5449142456 27.3989257812 33.5743789673 0.953111171722
595.20904541 86.4177093506 32.6086425781 42.3735351562 0.943947553635
166.38923645 65.5648345947 29.0461120605 38.7485046387 0.81889373064
