0--Parade/0_Parade_Parade_0_470.jpg
20
620.402587891 138.041824341 58.4541015625 75.7126617432 0.999363481998
932.360534668 269.702850342 59.9400024414 72.8668823242 0.999108374119
464.588226318 146.247055054 55.4629211426 66.3529205322 0.999101281166
535.728881836 185.616271973 65.2192382812 89.0486755371 0.999044835567
296.030303955 235.867156982 65.9686584473 87.7799377441 0.99898070097
900.02142334 173.126785278 58.9976806641 72.3748779297 0.998414635658
326.960754395 161.869155884 56.9182434082 77.5947265625 0.998034179211
702.571777344 233.539901733 64.0870361328 85.1797027588 0.997564792633
416.913879395 207.449783325 65.3031616211 82.5132293701 0.997365295887
776.635437012 228.55241394 65.3480834961 81.5193023682 0.997103512287
838.555175781 232.155914307 49.900390625 67.7753295898 0.996574938297
471.533721924 334.251434326 71.1514587402 95.2344970703 0.995751261711
850.085327148 178.174713135 50.8361206055 63.4104309082 0.993472099304
219.402374268 174.186706543 65.7717285156 83.1147155762 0.992719769478
598.208007812 246.239746094 74.5257568359 97.3622436523 0.986338734627
151.192001343 175.617721558 72.2142944336 94.294631958 0.980920672417
312.982818604 369.31652832 85.3343505859 112.760437012 0.974724531174
123.134521484 468.74697876 83.5940704346 115.047271729 0.968388259411
33.6745262146 161.656936646 83.7651405334 108.570327759 0.955590069294
759.78729248 170.330764771 22.1117553711 29.9041595459 0.922107458115
