9--Press_Conference/9_Press_Conference_Press_Conference_9_12.jpg
13
567.2668125 287.18403125 15.2640625 18.5389375 0.998706221581
107.456210938 221.775609375 31.5300859375 37.679453125 0.998353719711
615.7761875 289.2584375 15.716 20.67853125 0.998050570488
673.0874375 260.551671875 16.7331875 20.752671875 0.996792018414
389.117125 311.92871875 21.72796875 28.35209375 0.996069073677
932.391125 209.49928125 35.8971875 50.5904375 0.99528837204
262.94525 306.50140625 18.21903125 20.84321875 0.994224607944
802.8795625 433.007375 32.7015625 53.78671875 0.979214131832
181.84959375 257.79003125 18.18003125 20.6343125 0.976786673069
316.7186875 315.0010625 23.04040625 27.77765625 0.971786201
512.309125 293.2289375 13.16875 16.86240625 0.967596769333
416.8356875 343.4121875 24.62428125 30.53978125 0.81563436985
202.087765625 338.33934375 20.32571875 32.26003125 0.810233533382
