9--Press_Conference/9_Press_Conference_Press_Conference_9_397.jpg
8
86.591796875 91.44215625 47.532921875 61.3153125 0.999401688576
356.3835 105.777703125 43.8303125 57.924625 0.99920207262
627.03975 113.209125 44.12725 58.958203125 0.99899071455
208.205328125 131.626171875 43.267796875 53.57503125 0.998620271683
870.2170625 140.681125 49.928 63.838375 0.99861061573
714.164 156.14171875 38.8501875 48.96840625 0.998149752617
783.3324375 161.09546875 45.0400625 51.896734375 0.998094379902
482.194375 117.532710937 42.004125 56.2793046875 0.998085021973
