0--Parade/0_Parade_Parade_0_490.jpg
64
121.173 443.837 82.9039 89.2892 0.999761
768.346 558.91 109.867 138.12 0.999656
717.054 90.7013 31.8158 35.4552 0.999632
100.589 184.529 47.3629 56.6594 0.99955
176.418 199.595 49.4423 65.7982 0.999363
758.785 87.0253 33.5951 40.4829 0.999308
384.748 352.938 57.7866 74.0913 0.999292
8.33493 490.32 74.6862 75.1697 0.999204
504.208 155.451 31.0788 39.3611 0.998996
239.529 320.959 55.4255 68.6084 0.998942
910.553 85.4839 27.2055 31.041 0.998935
670.96 82.1436 26.72 31.0897 0.99887
876.446 51.9708 22.2447 31.0549 0.998834
898.82 368.172 77.7318 97.0315 0.99878
174.88 133.889 30.5446 36.7207 0.998658
593.738 283.242 52.089 62.7893 0.998629
350.596 126.745 28.9788 34.8465 0.998595
767.075 317.436 63.407 83.1341 0.998443
665.725 130.68 44.2616 60.0271 0.998266
471.63 330.653 53.2908 69.7332 0.998097
634.789 78.9725 26.9831 31.3835 0.998062
73.7629 160.821 33.3 36.7556 0.99803
969.432 54.8029 24.9239 35.3419 0.998025
745.951 155.186 37.2699 46.6224 0.997526
525.05 224.565 35.7125 43.6296 0.996924
728.327 237.825 45.7233 50.8968 0.996579
571.725 59.5257 24.7121 30.9814 0.996523
242.822 164.798 26.8337 32.9755 0.996262
938.734 199.355 42.9388 38.7802 0.99624
447.094 70.0976 22.0867 28.1726 0.996012
434.597 113.491 23.4439 29.1405 0.995888
28.0227 171.51 26.8246 31.2685 0.995717
441.041 40.8299 16.199 19.7709 0.995697
825.673 158.397 41.5701 42.2449 0.994825
547.5 117.518 24.7739 32.8715 0.994701
16.2727 300.511 41.9211 44.2823 0.994623
223.323 453.025 58.9405 64.6653 0.992166
928.309 7.38457 22.7344 28.4914 0.99156
593.64 171.013 43.4395 53.6964 0.989645
536.463 77.2091 22.1467 29.6662 0.989246
537.221 22.2439 17.1796 21.7881 0.988583
491.889 671.725 54.1605 75.4098 0.98744
641.673 21.8393 15.0224 19.7745 0.980625
613.349 4.23862 16.6476 20.9504 0.977598
851.98 34.5073 18.4338 23.3781 0.976514
278.108 182.212 38.1593 46.8525 0.975513
596.718 115.368 25.0091 31.6036 0.973383
381.571 189.179 41.6986 44.6198 0.971032
275.592 82.6095 19.7508 24.6621 0.97059
669.423 636.686 41.4091 60.6298 0.970043
133.977 77.3506 16.4443 21.0329 0.968398
59.1255 113.502 17.9933 19.8037 0.959443
89.5153 62.5147 13.9824 21.48 0.957533
953.003 24.4301 23.0339 29.2227 0.953052
384.936 100.447 20.1574 22.8264 0.951914
354.454 58.0246 21.7287 28.5598 0.933225
721.994 43.2583 22.618 28.3113 0.928347
373.796 248.365 35.1665 47.5824 0.925376
400.359 285.991 38.3826 49.6951 0.907171
247.765 56.4856 14.3298 17.3619 0.897753
6.07155 94.2955 17.1572 20.0778 0.876035
16.3425 386.358 32.2475 47.9791 0.875543
438.842 218.929 37.2551 44.7587 0.866096
902.924 14.8947 22.51 28.3446 0.841595
