0--Parade/0_Parade_marchingband_1_653.jpg
70
875.013 119.05 16.5825 20.394 0.999747
958.708 39.6696 14.5549 16.8059 0.999031
537.808 196.02 14.5855 18.4067 0.998719
509.097 33.8079 13.2589 15.7468 0.998662
601.759 188.128 13.9983 18.1767 0.998638
603.998 139.348 14.4773 18.4612 0.998223
130.074 203.014 13.6902 17.8583 0.99802
649.142 128.355 15.199 20.1209 0.997765
679.878 193.458 14.3915 18.9156 0.997717
871.181 194.02 15.3874 19.3822 0.997525
113.549 89.4717 14.0308 15.9928 0.997443
325.223 138.567 14.5877 18.3188 0.997298
273.466 156.133 13.9942 16.1139 0.997105
124.647 150.108 14.4932 18.597 0.996554
826.966 30.7288 13.9736 16.4554 0.996459
738.853 135.916 13.6901 17.4028 0.996377
533.221 97.0713 13.9744 15.7374 0.995723
912.591 31.2495 13.942 16.1533 0.995468
68.0675 99.5866 13.3172 15.5563 0.995189
312.44 210.201 13.9198 18.0795 0.995061
460.645 148.967 14.1606 17.8367 0.994936
230.189 48.6448 13.2592 15.9768 0.994671
653.813 23.6629 13.129 15.8604 0.994666
980.931 131.074 14.399 17.2361 0.994286
411.29 35.4922 12.2502 14.9621 0.994087
320.251 43.2909 13.0651 16.291 0.993542
99.0883 50.4724 13.4072 16.2136 0.992364
149.903 57.2296 12.8263 14.8852 0.991808
395.645 200.329 14.1921 18.4245 0.991342
673.109 92.1456 14.1112 17.5501 0.990869
825.595 128.842 16.0614 17.5039 0.990321
761.036 88.4642 14.0336 16.5126 0.990021
304.152 97.063 13.6767 16.3265 0.989511
188.005 42.9867 12.9979 15.936 0.989426
78.1244 147.433 14.4893 16.2547 0.988255
442.273 95.6915 14.1773 16.5635 0.988039
782.293 33.3176 14.2615 16.836 0.985716
601.962 39.6193 13.4993 15.7752 0.985235
741.726 42.5896 13.3977 16.4875 0.983769
363.747 47.0656 13.8218 16.033 0.982309
764.225 191.511 15.3121 20.0076 0.981758
210.982 96.547 14.8973 16.7809 0.981554
43.019 43.6915 13.9491 16.5378 0.980558
555.233 34.3214 13.1221 15.6528 0.979898
890.827 98.1426 14.0615 16.3268 0.978826
20.666 98.2354 14.6058 16.0442 0.977789
961.072 183.506 16.6894 20.3685 0.976015
374.223 146.972 14.2491 18.6044 0.973386
419.627 144.792 14.1684 17.6446 0.972921
352.196 96.0569 14.5427 16.4074 0.972246
481.739 206.809 14.5666 18.2559 0.972148
28.3011 147.196 14.4601 16.9573 0.971128
165.895 97.4003 13.5803 15.4233 0.969245
273.699 52.9959 12.9701 14.862 0.965063
511.215 132.402 14.6692 19.3885 0.964706
925.93 115.937 14.3354 18.5042 0.963261
864.245 40.0773 13.5956 15.6991 0.961616
559.983 130.768 15.525 18.5412 0.956388
222.413 205.531 13.932 18.1769 0.946936
699.854 27.1384 12.552 15.0922 0.94074
781.729 136.808 15.4932 17.7311 0.938205
584.168 92.6601 14.2317 16.7739 0.922613
44.5516 202.761 14.8694 16.6211 0.922571
227.223 140.819 14.9286 18.3163 0.892954
175.505 140.19 14.4495 17.8107 0.883754
488.864 83.7782 14.6649 17.5381 0.880193
466.443 39.0845 13.3071 15.6844 0.877648
397.602 89.2794 13.9377 16.1478 0.866949
629.001 91.9711 14.2852 16.3488 0.857604
806.447 92.1603 13.9695 15.8045 0.814166
