0--Parade/0_Parade_marchingband_1_910.jpg
13
370.802 255.746 49.5181 50.2008 0.998183
138.4 226.066 32.1635 35.5769 0.997935
947.664 277.609 55.5941 78.2843 0.997369
76.2299 242.198 36.0015 40.3074 0.997283
570.565 231.526 51.5106 58.2681 0.996935
519.283 226.208 49.1862 58.2183 0.99675
40.2896 227.679 32.7062 42.0612 0.992847
207.865 209.571 41.2995 46.4078 0.991615
773.945 336.625 69.5049 93.1442 0.988209
438.643 269.203 51.9611 53.6801 0.979433
281.967 257.943 42.594 43.3692 0.926849
484.035 189.594 45.1219 56.5787 0.916836
333.924 226.422 44.0076 56.7104 0.859756
