0--Parade/0_Parade_Parade_0_29.jpg
17
705.573 245.464 17.9689 20.3574 0.999639
162.538 251.209 15.3716 18.5075 0.99959
542.346 164.35 62.2155 75.614 0.998505
238.581 234.208 23.9646 29.0339 0.997432
978.166 188.11 36.7325 42.2697 0.997243
193.848 241.684 20.6744 22.4255 0.995951
422.469 248.586 20.5182 22.7461 0.994376
315.393 234.257 31.6034 37.6587 0.993249
488.271 235.597 16.9814 18.5812 0.992033
294.605 241.846 15.0417 19.412 0.987317
800.512 164.538 42.8485 53.2759 0.985611
584.409 239.064 28.611 32.1902 0.978326
141.362 251.698 13.7673 16.1692 0.966043
689.808 248.105 12.6272 15.7554 0.951875
510.574 243.855 14.4584 16.4383 0.910112
746.854 240.065 22.4403 30.0946 0.904586
122.584 245.974 12.0565 15.2928 0.814399
