0--Parade/0_Parade_Parade_0_850.jpg
15
188.565 316.982 17.0579 20.0233 0.999698
126.109 318.995 15.2477 19.3345 0.998499
834.513 295.999 29.3966 41.3982 0.998463
73.5305 320.154 16.3821 19.7005 0.998193
543.201 335.189 12.8976 16.3491 0.998182
34.2197 319.566 14.4184 18.0558 0.998037
363.742 311.746 24.2614 28.6328 0.997309
941.211 286.531 28.6374 35.9735 0.997187
154.227 315.403 18.0544 21.4316 0.99672
621.383 289.046 32.6674 41.8532 0.996621
748.551 303.537 24.3853 30.8471 0.995756
483.967 299.368 25.4327 31.5933 0.993787
250.69 316.728 20.3557 22.9791 0.980369
990.785 329.13 13.8279 19.0433 0.978965
49.5879 325.955 12.4325 15.8714 0.974292
