0--Parade/0_Parade_marchingband_1_20.jpg
16
252.31 371.377 32.8099 39.4233 0.999015
728.944 347.048 17.3896 20.3492 0.997435
541.353 358.568 37.0271 43.6521 0.996791
334.923 380.223 18.2483 21.7517 0.995238
29.0555 404.523 28.2189 34.8093 0.994395
465.365 354.79 27.6441 34.7199 0.99385
385.313 367.826 17.6014 21.2859 0.99247
628.14 394.716 20.0037 23.4784 0.984435
854.141 269.264 47.8473 57.5756 0.982561
233.359 372.316 23.0201 30.1269 0.976855
81.805 390.417 23.0847 28.0584 0.976753
446.705 348.191 19.1778 22.8242 0.970421
587.709 369.525 17.9795 20.4956 0.962365
126.751 377.202 14.1265 17.1459 0.93595
776.902 360.759 13.9219 16.4156 0.881695
801.919 356.275 18.1164 21.763 0.803064
