0--Parade/0_Parade_Parade_0_43.jpg
43
654.873 350.962 19.9961 23.4579 0.999032
770.701 461.815 18.5672 22.1653 0.998655
489.648 223.544 18.1413 22.7064 0.998087
810.627 436.707 18.3135 22.4008 0.997299
385.269 342.467 19.5826 22.2611 0.996712
884.185 464.822 19.5704 22.6369 0.996593
702.957 378.402 20.4606 23.4684 0.994853
187.3 388.039 19.8982 22.7566 0.994587
942.224 522.639 20.0071 22.719 0.994153
440.322 288.973 19.0243 22.6839 0.993355
253.793 380.156 20.6906 22.4425 0.992492
544.221 290.483 20.2079 22.6963 0.990931
677.427 449.879 19.4644 24.1645 0.989557
824.144 519.116 19.3568 22.0938 0.988671
603.784 514 20.0837 22.6922 0.988349
201.222 454.548 19.7407 22.4309 0.987849
397.002 513.142 22.5662 26.7537 0.986405
442.92 446.976 21.7746 27.1535 0.986273
598.101 343.34 19.9377 22.4556 0.986131
31.2446 511.587 20.1118 23.2503 0.985539
754.267 401.382 19.6903 23.0234 0.984266
133.17 426.863 22.0028 26.6731 0.983588
309.461 452.737 22.6203 26.7836 0.983587
499.25 512.196 22.4385 27.351 0.980364
9.71606 479.444 21.9129 26.3098 0.979518
548.948 450.029 19.156 22.9951 0.979247
500.206 396.151 19.9782 22.1387 0.976186
305.091 356.146 22.2924 26.4588 0.972116
978.074 323.106 12.704 15.2643 0.963073
264.689 513.06 22.2899 26.7355 0.96085
151.335 507.144 23.1196 26.4044 0.960733
906.009 328.328 11.9576 14.2966 0.9551
75.6974 453.836 22.1092 26.7252 0.952009
142.001 277.9 11.3237 13.362 0.947802
672.594 311.218 12.857 15.7183 0.924008
789.275 327.597 12.1559 13.6596 0.916629
793.379 386.846 15.3435 18.5628 0.914749
772.226 382.467 13.9497 17.7334 0.906367
821.011 313.689 12.349 14.3208 0.898771
714.058 516.308 22.0193 26.3243 0.879329
193.34 280.058 12.353 14.5855 0.846574
581.477 277.732 15.7507 21.0543 0.812878
614.515 302.64 14.5745 17.3637 0.809356
