0--Parade/0_Parade_Parade_0_472.jpg
13
58.7246 137.904 32.4168 36.1877 0.99875
508.928 129.715 36.4133 46.0198 0.996627
319.922 113.385 43.1959 54.3529 0.996023
601.236 264.822 47.1268 54.9112 0.991953
629.863 163.402 18.9741 20.9283 0.988255
931.855 229.22 17.8232 23.2896 0.963392
950.206 151.862 15.985 21.5463 0.959566
975.08 145.899 17.7151 20.8433 0.944705
559.663 134.84 19.7752 29.9479 0.908964
746.127 120.033 15.0701 25.9064 0.890468
655.45 169.215 16.3169 23.2019 0.866603
835.072 118.435 16.0168 25.2686 0.856023
352.066 277.176 47.151 54.4227 0.832951
