0--Parade/0_Parade_Parade_0_12.jpg
13
727.522 132.254 47.9092 65.0409 0.999149
394.253 174.256 34.2139 44.5917 0.999022
187.956 209.328 18.0471 21.7684 0.998484
483.651 163.51 41.4593 55.4095 0.998352
324.061 154.568 35.5752 42.3696 0.998193
912.243 149.709 24.8019 31.0652 0.997688
1004.22 135.612 25.2219 31.2472 0.995373
830.757 118.167 36.0771 42.806 0.994328
251.841 171.241 25.1662 28.5205 0.993659
575.518 179.482 24.3181 28.0725 0.992914
640.543 143.139 28.2245 32.5892 0.987629
277.803 192.636 24.6041 29.4523 0.982445
154.658 201.287 16.8304 19.8935 0.846479
