0--Parade/0_Parade_marchingband_1_649.jpg
27
5.53141 128.824 27.5618 34.9771 0.9988
860.03 154.452 30.5392 37.6872 0.998741
556.336 83.4585 35.4635 47.8923 0.998515
174.973 280.927 43.175 53.5081 0.997888
248.228 146.124 29.6209 33.2938 0.997826
661.759 215.799 37.0455 45.9111 0.997463
798.133 288.102 38.3986 49.6346 0.997427
895.288 324.171 38.5694 47.9776 0.997031
650.186 147.734 29.0923 37.6452 0.9969
293.487 286.456 42.7289 55.8896 0.996701
701.37 174.403 24.227 32.3298 0.996599
23.1949 200.832 38.0247 47.4745 0.996523
761.003 151.935 27.6555 35.5972 0.996441
342.294 120.311 30.1254 38.9578 0.996289
813.847 204.238 34.6736 45.5992 0.995974
245.508 194.669 39.7243 46.2021 0.995776
489.959 123.592 35.3716 44.9832 0.995659
409.475 85.8101 37.4014 46.4816 0.995133
54.2719 120.324 32.0697 36.6829 0.994595
907.414 179.715 24.8395 28.9872 0.993837
103.683 138.025 25.4417 30.1269 0.993527
699.662 292.007 38.6221 48.2556 0.992268
528.604 131.132 28.8573 37.8056 0.991634
969.635 152.67 32.5631 40.1873 0.989734
941.146 211.157 41.1351 46.3097 0.986104
131.744 241.826 34.4056 39.9921 0.971134
833.488 180.216 25.0521 31.364 0.960441
