0--Parade/0_Parade_Parade_0_239.jpg
12
224.99 320.696 37.2119 44.3164 0.998516
501.539 376.642 31.7472 41.0166 0.998176
902.02 280.229 33.4837 41.3438 0.998144
274.301 303.503 25.4698 31.0401 0.997917
607.63 296.761 28.1654 33.3009 0.99779
706.866 290.907 23.9935 31.2965 0.997207
880.144 327.879 34.1616 40.07 0.996634
395.148 287.439 31.5161 37.6271 0.996593
506.266 294.328 29.0247 32.9966 0.996408
352.128 295.044 32.1469 41.5087 0.996111
746.191 290.547 33.7598 41.8192 0.98422
832.184 310.123 12.7222 16.4633 0.92006
