0--Parade/0_Parade_marchingband_1_525.jpg
14
39.6855 426.797 15.075 17.2115 0.994914
538.47 396.911 18.9731 22.7938 0.994158
289.444 393.766 22.5621 27.5412 0.988954
763.743 438.154 18.9335 20.9541 0.988853
982.995 464.425 14.36 17.6183 0.98851
676.324 381.235 23.2385 28.206 0.985716
400.135 385.613 23.9293 28.0435 0.984422
900.313 424.789 18.9414 22.5714 0.982938
119.68 410.686 12.8877 16.2981 0.971037
192.022 374.483 23.8889 29.2818 0.969499
837.068 419.029 13.376 17.0248 0.968213
131.993 411.32 22.2934 26.8584 0.965096
10.8997 426.3 11.9528 14.9961 0.843126
75.4083 424.153 12.3652 16.6807 0.825717
