0--Parade/0_Parade_marchingband_1_149.jpg
24
280.585 231.019 25.0155 30.4063 0.998571
663.583 236.729 24.6475 31.7821 0.99847
473.381 232.496 23.1171 30.3573 0.998451
281.607 386.95 26.023 34.6211 0.998443
782.979 314.962 26.4105 30.674 0.998399
599.038 241.815 24.0103 28.7673 0.998221
351.137 238.897 25.4638 29.5584 0.997963
671.918 317.954 24.7803 31.6398 0.997711
534.809 222.815 23.2019 31.7661 0.997604
630.853 378.319 26.9561 34.0103 0.997508
537.067 300.051 25.2756 34.0344 0.997431
603.099 323.17 24.1252 31.7983 0.997424
309.437 315.038 25.3198 30.929 0.997419
728.785 241.535 24.477 28.7083 0.997337
227.518 314.845 22.8549 30.8233 0.997132
464.416 305.462 23.8544 30.0426 0.996708
527.7 386.173 25.8121 33.9714 0.996431
713.634 390.312 27.2969 34.958 0.995934
372.871 381.891 26.1612 35.9749 0.99569
808.65 239.561 24.625 33.3376 0.995475
404.312 223.923 23.9311 29.8303 0.994688
442.193 374.16 29.0908 38.9558 0.994563
389.905 309.927 24.9141 30.5395 0.994154
212.165 233.752 23.6919 31.7721 0.985974
