0--Parade/0_Parade_marchingband_1_765.jpg
112
650.297 317.551 14.8176 18.6327 0.999781
663.642 211.788 12.5425 15.7898 0.999762
674.21 248.398 12.7601 16.0204 0.999761
615.546 295.727 13.6411 17.188 0.999736
536.887 254.207 13.2767 15.8999 0.999713
397.239 245.189 13.7046 15.5109 0.999706
362.085 231.185 13.1961 15.9756 0.999694
648.356 267.367 13.762 17.1624 0.99965
769.406 293.459 14.0021 17.2186 0.999626
728.168 383.452 17.2841 21.307 0.999623
744.792 252.129 12.7647 16.4003 0.999565
892.966 267.171 14.0308 18.2684 0.999531
539.776 348.859 15.1792 19.3367 0.999529
714.757 271.43 13.2522 16.8917 0.999478
784.485 382.686 17.2769 20.3681 0.999443
704.387 231.235 12.3927 15.7851 0.999433
612.37 383.182 16.3258 20.5738 0.999429
252.462 268.871 14.1804 17.8039 0.999392
500.167 264.713 13.6088 16.9522 0.999383
492.968 367.603 18.1924 22.8335 0.999381
414.242 215.021 11.5212 14.4644 0.999376
441.591 235.963 12.9291 15.7918 0.999368
452.521 342.049 16.6689 21.1334 0.999281
195.564 373.701 17.9541 20.9255 0.999141
606.091 244.397 13.1652 16.1368 0.999016
623.521 348.198 14.8687 17.8333 0.999008
312.081 249.466 13.6877 16.3935 0.998943
286.932 290.755 13.9489 17.8692 0.998921
727.753 313.336 14.9981 17.8719 0.998892
763.259 230.48 12.0503 14.6899 0.998857
458.203 289.643 14.1444 17.7663 0.998849
689.356 296.499 14.0083 17.7901 0.998817
501.6 314.691 14.9377 18.8914 0.998676
765.814 351.515 15.1675 18.1123 0.998664
723.199 214.795 11.8411 14.6195 0.998527
845.388 373.23 18.4745 21.9268 0.998379
577.904 270.491 12.6656 15.737 0.99822
872.973 246.732 12.8706 15.6741 0.998165
780.011 221.949 11.7551 14.0035 0.998101
802.43 253.415 12.3751 15.2745 0.998074
583.557 315.072 15.5938 18.6963 0.997937
308.25 372.101 18.1633 22.3576 0.997873
663.785 380.204 16.8814 19.4674 0.99779
691.918 352.053 15.133 18.2491 0.997442
689.995 200.6 12.065 14.4701 0.997165
232.251 199.27 13.4368 16.402 0.997108
485.375 190.243 10.941 13.8353 0.997095
758.757 189.934 11.5308 14.0298 0.997054
405.15 310.437 15.855 19.2415 0.997019
113.664 299.579 16.739 21.7944 0.996813
257.033 344.199 16.1205 18.7557 0.996763
422.025 269.891 12.9696 16.1829 0.996653
540.661 207.674 11.6344 14.7911 0.996587
351.363 344.084 16.5623 20.7536 0.99645
369.481 291.156 13.6817 18.3097 0.996443
475.262 215.042 11.3907 13.34 0.99639
555.049 378.928 17.4384 21.5167 0.996325
317.72 305.167 15.9163 19.2122 0.996269
226.167 318.692 15.3697 18.3911 0.996157
503.293 235.491 12.6173 15.2221 0.995802
511.125 172.306 11.1214 13.7944 0.995721
805.912 323.748 14.6665 18.301 0.995332
369.667 369.472 17.3096 21.3976 0.995095
905.429 383.76 18.9053 21.803 0.994614
172.709 257.801 15.301 18.6268 0.9944
139.274 273.582 16.1233 19.2137 0.994158
153.288 382.263 17.5291 19.7971 0.994114
823.598 180.58 12.119 15.4731 0.993897
541.536 297.692 13.9967 16.0736 0.993136
786.341 274.873 13.8073 16.9816 0.99296
328.29 172.625 11.2122 14.1505 0.992934
89.5922 324.587 19.3196 23.2152 0.992742
430.038 374.326 17.8142 21.0713 0.992367
630.484 199.88 11.7814 14.6179 0.990499
202.32 221.217 14.4033 18.2196 0.99035
420.008 190.472 11.1857 13.7038 0.98977
466.555 251.285 12.5101 16.265 0.987298
331.023 218.858 12.1857 14.9375 0.986438
640.199 233.377 12.9505 15.0124 0.985756
912.047 290.996 15.471 18.6441 0.985481
566.605 200.985 12.3806 14.4827 0.984579
833.876 203.63 13.5122 16.2289 0.984287
384.049 205.656 11.2344 14.2656 0.983882
339.296 267.06 13.9707 16.7383 0.98259
396.206 171.932 11.8682 14.2166 0.977838
600.787 189.83 11.3632 13.147 0.977112
540.764 188.193 11.2204 13.4412 0.975308
745.128 205.027 11.417 14.1454 0.973766
730.158 181.889 11.4814 13.5537 0.971057
351.53 183.056 11.6637 14.3408 0.968568
273.783 164.138 11.478 14.5609 0.966794
652.599 188.829 11.4198 14.3057 0.966549
657.443 164.625 11.155 13.5336 0.962068
568.576 235.429 13.1934 15.0326 0.960912
447.836 204.759 11.9259 14.4318 0.959065
568.654 173.543 11.2142 13.6182 0.957049
605.906 210.948 12.1925 15.1455 0.950499
833.595 300.054 14.2939 17.4141 0.943235
505.303 204.455 11.6606 13.9538 0.939769
309.947 203.843 12.1759 14.5823 0.927307
245.047 185.635 12.5857 16.6632 0.927044
260.538 173.141 11.7308 15.1363 0.923379
626.922 180.321 11.2211 13.6653 0.918074
248.432 369.015 17.6504 21.1204 0.882613
598.111 164.792 10.81 13.3654 0.868428
803.447 157.361 11.1769 13.7896 0.864636
856.95 356.351 16.3043 19.4534 0.846045
368.808 163.547 11.0204 13.7105 0.84394
456.383 173.252 11.3811 14.0828 0.83826
716.713 155.099 11.4251 14.1423 0.829581
283.496 149.096 11.6092 14.6075 0.82362
738.257 162.813 11.8795 14.2452 0.807109
