0--Parade/0_Parade_Parade_0_120.jpg
14
665.222 327.981 16.828 18.9464 0.99875
442.583 326.576 18.0735 21.1033 0.998546
327.266 315.19 17.2415 20.1233 0.996809
951.632 311.908 40.5505 46.2186 0.996266
491.55 317.37 19.1701 21.7115 0.995148
45.8197 324.903 24.0105 32.3519 0.995119
392.264 332.619 15.6344 17.7074 0.990169
629.115 319.893 13.3603 16.5576 0.988663
109.456 308.107 40.2553 45.6936 0.987294
525.571 333.287 33.1845 34.2724 0.98292
287.18 341.96 15.9404 18.8056 0.971992
745.531 312.383 13.039 15.8774 0.963731
696.892 320.434 14.4952 16.0214 0.958125
566.067 319.995 12.3041 16.1336 0.884265
