0--Parade/0_Parade_marchingband_1_172.jpg
61
853.328 182.856 29.6309 34.2855 0.999636
244.157 167.504 32.7011 41.2098 0.999333
672.001 180.86 27.8259 31.1411 0.999323
112.499 83.6545 25.1442 30.1444 0.999315
509.891 142.554 25.5151 32.3888 0.999299
746.754 125.352 25.242 30.6082 0.999189
374.486 108.407 24.2968 29.0112 0.999049
648.908 103.26 21.9221 27.799 0.99848
277.951 93.5079 23.8766 28.5892 0.998345
696.629 137.699 26.2689 29.5958 0.99822
908.482 97.9001 17.5618 21.23 0.998202
561.976 132.497 23.6529 28.4883 0.997472
569.508 243.296 39.3054 48.3434 0.996879
228.764 86.834 19.3461 22.3714 0.99685
607.59 49.2815 13.9294 16.1212 0.996763
966.532 118.314 17.9376 22.7152 0.995562
778.486 100.238 22.2876 28.2171 0.99524
841.229 98.6202 23.101 27.5589 0.995168
491.459 109.813 23.5338 27.0557 0.994496
811.286 33.5089 11.2904 14.2864 0.992876
523.321 92.029 22.3804 28.4842 0.992746
440.024 104.325 24.0972 28.3142 0.992743
170.215 82.5714 22.7668 26.6306 0.992692
252.932 94.4984 22.1917 27.0422 0.99197
944.302 127.075 23.8624 27.0877 0.991711
696.191 74.462 16.708 21.0567 0.991283
673.989 55.2948 15.6584 17.8962 0.989104
586.638 78.1529 19.2292 20.626 0.988303
838.803 24.2456 12.1815 14.707 0.987311
467.602 39.4151 14.6668 17.0738 0.986818
872.946 103.611 19.002 22.1162 0.986343
407.079 64.369 15.7359 19.9161 0.985552
712.344 102.557 19.3935 21.7713 0.984608
67.6836 33.0272 16.2296 18.5079 0.98295
303.82 78.3331 19.2703 23.5536 0.982851
440.61 72.288 19.5637 21.7246 0.978739
252.959 47.6932 16.1023 20.1423 0.975879
541.035 69.3525 16.2855 18.9765 0.975359
879.487 168.066 23.494 29.5466 0.975061
811.094 78.5766 17.1196 20.4612 0.970625
592.751 111.967 23.4912 27.009 0.969812
645.613 78.2255 17.8401 19.8422 0.969438
927.601 88.6621 17.082 19.7817 0.969266
563.499 48.436 16.1283 20.2638 0.959256
70.7595 83.7261 19.8151 22.7488 0.94676
489.13 70.0916 17.8403 20.4578 0.945014
194.211 96.272 19.9655 22.3212 0.939914
286.19 40.2125 15.1533 16.7741 0.932723
982.974 129.48 23.1459 26.205 0.925142
925.702 35.3994 14.9019 17.5506 0.922928
884.931 141.755 23.9865 27.21 0.922443
952.486 55.4761 14.7506 17.0043 0.913901
113.066 26.8213 14.9539 16.8606 0.902756
203.804 117.825 19.5481 22.0839 0.890214
372.34 87.2435 19.2945 19.9771 0.886751
649.91 42.9418 14.6649 17.3093 0.855778
328.523 122.705 22.3538 28.5765 0.83428
16.9645 6.21421 14.0076 16.7243 0.827785
486.107 32.8581 13.1719 15.4152 0.820278
1006.86 75.3165 15.2006 19.4146 0.810222
551.452 17.2265 12.2669 14.9729 0.809206
