0--Parade/0_Parade_Parade_0_664.jpg
20
195.681 293.496 13.7748 16.9193 0.998825
515.891 313.827 14.2523 17.5513 0.998699
461.916 301.326 15.5184 19.2556 0.998468
581.493 327.87 18.6493 22.8569 0.998036
975.794 344.332 18.0567 22.2882 0.99699
938.587 336.678 26.2321 30.0632 0.996557
617.686 339.721 22.5125 29.4944 0.994841
465.19 340.471 22.6536 30.2249 0.993545
489.245 326.256 18.75 23.9416 0.99277
16.1643 339.489 34.084 39.1389 0.991998
211.306 315.343 22.2585 28.0429 0.988736
843.913 325.088 17.5046 23.9385 0.98302
360.766 324.081 16.4589 20.6601 0.981633
576.103 310.324 12.6164 15.5677 0.981372
123.01 323.277 22.2352 27.3631 0.980295
245.186 308.784 18.0748 23.8629 0.956664
809.708 349.765 16.5389 22.8604 0.941504
660.634 322.5 16.9897 22.5142 0.855385
132.384 304.343 12.7147 14.6709 0.848399
408.926 335.409 22.3969 28.0752 0.84643
