0--Parade/0_Parade_Parade_0_102.jpg
16
83.7191 540.203 16.3884 20.8323 0.999487
57.5365 543.726 18.2605 21.9998 0.995014
424.468 540.077 18.8419 22.4551 0.993656
524.544 537.488 21.8705 28.7434 0.991496
268.509 531.26 16.4994 23.1734 0.991471
742.003 538.703 18.1515 21.5315 0.988111
932.823 439.124 24.8201 29.6483 0.987186
329.018 544.252 17.8168 21.1099 0.980576
185.153 536.796 18.7036 22.552 0.975042
595.029 524.203 18.8379 20.8397 0.968306
806.403 448.292 24.6181 28.9304 0.960451
662.447 528.869 19.9667 21.6474 0.956294
866.904 541.323 17.4469 20.9624 0.943548
379.907 543.542 13.5569 16.4329 0.921654
496.354 521.473 18.4479 20.1599 0.890985
221.457 530.379 13.5119 16.3031 0.821348
