0--Parade/0_Parade_marchingband_1_629.jpg
18
34.9767 377.749 11.6311 14.7612 0.99964
426.222 362.07 11.1772 13.4967 0.999556
463.272 359.594 11.5571 14.4242 0.999522
508.404 366.955 12.7396 15.7469 0.997432
609.632 371.284 13.0786 16.0869 0.996623
560.867 369.317 12.1754 15.0847 0.996189
137.838 360.693 12.1083 14.7238 0.993026
109.263 373.995 13.8372 16.4046 0.992806
635.664 327.117 11.7683 14.0837 0.985957
392.55 361.748 11.3253 13.6301 0.970697
577.063 321.617 12.0581 14.9131 0.966832
428.09 320.662 11.1026 13.7008 0.945574
52.9512 335.1 12.309 14.0158 0.917963
233.382 366.011 13.1809 15.84 0.883842
650.75 375.437 11.1324 16.5127 0.833553
0.661452 347.631 12.4693 14.9369 0.827143
861.325 354.203 11.023 14.1671 0.819241
793.97 352.81 12.3264 13.892 0.806299
