0--Parade/0_Parade_marchingband_1_234.jpg
51
582.267 415.75 17.3624 22.0626 0.999666
402.881 290.775 16.2914 17.8399 0.999633
507.662 256.695 17.2876 20.345 0.999553
676.662 285.326 16.1811 18.1114 0.999358
785.578 320.16 16.5985 21.5401 0.999349
333.792 411.965 17.5614 22.5699 0.999257
367.335 309.28 16.1672 20.1813 0.999116
728.513 318.822 16.0155 18.8717 0.99905
612.634 323.005 16.3333 20.7087 0.999047
352.853 230.195 15.2998 17.2512 0.998983
434.415 313.853 16.3381 20.2885 0.998765
646.653 412.132 16.789 21.5393 0.998715
704.054 419.311 16.0597 21.6974 0.998672
318.045 261.706 15.3524 17.6793 0.998512
489.6 311.337 15.1363 18.5376 0.998417
670.983 211.225 15.5702 17.747 0.998397
746.321 274.266 16.0321 17.6224 0.998374
761.057 421.638 15.954 20.4813 0.998352
555.5 312.635 16.582 20.3862 0.998295
437.074 262.203 14.9907 16.9399 0.998068
255.152 255.942 15.6702 17.9355 0.997948
215.945 294.063 17.033 20.3412 0.997701
343.287 280.914 15.5253 17.345 0.997683
400.708 219.076 14.9052 16.5405 0.997674
227.119 220.874 16.4824 19.4188 0.997635
403.823 412.88 17.2661 21.168 0.997322
524.898 415.495 16.1055 20.7848 0.997079
843.894 253.238 17.6332 20.989 0.996815
206.937 421.189 17.2333 20.8697 0.996754
284.485 296.002 15.8443 18.2632 0.996713
668.234 323.492 16.7319 20.8889 0.99658
701.823 255.37 15.6531 18.0299 0.99656
280.579 420.891 17.5024 21.3874 0.996452
606.096 304.66 17.1095 18.3914 0.996331
568.66 268.802 15.5938 18.1792 0.996165
467.455 233.564 15.48 17.3713 0.995023
539.737 292.707 17.0093 18.6742 0.99408
864.108 303.585 15.1889 18.1794 0.992265
776.213 255.456 15.6899 18.4069 0.990603
736.762 231.79 14.9101 17.1584 0.990038
305.992 315.278 16.7891 19.6142 0.989806
807.557 284.17 15.975 17.3729 0.983853
187.167 327.032 16.9345 17.7394 0.981263
603.313 205.764 15.6794 17.9001 0.981189
530.666 223.486 15.3126 17.5957 0.977601
642.712 251.256 15.1547 17.4261 0.975942
481.519 176.867 16.5439 18.7385 0.964324
469.464 311.421 13.7072 16.6531 0.950169
292.133 230.479 15.064 17.7547 0.936004
469.589 404.145 17.0192 21.7536 0.923826
374.864 264.789 14.8954 16.8383 0.828071
