0--Parade/0_Parade_marchingband_1_267.jpg
23
467.001 224.039 32.4899 36.5835 0.999618
925.509 146.195 15.9249 19.3796 0.999345
509.769 235.404 27.2755 30.2568 0.998966
585.304 226.299 25.4005 33.05 0.998525
646.859 157.097 15.4006 18.1693 0.998272
165.267 245.655 34.5031 40.5001 0.997932
622.939 175.159 17.5314 22.4813 0.997807
564.959 139.061 16.2569 18.9279 0.997405
711.159 165.365 18.2324 22.835 0.996949
315.771 222.513 25.6789 34.2215 0.996776
424.549 203.515 25.4916 33.0999 0.996496
354.999 236.286 25.7569 32.4143 0.996071
505.189 195.357 23.4591 27.7837 0.993084
548.863 179.093 22.5416 28.3887 0.99204
-8.47499 219.486 35.9236 47.8171 0.989175
581.938 179.993 21.73 27.3428 0.986636
761.425 155.205 14.123 16.1316 0.985427
803.813 139.353 18.1434 20.8177 0.984176
680.261 145.103 14.4886 16.5372 0.983574
833.053 146.459 13.8643 17.2003 0.963541
588.959 142.168 14.541 16.6674 0.925727
653.581 196.029 18.8647 23.176 0.876628
678.265 200.331 18.2332 23.0426 0.874943
