40--Gymnastics/40_Gymnastics_Gymnastics_40_950.jpg
8
861.5011875 45.043671875 66.41725 92.886140625 0.999738752842
338.94525 46.5507265625 65.4695 81.3342421875 0.999258935452
108.8756875 85.337890625 67.667453125 72.943765625 0.998418211937
642.9251875 78.2220390625 62.7623125 79.7316015625 0.99798977375
486.252875 75.2335 55.6223125 73.650484375 0.997504413128
957.100375 22.2449765625 34.3820625 43.4818671875 0.996524751186
970.5105625 10.29065625 29.0925625 37.1777304687 0.958755135536
1008.6925 30.7749296875 15.2835 35.165 0.946135938168
