40--Gymnastics/40_Gymnastics_Gymnastics_40_646.jpg
16
548.0106875 196.67240625 47.080875 59.088890625 0.999469339848
594.472375 304.04159375 46.332375 60.0803125 0.999150872231
840.77075 162.5754375 46.6241875 57.801375 0.999125897884
261.86115625 256.24875 44.6789375 56.7121875 0.999039053917
120.324179688 296.02846875 49.5912734375 55.30175 0.999031424522
711.9890625 165.789046875 43.7339375 55.060734375 0.998809099197
503.31296875 311.8698125 46.65253125 58.039125 0.998630285263
917.4823125 302.3480625 56.5000625 68.412 0.998622655869
379.819625 275.5010625 48.61859375 61.88578125 0.998550951481
392.13946875 149.719875 42.10665625 54.793921875 0.998243331909
770.7501875 316.39509375 54.933125 64.83728125 0.996029257774
1001.9839375 42.4893085938 12.9643125 15.7762617187 0.961512029171
174.036421875 81.730890625 16.81278125 19.4903515625 0.954378247261
958.034 67.754265625 17.93825 21.3167109375 0.904946386814
999.668625 79.723828125 13.1993125 15.861296875 0.88090634346
934.7730625 82.77209375 12.3383125 14.9485078125 0.836296975613
