40--Gymnastics/40_Gymnastics_Gymnastics_40_593.jpg
16
301.81928125 185.481328125 44.41378125 58.38875 0.998739421368
171.10421875 260.202828125 42.942296875 56.902859375 0.998665690422
842.2113125 257.31278125 39.56625 48.21365625 0.99833291769
71.1396484375 292.51625 37.034890625 46.14425 0.998288691044
751.9653125 197.840765625 39.104375 48.970609375 0.997991085052
939.1135625 300.4860625 38.379 51.05953125 0.997960329056
542.535375 182.551 41.7855 54.63159375 0.997820973396
419.763875 209.230796875 36.00384375 50.125765625 0.997042119503
629.0509375 205.249703125 39.0484375 53.007296875 0.99546533823
36.48390625 245.211859375 47.512171875 56.874390625 0.993892669678
14.9900839844 107.081296875 23.4071855469 30.988359375 0.978506267071
111.466734375 119.4345625 18.4025078125 21.41225 0.923843622208
910.30575 28.8221660156 17.084 21.4914628906 0.888275206089
21.6334667969 48.1942070313 22.6960800781 30.5885898438 0.887833416462
16.5844765625 218.58478125 18.7963398437 22.451203125 0.882906377316
165.82375 137.048203125 22.329796875 27.976359375 0.824202358723
