40--Gymnastics/40_Gymnastics_Gymnastics_40_659.jpg
11
412.28584375 187.375484375 32.7719375 43.223921875 0.998860359192
354.10021875 317.45909375 37.9685625 48.42340625 0.99882465601
412.50184375 479.94628125 46.46675 62.61859375 0.998644173145
233.4331875 315.9668125 34.55109375 42.7261875 0.998562753201
284.84059375 193.6708125 34.36990625 42.27559375 0.998427391052
754.59175 296.41753125 39.6568125 48.31290625 0.998169779778
565.868 163.310515625 34.4290625 45.40784375 0.997959136963
454.794125 351.41925 40.93940625 47.9260625 0.997882902622
615.3365625 331.46596875 41.9419375 49.44115625 0.997548997402
483.581375 218.159109375 35.46115625 45.027890625 0.997502267361
675.084625 183.32975 35.6280625 47.698484375 0.997465133667
