40--Gymnastics/40_Gymnastics_Gymnastics_40_869.jpg
9
298.128359375 272.614335938 68.460078125 87.7908203125 0.998790919781
500.250859375 277.255234375 70.5888671875 93.98203125 0.998353123665
416.637226563 548.686015625 74.834921875 96.358359375 0.998306512833
803.75765625 491.195976562 72.705625 97.2894140625 0.997999727726
610.34546875 820.761953125 77.166328125 103.97390625 0.997740268707
177.889414063 475.398945313 76.2103125 93.6330859375 0.997424840927
347.940546875 832.8384375 75.7299609375 94.380546875 0.997117757797
711.938125 298.270039063 71.137734375 94.6815234375 0.996980130672
592.975078125 541.295039062 71.478203125 95.8065234375 0.996644616127
