40--Gymnastics/40_Gymnastics_Gymnastics_40_668.jpg
9
111.215445312 260.89821875 160.807554688 150.81296875 0.999517798424
863.091625 206.842515625 99.7025625 107.360109375 0.999507427216
190.84984375 67.1239375 107.7800625 134.4830625 0.999378442764
279.864125 197.503515625 122.2105 142.710609375 0.999184429646
652.9170625 195.44734375 77.6039375 91.1035 0.999077439308
382.58796875 178.372890625 108.837125 127.240640625 0.999074220657
498.42796875 190.82875 84.85146875 118.16865625 0.998792409897
760.6814375 245.33175 13.013625 17.72771875 0.985330462456
979.032875 277.7016875 14.9176875 18.82290625 0.95103675127
