40--Gymnastics/40_Gymnastics_Gymnastics_40_420.jpg
8
405.15075 327.372539063 81.08275 103.082617187 0.99907541275
313.865367187 214.834453125 67.5029921875 89.4868046875 0.999003946781
240.730875 194.308464844 66.201859375 87.3409023437 0.998944103718
162.1550625 177.291796875 68.114078125 84.105953125 0.99893194437
594.7785 409.52896875 90.44771875 116.966640625 0.998833715916
757.955578125 466.377 92.031109375 118.254203125 0.997979342937
475.619203125 390.8090625 81.551875 108.174296875 0.997475445271
380.36278125 289.379765625 71.899796875 97.3393984375 0.933952689171
