9--Press_Conference/9_Press_Conference_Press_Conference_9_40.jpg
26
714.073 158.615 31.5676 39.4263 0.99962
464.106 179.224 18.8716 23.4791 0.999461
353.303 169.617 14.0417 16.5443 0.999151
108.318 186.236 17.0742 19.7335 0.999077
897.696 174.742 39.296 44.6648 0.998281
424.111 166.858 16.446 20.3322 0.99798
298.814 178.149 15.1615 18.258 0.997385
332.973 180.16 13.1101 16.4493 0.996928
188.134 180.197 16.2639 19.3319 0.996489
371.863 177.5 13.8366 17.3381 0.996015
246.462 170.309 15.2034 17.7281 0.995724
221.014 235.847 36.9274 50.306 0.994575
527.267 166.989 21.3215 29.3245 0.993962
51.1133 227.332 18.0092 21.4351 0.992023
206.241 172.98 14.6564 18.1108 0.991681
694.828 159.573 22.0426 30.9458 0.989037
406.76 163.192 15.5679 20.0117 0.983501
368.792 236.485 19.118 23.3966 0.983399
13.9134 170.974 17.4392 21.354 0.981213
458.914 158.505 18.8779 21.8294 0.969765
977.225 180.001 47.078 38.607 0.949929
513.255 168.141 16.9042 22.3111 0.93172
750.992 118.49 28.3369 35.6526 0.92401
261.984 218.099 17.9487 22.1146 0.91681
664.216 173.664 22.842 29.7827 0.882063
592.946 126.038 23.5215 32.1794 0.837335
