9--Press_Conference/9_Press_Conference_Press_Conference_9_35.jpg
12
687.221 214.214 14.7749 19.4901 0.998957
401.616 187.733 12.2462 15.6102 0.993789
956.095 218.748 28.8624 36.4209 0.993757
623.326 216.932 14.9301 18.3873 0.992816
267.664 308.013 21.8102 38.3268 0.989128
959.781 194.098 28.0729 34.5832 0.981462
311.003 214.273 14.0705 17.6155 0.975243
189.47 192.461 18.2027 22.9756 0.971835
304.832 283.802 16.1987 27.03 0.91473
286.67 211.448 13.4936 16.9099 0.913943
601.752 197.496 13.5426 14.6966 0.899928
853.137 141.718 12.6301 15.4449 0.896498
