42--Car_Racing/42_Car_Racing_Car_Racing_42_906.jpg
13
193.608154297 102.126213074 31.5731048584 40.5528030396 0.998116254807
652.122192383 79.4236984253 27.1354980469 34.038848877 0.994017481804
754.429626465 80.2351379395 27.3002929688 34.4278717041 0.992982745171
585.806518555 106.453536987 27.6013183594 35.2702789307 0.992695808411
840.950683594 110.221542358 29.1005249023 35.9284362793 0.991642951965
499.035766602 81.872833252 26.3009643555 34.415802002 0.991296172142
237.763580322 82.3746871948 26.6810913086 34.6080322266 0.98690122366
417.74206543 96.3092193604 25.312713623 32.854598999 0.986101984978
294.877380371 100.983474731 27.19921875 35.866104126 0.984749019146
566.89263916 75.0355834961 24.662902832 32.47315979 0.980311751366
390.972930908 148.629058838 24.8920898438 29.299911499 0.973772823811
707.027770996 72.8647079468 22.8245849609 30.7806243896 0.96744042635
332.029541016 114.517303467 23.2913818359 30.3277435303 0.948469102383
