32--Worker_Laborer/32_Worker_Laborer_Worker_Laborer_32_932.jpg
9
954.739013672 780.430358887 58.3023681641 75.2512817383 0.99678838253
686.809814453 777.803039551 50.6344604492 64.8213500977 0.996284723282
808.884338379 796.972106934 66.9483642578 88.4106445312 0.992852151394
359.586853027 820.212402344 62.2129516602 80.7583618164 0.992778003216
519.751831055 809.031311035 53.915222168 75.0699462891 0.988805770874
103.635223389 776.259765625 62.8008880615 83.0377197266 0.986282765865
278.630645752 857.122802734 71.3100585938 95.2884521484 0.974969685078
243.413192749 787.473632812 53.467086792 67.2202758789 0.955881416798
268.187072754 92.5540466309 85.9931030273 110.595321655 0.943212449551
