58--Hockey/58_Hockey_icehockey_puck_58_493.jpg
17
654.051 55.3581 31.754 42.2082 0.99596
251.111 46.7713 34.9626 44.8688 0.995151
109.083 128.473 43.4619 55.5878 0.99371
905.104 125.924 37.9802 44.2379 0.992274
108.852 15.681 30.3885 40.0261 0.99207
237.847 111.408 39.6521 48.1001 0.988706
717.917 -4.6371 30.1752 35.7323 0.981968
598.417 -4.6946 37.0514 42.5444 0.980326
609.32 139.995 37.6644 44.6224 0.979436
227.354 -3.97807 32.2747 37.4875 0.976467
774.254 141.398 38.356 44.8604 0.975112
439.869 55.6789 26.3581 38.6326 0.966253
469.009 83.0701 77.843 93.5105 0.957123
312.869 172.658 60.8163 70.2254 0.93281
482.789 -2.39392 34.6216 40.2384 0.924267
348.437 -13.6329 33.9345 41.1889 0.886696
810.623 -1.93347 28.0509 35.7776 0.867956
