58--Hockey/58_Hockey_icehockey_puck_58_221.jpg
14
250.292 330.782 46.8897 66.9625 0.998668
655.903 461.107 50.2943 59.441 0.997664
-10.2042 694.992 63.0382 75.5094 0.996879
8.26968 459.568 45.8763 58.6319 0.995186
95.3103 358.508 56.7644 73.5098 0.994548
458.261 527.274 67.313 86.0824 0.991176
204.672 470.195 55.7485 76.248 0.98802
110.634 458.444 54.2822 69.014 0.97227
574.992 31.6405 48.1543 56.6695 0.953704
738.102 158.565 40.9003 56.1891 0.940551
56.9552 75.7066 35.5284 41.7626 0.886587
548.497 491.018 32.6288 40.6707 0.846832
-9.63064 188.945 46.4636 63.5929 0.800748
76.1359 579.412 56.551 66.8939 0.800659
