58--Hockey/58_Hockey_icehockey_puck_58_245.jpg
23
253.37 204.239 30.7047 40.5553 0.998487
675.942 54.959 32.1935 41.124 0.998485
198.492 122.143 29.8702 37.0479 0.998341
529.567 98.97 30.8444 41.1309 0.998257
409.469 82.5138 31.0763 40.1703 0.998135
198.364 225.813 34.2996 43.4152 0.997999
102.856 94.8771 31.5016 40.2109 0.997806
473.638 116.076 31.6735 38.6432 0.997668
280.263 78.9605 30.66 39.0353 0.997612
612.325 195.9 29.6382 38.3225 0.997454
352.495 207.93 30.3973 36.875 0.996905
382.169 105.251 28.2379 36.9286 0.996323
811.51 54.9547 28.9948 36.0208 0.995821
679.159 290.465 29.8912 39.0228 0.99581
734.022 64.2771 27.8518 36.5917 0.994432
901.033 168.79 33.2605 42.0006 0.994385
840.15 200.283 28.413 36.1416 0.993858
610.862 72.2944 29.2245 36.3028 0.993833
611.905 365.508 29.7295 39.078 0.99138
98.0613 188.467 33.9556 38.4558 0.991295
154.199 75.2733 30.294 35.6048 0.991171
884.01 48.3069 29.1134 34.7929 0.989196
437.403 194.829 32.323 42.9826 0.985204
