40--Gymnastics/40_Gymnastics_Gymnastics_40_646.jpg
14
548.011 196.672 47.1049 59.1129 0.999469
917.277 303.56 56.4658 67.1371 0.999221
840.806 162.614 46.6451 57.7813 0.999177
594.472 304.042 46.3564 60.1043 0.999151
261.861 256.249 44.7029 56.7362 0.999039
120.324 296.029 49.6153 55.3258 0.999031
711.989 165.789 43.7579 55.0847 0.998809
503.313 311.87 46.6765 58.0631 0.99863
379.82 275.501 48.6426 61.9098 0.998551
392.139 149.72 42.1307 54.8179 0.998243
770.751 316.395 54.9575 64.8615 0.996033
1002.12 42.9031 12.559 15.4331 0.927863
999.742 80.5215 13.0157 15.5893 0.869606
174.381 81.5501 16.2402 19.5736 0.828734
