40--Gymnastics/40_Gymnastics_Gymnastics_40_492.jpg
22
307.693 7.83074 24.7734 32.5658 0.999194
207.24 18.0391 25.1999 31.6639 0.99902
653.057 123.578 42.054 54.8467 0.997927
472.553 152.924 36.1235 50.2096 0.997768
556.339 134.629 39.7552 47.7152 0.997588
509.294 55.6202 23.6182 31.2584 0.997314
357.951 150.029 42.7002 53.6222 0.997218
548.668 47.2475 25.5034 31.9487 0.997164
486.31 64.6501 21.9344 28.8187 0.9966
378.936 -4.48534 22.3622 30.1357 0.996261
308.297 72.0698 21.5229 34.6932 0.994707
35.7513 -0.328857 21.0126 32.1597 0.993092
468.441 77.5606 21.973 29.8013 0.991189
267.37 18.2082 22.0958 30.5999 0.990712
449.423 -8.37543 23.6307 29.1452 0.987633
350.842 -7.90748 24.3581 31.3882 0.985435
363.285 76.499 22.5349 30.2685 0.980724
445.746 108.874 22.5453 28.3363 0.979622
337.411 -8.42159 26.5748 32.0851 0.97767
168.135 17.7253 22.0473 31.02 0.952692
585.958 78.4097 24.1296 29.0623 0.913652
412.171 -9.36094 22.6885 29.5293 0.887719
