40--Gymnastics/40_Gymnastics_Gymnastics_40_273.jpg
24
591.179 127.718 33.0496 40.0912 0.998153
490.662 126.164 33.0326 41.2238 0.997792
390.385 121.6 33.0339 43.5796 0.997633
374.456 234.229 37.2269 45.6404 0.997479
826.456 234.279 37.6876 46.3323 0.997398
792.173 125.415 34.3161 41.9309 0.997294
98.1554 112.299 36.4083 44.7333 0.99668
180.868 231.834 36.8459 44.7613 0.996571
299.615 128.236 34.1901 45.2209 0.996418
231.488 65.7745 28.3369 38.2095 0.996307
487.594 62.071 29.2086 38.7848 0.996195
407.068 77.8819 30.6004 39.3567 0.995962
670.472 250.552 37.4599 45.8617 0.995538
486.171 262.19 37.6133 45.9451 0.995166
549.665 275.504 35.8952 44.8818 0.99485
581.105 76.0929 29.061 36.5759 0.994628
894.615 128.201 33.5255 42.6361 0.99454
200.685 127.026 32.0457 40.6399 0.99452
671.913 72.7348 30.2806 38.7692 0.993338
317.318 69.527 29.6791 38.5711 0.993079
693.404 126.661 33.7359 41.7032 0.992034
146.561 68.0755 30.0282 39.0942 0.9902
823.593 57.6332 30.6351 40.7839 0.98886
754.6 66.0627 29.9699 39.5 0.975895
