40--Gymnastics/40_Gymnastics_Gymnastics_40_891.jpg
27
824.031 335.741 24.7419 34.3927 0.999292
606.892 486.449 30.8027 38.3397 0.999002
922.169 359.907 32.5168 41.4943 0.998863
523.253 304.355 28.7519 36.7808 0.998713
737.335 498.045 33.8548 42.0892 0.998525
759.795 333.489 30.1599 36.2312 0.998428
259.823 280.061 30.1196 38.2093 0.998371
581.071 321.627 26.9198 34.6661 0.998219
380.221 287.859 29.4401 37.2977 0.998086
842.542 348.063 27.0411 33.1933 0.998051
321.713 295.728 29.9714 37.3401 0.998008
676.365 394.673 30.954 38.6726 0.99797
477.771 387.037 28.922 34.2999 0.997745
872.752 351.699 33.389 41.2893 0.997356
605.771 391.893 30.4706 39.6085 0.996654
184.112 311.615 30.0179 35.6954 0.996379
457.729 478.207 29.4819 36.0345 0.995945
670.02 283.241 29.1273 35.854 0.995666
122.048 298.936 32.219 39.7606 0.995047
450.413 305.429 29.0198 33.9204 0.994657
677.894 489.907 31.8089 39.3287 0.994125
387.835 484.389 27.9999 32.2915 0.992639
69.2132 305.297 32.2686 40.9423 0.992101
520.766 481.304 30.4711 38.1003 0.992014
547.242 379.133 29.3288 38.7253 0.990278
761.888 414.585 31.1476 34.6546 0.983689
696.103 336.764 29.095 35.1811 0.97188
