16--Award_Ceremony/16_Award_Ceremony_Awards_Ceremony_16_25.jpg
11
649.67 137.996546875 37.58125 46.416921875 0.999378681183
500.89246875 95.21459375 35.79653125 45.935890625 0.999078154564
927.884375 152.33784375 44.482125 58.13709375 0.998763203621
842.3315 135.812 40.7125 44.967515625 0.998741567135
439.08471875 120.498960938 35.36390625 46.7015546875 0.998568177223
226.05975 118.254179687 38.78421875 47.3867578125 0.998254835606
741.603625 144.292953125 41.207625 58.8490625 0.997912824154
560.847 102.633507812 43.389875 56.1827890625 0.99788069725
149.574859375 93.912140625 42.00534375 56.656125 0.997618734837
333.302125 153.1701875 40.00896875 48.464921875 0.997398376465
59.0677617187 103.558046875 47.2155507812 56.62509375 0.996219456196
