16--Award_Ceremony/16_Award_Ceremony_Awards_Ceremony_16_141.jpg
14
604.2265625 311.69009375 24.882125 34.9966875 0.999450981617
542.952625 298.26175 26.496 37.68803125 0.998968958855
186.17165625 277.389125 37.192578125 48.45453125 0.998679578304
567.3685 311.3406875 24.526 35.79871875 0.997702538967
141.455234375 265.22246875 36.137203125 49.526625 0.997296512127
635.1123125 322.234 23.6209375 29.1204375 0.996835529804
389.354 237.1971875 46.0155 57.1115 0.996749043465
94.053640625 261.988796875 35.7435390625 52.128828125 0.996562898159
460.2770625 259.33503125 32.62553125 43.55503125 0.995612978935
342.49753125 245.0994375 42.8033125 61.8841875 0.993869662285
503.6236875 284.0544375 25.3274375 41.5143125 0.993797719479
8.45925976562 239.539796875 42.2465527344 63.411734375 0.988209605217
433.76465625 261.898765625 34.56928125 53.001296875 0.915523409843
491.14896875 282.6554375 26.757875 39.03284375 0.886335194111
