16--Award_Ceremony/16_Award_Ceremony_Awards_Ceremony_16_73.jpg
44
259.684140625 121.792492188 37.735859375 48.4919140625 0.999472200871
408.7461875 145.95296875 36.8294375 49.61628125 0.999286592007
615.356375 149.0456875 37.957625 46.77378125 0.998858571053
316.2316875 75.2796171875 33.2999375 39.6212109375 0.998853445053
491.472125 61.683578125 17.392375 19.978796875 0.998783648014
616.4950625 30.9300625 15.8189375 18.96821875 0.998506247997
719.7988125 42.0791015625 18.57825 22.5105625 0.997947275639
637.7424375 45.3218828125 15.427875 19.6938242188 0.997765898705
203.929984375 54.5815078125 19.55790625 25.1997109375 0.997564792633
725.0858125 88.614953125 43.5835625 55.457875 0.997023165226
863.4654375 38.0495664063 15.3690625 19.2802578125 0.99630188942
641.0189375 80.1324140625 16.7130625 20.1546953125 0.995899498463
564.5455625 29.1484492187 16.224625 19.6387460938 0.995828211308
698.428875 42.626390625 15.5988125 19.8552851562 0.994787931442
624.2814375 73.1363671875 15.658 18.5705859375 0.99015712738
444.6149375 54.0856640625 15.5279375 20.203984375 0.986990511417
601.6161875 22.2707949219 15.8593125 18.2805175781 0.986323237419
609.0125 61.7336210938 14.8816875 20.0795195312 0.985252022743
461.03378125 58.6390859375 15.80759375 21.40084375 0.984890043736
567.242125 78.634828125 17.6309375 19.208734375 0.983840048313
90.41009375 71.8471171875 18.3693828125 24.798375 0.983786046505
812.5388125 31.6940195312 14.6685 18.4383085938 0.976173460484
653.29225 22.9026230469 16.726375 19.5499589844 0.975177526474
266.1805 79.2903203125 19.24953125 21.731984375 0.966464459896
988.7806875 34.2321132813 15.442625 18.648296875 0.955576002598
851.901875 21.8162871094 14.7234375 18.0065214844 0.951819837093
537.4391875 46.0668671875 16.535375 19.751890625 0.951582372189
473.31975 30.6728300781 13.6241875 16.6994433594 0.949465334415
719.827375 15.2520654297 15.7693125 18.2872353516 0.938233613968
185.570125 68.7831328125 17.39621875 21.67046875 0.934844851494
772.125375 0.0 14.0350625 16.144640625 0.933481454849
17.7357148437 75.2236171875 21.5455820313 28.231890625 0.92210662365
491.23184375 24.5685722656 13.58721875 15.5536191406 0.900057017803
686.7023125 26.785078125 13.6156875 16.4205664063 0.897516071796
699.08075 0.0 16.60425 18.4815527344 0.875306904316
533.2251875 68.5376171875 14.9884375 19.7845703125 0.861992537975
749.2465625 39.77875 13.800875 19.0880507812 0.853661179543
364.4754375 50.04115625 14.61184375 17.15090625 0.840012311935
787.032375 35.4106640625 14.4266875 17.9000664063 0.837953031063
6.17129052734 81.530109375 16.6719731445 19.7049453125 0.835569083691
591.81025 78.426109375 15.82975 18.33490625 0.834717035294
989.984 0.0 15.4559375 18.9762148438 0.831811547279
345.78375 62.0303828125 17.3640625 20.7286640625 0.826416373253
432.41065625 80.2012109375 15.60075 18.7625 0.826391875744
