4--Dancing/4_Dancing_Dancing_4_319.jpg
22
214.529 158.533 34.7488 42.007 0.998747
147.985 62.4906 30.7006 39.4726 0.997834
409.751 74.3398 29.9392 38.4294 0.997823
552.981 34.3454 33.5356 40.8934 0.996695
343.35 45.3155 31.7104 39.8336 0.996482
486.37 59.9308 32.1954 40.1263 0.99523
731.124 52.3749 35.0612 44.5871 0.993621
953.76 26.922 32.1841 38.4425 0.993517
447.071 53.654 31.472 38.0131 0.990799
-0.4882 15.4755 27.3399 36.3563 0.988679
199.884 90.4539 23.9 31.47 0.987861
687.343 60.8395 28.4849 35.5768 0.982233
593.758 -4.9933 36.0347 43.0221 0.980363
964.267 81.532 37.9291 44.4392 0.979925
445.212 143.737 27.0951 31.0533 0.973972
610.866 135.82 61.254 60.0185 0.97137
85.2872 72.4382 48.0467 52.3913 0.970962
321.151 9.79813 22.8127 28.7113 0.969103
655.09 49.7516 30.1224 39.6004 0.966164
328.779 245.053 34.3791 40.4729 0.957846
303.96 45.7781 30.7388 32.8474 0.939278
191.804 56.2424 28.096 32.6572 0.817516
