49--Greeting/49_Greeting_peoplegreeting_49_53.jpg
14
435.925415039 339.777313232 54.9271850586 71.8992919922 0.998743832111
221.084884644 333.206878662 47.3866119385 73.5657653809 0.997907876968
664.149841309 215.262680054 54.190246582 72.1561126709 0.995775878429
85.0088195801 387.880065918 59.6442260742 81.9003601074 0.995227813721
796.682739258 398.343841553 64.1034545898 82.5185241699 0.994464814663
327.667877197 647.309387207 68.8218078613 93.7948608398 0.99322706461
772.535400391 671.762817383 69.4754638672 88.8106079102 0.993083834648
565.739318848 171.661560059 44.2719116211 66.3888244629 0.991987705231
346.470855713 339.341217041 43.8876342773 63.0148010254 0.984547078609
170.906570435 285.566040039 42.9985351562 63.5168457031 0.962084710598
113.788551331 347.460113525 45.4686050415 67.4214477539 0.934596776962
683.554870605 384.396636963 48.7443237305 64.1788024902 0.920252025127
823.139404297 331.310424805 46.1591186523 60.6938476562 0.846820235252
704.004150391 292.773681641 42.9761962891 61.061920166 0.837637841702
