13--Interview/13_Interview_Interview_Sequences_13_7.jpg
9
253.91075 205.007453125 38.0985 48.08321875 0.997389376163
636.665 192.810125 39.4575 49.136390625 0.996190071106
105.81428125 246.29928125 24.5012578125 29.38428125 0.996079027653
475.4283125 247.316984375 28.2060625 31.538015625 0.994754910469
382.747375 262.79625 24.20190625 27.16675 0.992716133595
863.7461875 241.103734375 23.406875 29.159609375 0.98545974493
914.27975 253.581875 24.6633125 28.4605 0.981974184513
781.5919375 277.67940625 14.162625 19.86209375 0.973205506802
767.1656875 295.91771875 12.5919375 16.03715625 0.938694953918
