13--Interview/13_Interview_Interview_Sequences_13_867.jpg
9
389.3961875 247.572453125 237.2946875 355.202921875 0.999609649181
284.006375 402.806875 36.27734375 49.182625 0.998040139675
880.2568125 427.71809375 22.491875 31.60690625 0.993653535843
173.120125 419.3735 22.18553125 28.12825 0.97948372364
21.9602753906 457.83075 22.8825019531 30.11675 0.967888593674
997.309125 369.29484375 17.6588125 21.85415625 0.956051588058
9.47555371094 439.40471875 16.8290185547 22.844125 0.931029677391
216.131015625 453.79740625 21.297203125 28.874 0.924092411995
881.7746875 330.16690625 19.9349375 20.9063125 0.844601213932
