13--Interview/13_Interview_Interview_2_People_Visible_13_1001.jpg
13
123.3253125 367.77596875 18.063234375 22.909375 0.997129976749
814.44325 315.75484375 25.7425 33.4648125 0.996517062187
957.7744375 333.03321875 17.4344375 22.70834375 0.99643009901
293.9994375 143.66978125 17.64653125 21.1666875 0.995574116707
187.24928125 354.59125 18.286109375 22.16165625 0.995557487011
296.0545625 357.98759375 15.727125 23.014 0.994753360748
624.3585 324.0670625 22.5845 28.63746875 0.98373657465
214.969546875 147.211234375 16.9561875 21.6764375 0.979830265045
474.8589375 352.43875 18.60809375 25.70965625 0.970768868923
726.388875 342.57165625 16.484375 21.136 0.953103065491
576.8686875 338.4270625 19.7455 28.72334375 0.922270476818
376.3854375 149.354640625 15.06128125 18.676328125 0.875336885452
661.9009375 335.7411875 16.415875 21.26984375 0.81340110302
