13--Interview/13_Interview_Interview_2_People_Visible_13_223.jpg
11
418.928125 46.9025078125 44.80246875 55.836859375 0.99839168787
571.31325 106.728914062 33.0944375 40.1163515625 0.998225152493
822.6885625 106.623632813 32.5159375 40.5863671875 0.997455179691
120.497484375 43.020046875 43.908703125 56.437765625 0.997243881226
119.602726562 312.44090625 43.9391171875 56.4975 0.997206747532
277.72940625 104.891765625 34.6160625 42.62053125 0.996748805046
292.48234375 373.747375 33.81915625 40.12284375 0.996243000031
864.7245 321.95865625 39.17225 47.44840625 0.99560970068
651.868875 318.75240625 39.3503125 47.65034375 0.992509961128
455.22015625 374.15215625 32.5208125 39.47875 0.992076635361
696.0825 66.35684375 40.1188125 46.84653125 0.98990637064
