13--Interview/13_Interview_Interview_On_Location_13_313.jpg
32
656.5869375 474.39665625 27.12725 34.2711875 0.999546706676
804.4033125 321.72959375 25.467375 30.1609375 0.999457776546
219.0461875 445.73871875 27.8753125 35.35209375 0.999288022518
115.67178125 348.95265625 25.258265625 28.00115625 0.999182283878
931.2170625 346.05440625 26.289375 31.4176875 0.999140501022
828.9005625 336.61725 27.831125 34.11165625 0.999123752117
597.6044375 371.39103125 26.13625 33.272625 0.999072194099
558.7330625 363.55309375 25.82525 30.26234375 0.999060094357
800.7776875 363.349 26.250875 35.73746875 0.99897134304
658.02625 338.50940625 27.3096875 31.23540625 0.998942434788
176.094140625 371.2140625 24.5949375 32.41825 0.998851895332
307.575625 347.405875 23.456 31.27984375 0.998814702034
263.0584375 355.81203125 24.01278125 29.81990625 0.998751401901
773.6291875 334.05396875 24.1373125 32.16184375 0.99874985218
494.6329375 363.7528125 24.28765625 29.13725 0.998705863953
959.8044375 351.7561875 26.4283125 32.6195625 0.998581409454
296.2716875 477.412125 26.63296875 32.9139375 0.998479425907
154.482921875 354.73403125 21.85946875 30.4534375 0.998262941837
623.88475 339.29378125 23.6346875 32.05584375 0.998231828213
590.6396875 475.92303125 24.4894375 35.18009375 0.998084425926
451.98959375 498.01121875 27.899125 36.10765625 0.997733592987
739.1610625 332.2184375 23.8299375 30.1679375 0.997282266617
878.219625 319.7978125 27.4798125 34.77021875 0.996840715408
36.7635507812 354.53875 24.6359804688 34.141875 0.996662259102
413.2609375 365.7754375 23.0435625 28.69878125 0.996315896511
362.1408125 350.01309375 24.203375 29.9956875 0.996161222458
518.2210625 361.02575 20.8811875 30.15121875 0.99296361208
211.86559375 363.8733125 21.975515625 29.1723125 0.9928779006
638.48775 322.92959375 23.4585 28.66665625 0.988055169582
442.2166875 359.508625 23.783375 29.77140625 0.954632103443
60.61778125 355.610875 23.9443359375 31.55096875 0.939486384392
206.3085625 345.178125 22.076234375 30.06 0.886400222778
