19--Couple/19_Couple_Couple_19_743.jpg
12
126.421 318.521 29.2157 38.4069 0.999018
402.625 305.862 34.1399 39.5988 0.998382
801.833 302.789 36.2256 40.8879 0.998176
156.646 312.026 29.0867 35.4687 0.997931
522.8 277.691 34.9919 41.6931 0.9978
858.226 302.611 31.8315 42.508 0.997623
668.629 395.285 28.429 33.3022 0.997591
695.144 412.615 31.2786 36.8729 0.99732
180.773 474.57 23.6079 36.1686 0.995317
448.517 308.045 27.8118 36.4214 0.984228
276.804 415.944 24.5427 39.2331 0.926028
634.484 324.223 21.9835 27.9451 0.802286
