25--Soldier_Patrol/25_Soldier_Patrol_Soldier_Patrol_25_1029.jpg
15
255.63 360.302 57.7938 70.3831 0.999145
121.335 437.443 61.8599 78.1559 0.999128
155.918 199.93 48.0687 59.1226 0.996972
554.009 328.96 32.8556 40.5906 0.993878
611.483 297.263 37.3597 44.3173 0.99229
661.078 310.844 36.5112 44.0214 0.990473
513.458 384.696 44.3929 67.9178 0.989806
579.111 143.889 32.3242 41.7242 0.988463
457.351 178.797 48.2682 55.718 0.980833
657.974 194.893 25.918 36.6455 0.963413
500.271 183.243 32.4288 45.1819 0.955924
874.651 172.078 42.1025 43.7227 0.949804
250.762 184.596 40.1429 46.2959 0.92741
735.736 144.328 57.4557 77.8015 0.884245
716.794 186.439 37.7244 47.145 0.834963
