56--Voter/56_Voter_peoplevoting_56_268.jpg
9
243.517303467 279.186126709 34.2839050293 39.5903930664 0.984655380249
391.549163818 253.011032104 28.8008422852 39.9097442627 0.974127352238
743.373291016 229.824554443 25.2880859375 33.0840148926 0.972508132458
806.355834961 218.803207397 23.405456543 30.9088897705 0.828769803047
409.166473389 196.625213623 14.2974243164 18.054901123 0.813666045666
631.979980469 192.603439331 16.7124633789 19.8929290771 0.81138753891
137.52571106 218.274047852 23.3396911621 27.5107727051 0.806557238102
863.875061035 231.26965332 23.8575439453 30.0547485352 0.805187165737
514.10369873 214.698974609 14.1854858398 17.217590332 0.801829457283
