34--Baseball/34_Baseball_Baseball_34_350.jpg
9
605.7310625 271.475125 17.321 21.1315 0.985396444798
655.7666875 276.066875 14.69775 16.89121875 0.917254388332
118.427046875 7.85249609375 12.26584375 14.7709199219 0.895144164562
896.192875 116.691835938 11.7599375 14.456078125 0.886311709881
593.7075 129.733039063 12.1003125 15.3100078125 0.856994986534
607.8588125 154.7525625 12.2809375 14.917265625 0.84952300787
961.828875 117.493882813 12.294375 14.6120703125 0.827409863472
539.729375 131.896953125 13.8829375 16.49475 0.826865792274
973.36275 99.4093359375 12.12875 14.86525 0.820946037769
