42--Car_Racing/42_Car_Racing_Car_Racing_42_906.jpg
13
193.608 102.126 31.5731 40.5528 0.998116
652.122 79.4237 27.1355 34.0388 0.994017
754.43 80.2351 27.3003 34.4279 0.992983
585.807 106.454 27.6013 35.2703 0.992696
840.951 110.222 29.1006 35.9284 0.991643
499.036 81.8728 26.301 34.4158 0.991296
237.764 82.3747 26.6811 34.608 0.986901
417.742 96.3092 25.3127 32.8546 0.986102
294.877 100.983 27.1992 35.8661 0.984749
566.893 75.0356 24.663 32.4732 0.980312
390.973 148.629 24.8921 29.2999 0.973773
707.028 72.8647 22.8246 30.7806 0.96744
332.03 114.517 23.2914 30.3278 0.948469
