36--Football/36_Football_Football_36_110.jpg
14
814.328 158.863 33.0338 40.4836 0.998748
77.8433 156.564 35.925 44.1557 0.997583
289.122 160.177 35.6576 45.6145 0.996664
504.599 145.867 34.3275 39.2678 0.996053
397.636 150.313 33.5917 41.3111 0.995758
130.253 317.068 37.5833 44.6548 0.995409
602.342 139.034 33.8354 42.3363 0.995049
382.582 306.186 37.2106 46.326 0.993081
713.671 122.385 33.5814 41.302 0.992836
780.212 272.5 39.1759 45.8766 0.992749
221.32 312.986 37.8195 44.3118 0.992142
180.833 153.297 36.6741 42.0663 0.989553
636.376 293.154 37.5925 45.5093 0.988648
502.887 333.436 37.7831 43.5018 0.986738
