28--Sports_Fan/28_Sports_Fan_Sports_Fan_28_7.jpg
34
146.154 674.898 55.022 61.9058 0.99847
875.302 1125.66 102.79 148.855 0.995628
474.652 644.662 112.425 146.235 0.992759
541.575 599.784 35.2578 40.9263 0.987276
945.622 849.621 68.9706 97.0886 0.986102
587.685 634.584 37.2739 42.3048 0.983071
197.032 559.437 30.5503 36.1357 0.97889
840.418 537.36 24.3865 30.6509 0.977699
653.422 582.717 22.9092 34.665 0.976635
980.058 660.854 34.5421 44.0853 0.971553
6.76281 567.736 34.2877 40.0857 0.969344
167.718 526.23 25.9629 35.4708 0.965
257.891 340.406 29.0406 34.3253 0.929611
811.187 810.651 36.6975 42.545 0.925258
88.2502 868.087 67.5886 93.2031 0.922147
59.6542 499.966 28.7034 39.3354 0.916127
296.372 430.803 24.6116 30.3532 0.915761
205.292 654.915 44.5044 58.1151 0.90821
871.743 222.025 15.4581 19.9046 0.903927
145.477 872.375 53.5267 75.1377 0.900831
603.035 49.5187 13.4393 16.2471 0.885206
302.914 104.572 16.0786 19.9674 0.877619
806.623 416.147 23.0547 26.9421 0.872595
631.514 53.2603 14.0817 17.0755 0.868603
203.549 294.672 24.8798 36.0362 0.865552
143.122 263.639 16.127 19.8221 0.861439
57.0718 779.899 48.6488 55.9379 0.846791
711.266 543.28 25.0952 32.6619 0.840653
88.7971 13.9741 15.0331 17.7246 0.835486
168.299 89.0079 15.2564 19.3716 0.816219
354.244 46.3213 13.062 16.9695 0.816103
819.805 119.64 12.8135 15.7384 0.815381
864.856 352.637 16.4175 19.2491 0.808836
703.952 109.081 15.5292 18.9086 0.806497
