29--Students_Schoolkids/29_Students_Schoolkids_Students_Schoolkids_29_251.jpg
21
639.624450684 171.963317871 57.284362793 72.7687835693 0.999298214912
315.812927246 331.490631104 59.8520507812 71.8492431641 0.99903935194
50.6691207886 313.446105957 58.7932357788 69.3833312988 0.998831212521
483.563049316 471.332763672 59.1751708984 74.1557617188 0.998787820339
658.144958496 272.297790527 60.8702392578 76.1583862305 0.998786509037
263.310546875 465.527618408 69.8432312012 87.0395202637 0.997862398624
49.544960022 560.931030273 73.858291626 84.7550048828 0.997846484184
113.094940186 198.132736206 60.8114318848 75.1963043213 0.997661709785
374.388916016 276.372772217 53.4074401855 60.9528503418 0.997574865818
500.088195801 218.837219238 66.9310302734 85.9848022461 0.997133970261
215.798812866 261.915466309 70.7342681885 75.7021179199 0.997042715549
906.453796387 213.012680054 65.8606567383 72.9523773193 0.99684971571
404.818634033 112.248649597 53.1281433105 65.3292007446 0.996732473373
381.552185059 477.203430176 71.1350097656 79.3796386719 0.996339201927
545.828369141 355.110687256 77.7036743164 74.7519836426 0.994866013527
734.213623047 298.455352783 72.7403564453 89.2060852051 0.988658964634
898.569946289 97.6528930664 47.630859375 57.7032470703 0.987156033516
745.275756836 494.565124512 74.3696289062 88.8328857422 0.969972133636
374.323028564 206.279586792 56.4411010742 57.7489471436 0.963708996773
221.70161438 197.120407104 40.0615386963 44.1693115234 0.876714408398
510.666229248 135.241775513 47.8573303223 56.9156188965 0.867360651493
