29--Students_Schoolkids/29_Students_Schoolkids_Students_Schoolkids_29_10.jpg
8
658.46673584 367.442840576 24.1244506836 31.3698120117 0.989303231239
574.794311523 336.765350342 23.2034301758 30.5694885254 0.989293575287
481.240600586 367.575134277 23.7877502441 31.7073974609 0.984257221222
524.23815918 375.65133667 25.8970947266 32.4831237793 0.966756045818
423.39642334 353.462097168 24.9101867676 30.6164550781 0.961151659489
464.060668945 328.807556152 21.3450622559 28.5223693848 0.876829147339
557.89239502 279.991088867 14.7346191406 17.9257202148 0.871317207813
525.747436523 318.435974121 17.8612670898 22.078125 0.86269980669
