29--Students_Schoolkids/29_Students_Schoolkids_Students_Schoolkids_29_494.jpg
10
297.249511719 320.616424561 58.3763122559 68.4418640137 0.999543368816
352.946075439 241.645858765 50.897857666 59.483505249 0.999247312546
282.253326416 23.8785018921 48.1401062012 55.6317367554 0.996641635895
381.651763916 166.342178345 34.7690429688 38.9844818115 0.978302240372
462.908325195 156.489120483 32.0000610352 35.4742584229 0.972213625908
785.34387207 126.82308197 31.3270874023 40.6592788696 0.970467329025
714.937805176 130.922576904 30.7763061523 43.5483856201 0.96579349041
540.390014648 149.724090576 26.1970825195 32.9388885498 0.912720501423
438.217071533 159.150466919 25.3015136719 31.283782959 0.901034593582
861.793579102 139.398788452 27.3665771484 30.2209320068 0.816786170006
