20--Family_Group/20_Family_Group_Family_Group_20_282.jpg
9
813.774625 299.33559375 31.5524375 32.51653125 0.999446332455
274.80459375 300.6918125 29.206625 43.1958125 0.999357640743
340.59421875 282.5265 27.78003125 31.823625 0.999179542065
138.752796875 337.26228125 45.02675 41.677875 0.998741567135
388.13496875 270.3204375 23.74459375 33.56071875 0.998692810535
700.3240625 267.013875 28.2243125 36.13896875 0.998336791992
463.979375 264.5064375 23.39471875 32.69484375 0.997147023678
57.3239023437 351.053875 42.1098007812 59.9976875 0.996245324612
582.9571875 298.22178125 27.688 26.96971875 0.934512674809
