20--Family_Group/20_Family_Group_Family_Group_20_326.jpg
14
345.92071875 235.4101875 25.4618125 36.0065625 0.99935477972
148.654078125 216.123734375 34.495671875 39.7599375 0.999136507511
701.725 223.875265625 35.97575 43.136296875 0.998774111271
393.35496875 248.32071875 26.96996875 34.3104375 0.998744487762
450.53975 278.85675 26.6001875 29.51578125 0.998633563519
216.870671875 220.62478125 33.17096875 39.576828125 0.998495697975
804.0165 288.42225 26.266125 32.33696875 0.998382925987
436.661 233.449171875 27.93584375 36.633046875 0.99804353714
815.998875 226.359734375 26.2288125 32.818140625 0.997867226601
860.379125 201.5651875 29.4705625 35.71284375 0.997580289841
629.9883125 195.24546875 39.039 46.92471875 0.996467709541
514.526 249.182796875 23.05 29.605734375 0.996356904507
870.598 337.43015625 22.7030625 27.194 0.993797302246
421.83775 377.14846875 22.18025 28.1335625 0.993744671345
