20--Family_Group/20_Family_Group_Family_Group_20_101.jpg
16
731.6855625 71.769625 44.7400625 58.2495546875 0.999269664288
843.58525 94.105359375 42.2745625 57.386078125 0.99899238348
893.1626875 291.30640625 52.683375 65.98240625 0.998960614204
135.456234375 89.295859375 37.3838125 47.83834375 0.998953700066
555.3510625 70.6968046875 35.692 47.7533125 0.99854528904
68.3312109375 267.4353125 49.3591015625 59.1109375 0.998431503773
227.561890625 64.0700546875 37.452546875 48.9292734375 0.998238325119
638.2403125 75.0535234375 36.207 49.0157734375 0.997953414917
494.64171875 54.0985546875 34.46203125 44.756828125 0.997832477093
38.7803632812 61.3914765625 41.9403945312 56.7229375 0.997671663761
968.8653125 52.7665039063 50.07325 67.2347773438 0.997666954994
782.92025 273.62209375 46.551 62.19609375 0.997578203678
382.64565625 29.2055117187 38.36609375 50.0132773437 0.997253358364
559.224375 240.30559375 42.7170625 56.205375 0.997217059135
203.894515625 213.10346875 49.736296875 66.8618125 0.996894955635
666.0509375 261.10009375 46.301375 61.4751875 0.99686384201
