20--Family_Group/20_Family_Group_Family_Group_20_64.jpg
23
615.283375 390.58078125 72.7463125 96.8765625 0.999670147896
758.913125 485.97353125 75.2485625 86.60696875 0.999456465244
652.6109375 123.045015625 52.6581875 65.18525 0.99940764904
171.448828125 306.3990625 54.59825 63.7011875 0.999005258083
316.9139375 161.54040625 48.0441875 55.56325 0.99886572361
4.12260058594 371.0079375 67.2395869141 71.86084375 0.998787939548
487.25103125 168.312765625 52.32396875 63.950046875 0.998672246933
463.4395 320.5215 61.9565 84.96234375 0.998609423637
718.5474375 326.9739375 58.788375 74.67746875 0.998473346233
886.264125 308.9794375 52.5459375 62.83796875 0.998216092587
307.36940625 322.79675 66.0245 82.013875 0.998167395592
796.5343125 56.6790195312 46.8945 52.1175507812 0.997957348824
338.9898125 283.3079375 52.03825 58.8520625 0.997460067272
610.5071875 320.06075 48.7769375 58.1854375 0.99738329649
252.06284375 184.094109375 37.5124375 40.63625 0.997327327728
50.08253125 135.55675 54.05146875 62.282625 0.997273981571
277.62478125 29.966859375 39.62228125 46.5850546875 0.997145950794
175.948859375 432.26965625 56.43965625 67.638875 0.997102558613
753.62475 279.69946875 52.172125 63.873375 0.996364951134
151.880375 234.002671875 46.163546875 45.604859375 0.994053065777
846.591875 481.41625 54.755 55.802125 0.993335962296
979.1440625 206.090046875 26.110875 43.795234375 0.991695702076
543.6604375 170.53884375 38.884125 48.80465625 0.972833633423
