20--Family_Group/20_Family_Group_Family_Group_20_108.jpg
8
818.639375 126.92103125 70.481 85.5675625 0.999506592751
108.16775 330.1161875 80.211359375 92.91359375 0.99932706356
686.3163125 191.69528125 68.171625 87.34028125 0.999322414398
252.0715 63.9020859375 68.1265625 91.6152421875 0.998947918415
457.98328125 225.576640625 62.2150625 81.015921875 0.998755574226
294.76303125 326.2055 84.85703125 82.6996875 0.99864667654
728.0795 387.00740625 76.386625 100.61509375 0.997307181358
508.08634375 414.7056875 64.23646875 68.24040625 0.914623856544
