20--Family_Group/20_Family_Group_Family_Group_20_62.jpg
22
306.8685 176.288890625 37.2329375 45.284703125 0.999580919743
761.7555625 189.194671875 37.1145625 43.866828125 0.999236822128
630.20025 387.326125 31.35075 36.79178125 0.99923145771
447.25621875 167.30584375 36.49646875 46.952515625 0.9990696311
627.7555625 170.54821875 36.3255 46.7679375 0.999044716358
536.724875 167.8600625 34.7063125 47.34178125 0.998877584934
442.29840625 245.6286875 38.1646875 46.41375 0.99875164032
240.33321875 220.09615625 40.03475 48.43171875 0.998750209808
559.0766875 309.41334375 35.1560625 43.4029375 0.998687207699
240.70896875 126.594546875 33.7304375 43.865421875 0.998659849167
716.6573125 139.933578125 35.7480625 46.907125 0.99846726656
335.3709375 130.325992187 34.4629375 46.3584140625 0.998434960842
644.723125 307.179875 33.8014375 40.39159375 0.998426914215
415.28759375 137.449921875 34.72465625 47.028515625 0.998092472553
838.6240625 152.82384375 32.9191875 44.09821875 0.997898936272
865.256375 206.18140625 39.4748125 49.9898125 0.997525036335
365.22128125 208.362625 29.743625 33.4575 0.997398018837
106.862117188 107.28371875 39.5409453125 47.30109375 0.997093439102
623.39375 127.852125 32.1930625 42.08946875 0.996655702591
515.15121875 135.118234375 32.43415625 43.718484375 0.99661642313
190.7073125 166.86825 40.040703125 48.4305 0.99613648653
723.986125 237.0391875 28.922875 32.58728125 0.989531159401
