20--Family_Group/20_Family_Group_Family_Group_20_339.jpg
13
146.114484375 162.627453125 38.422265625 42.90640625 0.999626994133
446.11065625 171.59153125 35.9235625 40.38553125 0.999282300472
362.302125 128.530640625 40.26278125 49.733890625 0.999070584774
524.03784375 195.068625 30.37746875 38.83803125 0.998908519745
697.277625 165.131140625 35.6451875 43.111515625 0.998893201351
856.365 106.1874375 41.6176875 46.56440625 0.998710870743
239.94975 135.0981875 40.21365625 48.276453125 0.998562633991
618.4554375 181.160140625 30.89625 39.958875 0.99838411808
30.3683828125 91.09203125 46.2094921875 53.5310625 0.998360097408
765.946125 147.6263125 40.4700625 49.22965625 0.997266530991
830.2148125 174.815859375 27.5474375 34.218703125 0.974720776081
666.2434375 214.336609375 24.3684375 30.511484375 0.967648625374
827.309625 147.152484375 23.6413125 28.293734375 0.836548388004
