20--Family_Group/20_Family_Group_Family_Group_20_636.jpg
13
346.18421875 103.026992187 14.05353125 17.6268671875 0.995630025864
621.196875 107.796546875 16.518375 20.92128125 0.995004594326
664.2969375 118.279625 15.2701875 19.3623125 0.989787101746
836.6995 80.67196875 15.6465625 24.561390625 0.9870454669
885.5198125 96.595890625 19.1000625 22.0804375 0.987034618855
731.512 107.932640625 15.2078125 19.3504765625 0.980710268021
509.625125 106.772179687 14.82675 17.5421640625 0.975080192089
465.29546875 103.286945312 15.51428125 19.8584140625 0.961461365223
269.1953125 113.655460937 17.13725 22.6943046875 0.951482534409
947.5454375 67.067875 18.13975 22.599890625 0.929051339626
433.28209375 114.962890625 13.7101875 19.49775 0.928741812706
555.062125 97.161140625 13.66325 17.734734375 0.868065357208
302.317875 90.8528359375 13.37253125 19.5902421875 0.819929599762
