20--Family_Group/20_Family_Group_Family_Group_20_544.jpg
8
382.84321875 120.845414062 68.211625 92.3664140625 0.999700784683
703.911 51.558171875 71.881125 99.7285 0.999636173248
558.6529375 80.853484375 69.9374375 98.867640625 0.999628543854
691.395375 253.1526875 72.820875 87.79428125 0.999316453934
256.58778125 43.7423828125 74.402875 99.8323828125 0.999177157879
145.06653125 104.360007813 66.127125 88.0195859375 0.99899405241
850.4565625 101.480671875 69.2908125 97.0674375 0.998693406582
637.384625 319.2656875 59.5806875 74.82828125 0.998481094837
