20--Family_Group/20_Family_Group_Family_Group_20_493.jpg
9
565.46275 100.1213125 45.314875 67.3776875 0.999274432659
379.134 116.26096875 49.177375 63.290640625 0.999253809452
753.3326875 156.3266875 45.4484375 58.815171875 0.998663663864
16.3538339844 179.140640625 46.5914082031 58.616671875 0.998460292816
245.956078125 131.356140625 44.375546875 60.068265625 0.998445212841
620.622875 143.760046875 46.7464375 63.4175625 0.998365700245
219.8431875 170.593859375 35.204828125 46.193484375 0.996961891651
221.84471875 305.577875 50.144 62.34646875 0.996824622154
875.266125 113.103984375 41.7969375 69.686796875 0.974447011948
