20--Family_Group/20_Family_Group_Family_Group_20_540.jpg
29
129.342890625 233.215328125 36.815546875 45.847078125 0.999252021313
571.707 238.34121875 31.3541875 36.58809375 0.999250710011
139.939625 551.8606875 41.08378125 45.1684375 0.99910980463
394.2548125 237.4475625 30.5174375 39.6898125 0.999080657959
498.1730625 220.42771875 34.2095 45.28871875 0.998992860317
778.2441875 211.6858125 33.176875 41.471953125 0.99892693758
276.7030625 524.18053125 43.57790625 55.78371875 0.998856186867
706.161375 203.321765625 33.381875 43.803375 0.998816132545
188.2159375 250.308421875 36.697 45.567859375 0.998721420765
653.873125 213.89703125 33.0933125 42.68703125 0.998612523079
744.559125 553.6546875 31.4731875 34.5736875 0.99848651886
755.4986875 253.4364375 30.4339375 39.20978125 0.998470962048
813.00075 223.961203125 32.626 44.587046875 0.998274922371
48.3388359375 276.85996875 36.46234375 45.89503125 0.99825412035
382.71115625 328.77203125 29.2923125 39.61590625 0.998034417629
459.850875 509.06465625 34.84315625 40.31459375 0.997883379459
576.114375 488.72565625 31.9958125 41.14890625 0.997638463974
252.546359375 232.219796875 35.687796875 49.363609375 0.997280478477
972.2380625 241.08034375 35.339625 45.0338125 0.996828377247
894.11825 227.093875 35.7928125 48.65615625 0.996721565723
0.0 540.2 35.1433164063 47.19425 0.996437072754
328.46684375 241.905421875 31.7166875 37.459078125 0.99620950222
316.70715625 270.16175 29.6680625 39.1470625 0.994894742966
573.6975625 347.15615625 28.322875 34.77053125 0.994341015816
554.09725 316.44490625 28.6438125 31.94290625 0.994320750237
29.3588417969 229.6291875 37.4140644531 45.09596875 0.993713200092
459.1319375 250.74828125 28.161 38.692875 0.991319596767
334.53265625 551.321875 36.11265625 41.5929375 0.964610040188
451.0936875 240.405796875 26.86184375 32.179859375 0.890997827053
