20--Family_Group/20_Family_Group_Family_Group_20_556.jpg
20
778.1370625 267.65178125 34.2639375 37.34428125 0.999458491802
121.277726563 311.4849375 46.7281015625 61.88971875 0.999394178391
126.203679687 239.788375 51.5038828125 64.36603125 0.999380707741
268.74646875 325.47365625 47.72475 57.0940625 0.999354422092
432.40940625 254.905 43.88825 62.71334375 0.999337852001
604.1731875 436.65196875 42.811125 46.5268125 0.998825371265
503.6928125 279.93565625 39.43375 49.6419375 0.998817741871
672.059 255.228515625 38.3974375 49.176640625 0.998762726784
701.177375 500.33171875 42.2333125 45.07246875 0.998758792877
349.57603125 317.51671875 34.31359375 38.4813125 0.998748421669
931.801375 241.43228125 43.3835 46.9021875 0.998473227024
624.8419375 273.756375 41.3785 49.7634375 0.998268246651
239.210703125 296.0226875 37.713046875 44.70040625 0.998220980167
355.56440625 260.907328125 44.526875 53.532609375 0.997961401939
208.651765625 490.6639375 46.04834375 54.92225 0.997353196144
729.556625 354.7221875 43.780125 53.307125 0.99699306488
414.54609375 358.72146875 46.29284375 55.93690625 0.996622204781
179.4495 231.791765625 43.3854375 58.932734375 0.995519638062
741.9375625 230.4615 42.9985 55.77521875 0.994956672192
246.3303125 561.29775 43.65740625 46.7169375 0.994007229805
