3--Riot/3_Riot_Riot_3_26.jpg
40
250.972625732 229.085372925 32.6538391113 40.4662628174 0.997442126274
203.833969116 209.206192017 31.9289093018 36.7558441162 0.997117400169
230.624160767 358.15927124 36.610244751 46.7186584473 0.996627092361
658.05255127 62.5962104797 26.5896606445 34.3046150208 0.995547294617
295.928222656 51.87109375 25.8740539551 31.7318878174 0.995075881481
358.310577393 72.9884567261 27.410949707 31.6028747559 0.993853330612
935.558105469 162.497177124 30.5785522461 37.9188232422 0.99284029007
845.477294922 34.4103775024 28.2655029297 33.5431900024 0.992668390274
358.024475098 223.960586548 31.5783996582 35.8687591553 0.990338385105
674.532897949 228.337905884 30.5054931641 34.3855133057 0.988394379616
191.863983154 45.0818252563 24.6571350098 30.6243057251 0.988245248795
897.318664551 155.685668945 29.078918457 36.1317138672 0.987850010395
789.543457031 63.1563720703 26.2176513672 32.1823806763 0.984949946404
816.260070801 9.211145401 26.3734741211 33.9332065582 0.984595298767
249.581604004 94.338142395 24.9166870117 28.9214019775 0.983576118946
985.059814453 187.722488403 35.8111572266 40.9901428223 0.982174396515
854.209777832 387.284423828 28.3411254883 41.4007568359 0.980181992054
422.210571289 372.247589111 32.744720459 41.4818115234 0.97842258215
717.536132812 394.775756836 31.1224365234 42.204498291 0.97786796093
643.786499023 209.089553833 26.7088623047 32.0354309082 0.970407247543
1001.04290771 42.4277763367 22.9570922852 31.2769889832 0.970187962055
276.008911133 352.667694092 32.010345459 44.0385742188 0.967590034008
939.125854492 0.0 27.7064208984 28.6598014832 0.964855372906
557.181640625 238.63218689 28.6934814453 31.8457794189 0.960797846317
673.489501953 352.981628418 35.1705932617 39.5807189941 0.959997415543
757.297180176 34.4346961975 28.2185668945 34.2130851746 0.959670424461
337.538513184 422.291534424 28.2561340332 40.0508728027 0.954365134239
255.959579468 331.344787598 32.439743042 37.7026672363 0.935395777225
466.670196533 210.934005737 28.7933654785 31.3537139893 0.930355370045
327.196044922 357.754180908 30.8588562012 42.245880127 0.915252923965
414.229095459 349.163726807 33.6020812988 42.5870361328 0.915110886097
463.417053223 76.1925582886 26.2642822266 29.295539856 0.909535825253
943.330200195 410.731292725 26.7192993164 37.3600463867 0.90871566534
14.1339673996 99.93699646 27.4997415543 29.7929992676 0.904614388943
895.004089355 47.323348999 24.5234985352 29.0791091919 0.904506325722
644.631469727 0.0 27.2867431641 22.8611755371 0.897949397564
972.506958008 12.8492240906 27.1453857422 32.4027557373 0.867180287838
52.065990448 195.236846924 27.2828330994 33.4280548096 0.828003585339
536.448425293 96.4524307251 22.9244384766 27.2577209473 0.823319971561
725.51940918 356.773132324 30.4184570312 38.2474365234 0.808628261089
