3--Riot/3_Riot_Riot_3_958.jpg
15
136.112564087 3.043156147 27.7673492432 34.8347201347 0.995804846287
234.629943848 11.3876018524 28.3811340332 36.6712818146 0.994994342327
520.744140625 43.6649627686 27.7926635742 36.6307144165 0.991392612457
54.625831604 23.2903156281 25.8101043701 33.2397785187 0.990273177624
107.664779663 28.0188674927 27.427154541 35.8074607849 0.976465940475
14.341053009 7.7854924202 36.1524429321 47.0730319023 0.97581756115
406.286590576 25.8518466949 32.6122131348 46.6206111908 0.973982214928
373.800476074 33.4237327576 24.9728088379 31.3126220703 0.960670888424
664.283752441 55.6623954773 24.0288696289 31.5357780457 0.956308186054
866.371154785 20.8000946045 34.3748779297 37.3078651428 0.949364423752
64.1128158569 1.68392038345 32.0824737549 36.2186751366 0.944674253464
922.111938477 73.8034744263 27.7976074219 34.7713699341 0.925716400146
569.668945312 109.821212769 50.7856445312 67.8602142334 0.910585224628
774.634643555 38.7961807251 28.4697875977 36.3690719604 0.881757795811
496.580413818 32.9465255737 22.8827209473 30.5149154663 0.806300282478
