3--Riot/3_Riot_Riot_3_137.jpg
10
919.058349609 348.006195068 61.0454101562 72.0513000488 0.998944222927
333.018157959 390.957305908 54.2300720215 63.5682983398 0.99726319313
107.090446472 412.313842773 37.0774765015 45.1483459473 0.993039190769
61.6977539062 386.402740479 36.586151123 45.7442626953 0.990218579769
659.337036133 357.66394043 49.1524658203 60.1623840332 0.988316595554
483.117950439 320.807067871 45.6745300293 56.9374694824 0.98573154211
971.332519531 321.663970947 28.1156616211 37.3043823242 0.978197276592
269.80291748 362.751403809 44.2929382324 52.0400085449 0.961548626423
922.434082031 313.526885986 31.5427856445 38.0653991699 0.924218654633
398.744598389 334.104370117 33.5558166504 44.1402282715 0.906267523766
