3--Riot/3_Riot_Riot_3_1037.jpg
9
58.0909576416 497.40057373 52.7389831543 66.0667114258 0.998025298119
678.407287598 139.482849121 32.6021118164 42.9888763428 0.996327102184
602.891418457 181.969619751 28.8082275391 35.8857574463 0.996194720268
971.447387695 211.427719116 35.2998657227 41.9717254639 0.995750069618
299.061279297 156.062606812 33.6215515137 44.1695098877 0.993224680424
675.200317383 413.866577148 44.6957397461 57.8635864258 0.992281615734
771.212097168 176.133972168 28.8712158203 34.0529785156 0.988581478596
0.0 680.04309082 92.4868927002 122.319091797 0.983466923237
717.632324219 152.656509399 24.8695068359 31.5363464355 0.974407196045
