42--Car_Racing/42_Car_Racing_Car_Racing_42_906.jpg
13
293.856 99.6133 30.0784 38.6399 0.999292
392.028 147.747 25.3699 30.0366 0.998835
839.553 109.438 30.9335 37.0643 0.998251
755.558 81.3197 26.962 34.9493 0.998041
651.261 77.7993 26.546 34.8311 0.997792
332.405 113.093 25.9359 32.7885 0.99778
585.948 106.141 27.5349 36.0694 0.997328
498.302 79.3463 27.2556 36.8521 0.997009
418.163 94.0302 26.0706 35.7579 0.995282
566.12 74.2277 26.084 34.2626 0.99478
706.898 72.886 24.5116 31.6906 0.994656
236.829 82.3623 26.0148 34.4159 0.993946
193.384 102.992 33.0617 42.7277 0.991691
