61--Street_Battle/61_Street_Battle_streetfight_61_211.jpg
14
976.917 624.321 37.7245 46.5747 0.998242
129.481 544.778 38.8042 51.7406 0.997889
322.042 540.396 34.978 43.3952 0.997511
273.848 524.11 33.8889 44.5804 0.996363
35.1755 509.092 43.7549 57.478 0.995357
829.189 173.179 83.3138 138.727 0.991902
173.153 532.028 35.672 42.8588 0.991192
880.35 621.888 35.1438 46.4198 0.989933
222.261 530.905 28.4054 35.8035 0.940735
348.494 568.678 35.6135 46.0195 0.93425
951.639 580.342 23.7137 29.7137 0.930891
910.111 563.553 33.6489 42.6896 0.930534
244.31 934.999 125.798 96.0194 0.893286
991.648 579.736 36.7775 43.8878 0.813303
