61--Street_Battle/61_Street_Battle_streetfight_61_276.jpg
22
196.804 61.3693 27.9342 37.1594 0.999245
344.726 60.8367 26.3226 32.7617 0.998571
124.648 45.8487 24.017 28.6898 0.997555
8.59848 52.0127 24.6209 31.1874 0.997451
439.24 53.9186 26.4805 28.6198 0.997187
173.177 44.0279 24.4801 31.5431 0.997074
51.7948 77.281 24.549 30.1752 0.996831
254.036 47.0931 25.215 34.3014 0.996828
152.594 62.4388 24.7046 30.82 0.996535
670.476 41.433 24.0384 29.9723 0.995943
390.94 36.915 26.906 31.3838 0.995397
523.527 38.1544 25.8599 32.0154 0.994962
810.366 21.0046 24.7265 31.4759 0.994267
938.353 29.3739 25.7701 33.2003 0.99378
635.915 39.5747 26.0984 32.4428 0.993497
64.658 124.936 27.3986 34.1401 0.993312
313.265 23.9166 26.0239 34.8617 0.992877
779.06 43.4101 25.7307 35.702 0.991417
582.953 36.6753 24.9359 28.8721 0.98301
486.6 46.4609 22.1977 28.0686 0.97481
961.328 32.8635 22.0666 28.9793 0.964333
465.963 43.0624 21.5584 27.5059 0.947978
