13--Interview/13_Interview_Interview_On_Location_13_401.jpg
12
342.175048828 229.232635498 46.4541320801 61.583770752 0.998476088047
216.661468506 85.8002700806 52.2539367676 63.769859314 0.997239232063
788.729797363 150.236495972 45.2708129883 55.334777832 0.996964275837
659.071228027 90.8666687012 38.3538208008 48.7781982422 0.994638621807
533.180297852 154.977584839 44.7490844727 59.7682189941 0.99182921648
413.573425293 113.632850647 44.3302307129 56.5732803345 0.991785407066
640.427429199 276.806030273 47.3931884766 58.7202453613 0.991588175297
571.307922363 66.8796539307 37.115234375 47.615524292 0.989102959633
481.725341797 61.996131897 38.7848510742 48.6969833374 0.974717497826
352.696350098 149.585021973 35.7641601562 43.0329589844 0.968943059444
373.877838135 73.2089614868 37.1834716797 45.2230377197 0.962643444538
831.033813477 88.946723938 39.8510131836 50.437828064 0.909002125263
