13--Interview/13_Interview_Interview_2_People_Visible_13_223.jpg
11
416.965332031 46.437171936 46.4521484375 54.9671630859 0.99186205864
457.164642334 373.816741943 31.7015991211 38.8452453613 0.991631448269
279.181274414 104.760848999 33.0928649902 41.1013336182 0.988133847713
570.809692383 104.955482483 33.6590576172 40.1698226929 0.988094389439
822.525390625 106.531524658 32.0380859375 39.8988800049 0.979521930218
119.014694214 312.943878174 44.1133880615 55.9758605957 0.976036131382
653.195068359 317.724121094 37.123840332 44.7420349121 0.975580751896
292.286132812 372.824737549 33.3093261719 41.7206115723 0.975236952305
121.23513031 42.1660652161 43.1048965454 54.4693260193 0.968027293682
864.622741699 323.021240234 37.6187133789 44.5229797363 0.938242673874
696.237548828 58.6813621521 44.7888793945 53.8853721619 0.921653687954
