15--Stock_Market/15_Stock_Market_Stock_Market_15_542.jpg
8
877.77947998 250.777770996 48.2581787109 58.2238769531 0.998238801956
381.754852295 273.666412354 34.1840820312 43.0587158203 0.99796718359
482.16104126 301.717254639 35.5887756348 44.3360290527 0.997386872768
223.829910278 274.827423096 31.6512451172 40.2488708496 0.996801257133
284.665374756 317.327941895 34.5708312988 44.7698364258 0.996049463749
140.202590942 279.453796387 35.2696380615 41.9003601074 0.994255721569
617.245788574 283.904571533 34.5017089844 41.6657104492 0.994234621525
766.334106445 240.427047729 35.7698364258 42.4581451416 0.991715252399
