12--Group/12_Group_Large_Group_12_Group_Large_Group_12_286.jpg
8
802.435668945 232.22454834 67.2659912109 94.880859375 0.995294034481
86.3637619019 159.026168823 45.6638259888 65.1965942383 0.995161354542
285.812316895 154.380477905 42.7478637695 59.7495117188 0.994885861874
490.75289917 239.739624023 30.8124084473 40.438659668 0.988906383514
414.641815186 261.075012207 49.8755493164 80.8225402832 0.987837553024
0.0 194.815643311 30.228187561 38.4265136719 0.9817481637
1002.34069824 262.641937256 21.6593017578 29.8250427246 0.913902938366
919.497009277 263.302124023 12.8862304688 16.9247436523 0.862226724625
