12--Group/12_Group_Team_Organized_Group_12_Group_Team_Organized_Group_12_927.jpg
31
908.45123291 147.89251709 32.5255126953 41.5083007812 0.998174786568
167.612014771 176.60887146 35.8971252441 45.407043457 0.997175455093
583.192871094 274.004180908 29.4529418945 39.1268005371 0.996381103992
968.657470703 164.071685791 27.5967407227 35.9483184814 0.995754122734
511.950439453 286.017028809 29.2507324219 36.293548584 0.995652675629
1000.09002686 194.557723999 23.9099731445 38.7032012939 0.995577573776
669.605102539 291.432373047 26.185546875 35.5681762695 0.995567262173
744.272277832 153.857971191 25.8975830078 33.9125366211 0.994841754436
666.993103027 370.371948242 29.6077880859 40.4964294434 0.994596421719
402.710174561 195.42855835 28.127746582 36.3176727295 0.994530141354
214.553482056 199.666915894 27.3092651367 36.3977050781 0.99255669117
678.003234863 175.295547485 24.7781982422 33.2817687988 0.9920617342
794.502197266 186.812805176 26.4053955078 33.5791168213 0.991853773594
346.918884277 179.339492798 29.815246582 36.0604095459 0.990663409233
554.321777344 208.844604492 25.4454956055 31.0127563477 0.988905549049
844.338562012 165.798950195 28.0675048828 36.4940338135 0.988450407982
123.441108704 189.643600464 28.362953186 39.071975708 0.987949252129
442.593963623 173.570983887 26.2699584961 32.6905822754 0.987804889679
503.518127441 179.466217041 26.2347412109 34.4304504395 0.986993670464
632.385070801 158.831451416 26.0635986328 31.1970977783 0.986185908318
288.041351318 171.477706909 28.3518371582 34.360168457 0.984926819801
863.33001709 337.929351807 24.1108398438 32.2945251465 0.979345917702
784.338500977 316.74319458 22.9329833984 30.1307373047 0.978816151619
580.28717041 181.051177979 24.0076904297 30.2674713135 0.976000845432
711.557067871 155.251098633 23.8421630859 29.3827209473 0.962654531002
604.215820312 209.781005859 23.9056396484 30.012878418 0.960029065609
739.612426758 425.859802246 23.4556884766 29.834197998 0.956338047981
477.551818848 153.181213379 23.4255065918 30.0831298828 0.955884039402
724.928100586 340.455963135 26.3041381836 31.5009765625 0.950471639633
401.554504395 167.000839233 25.1933898926 31.8017730713 0.940818607807
546.907165527 175.152313232 22.0385131836 29.3286743164 0.835592269897
