12--Group/12_Group_Large_Group_12_Group_Large_Group_12_43.jpg
19
340.233520508 216.005050659 30.8119812012 39.2516174316 0.998109698296
475.322906494 268.68069458 31.7467956543 40.7503356934 0.997164547443
816.261962891 252.887756348 29.4168701172 33.9150390625 0.997010588646
704.604736328 268.151611328 32.9197998047 42.0990600586 0.996706306934
185.473449707 209.360794067 36.2260284424 42.201171875 0.996520876884
645.88269043 270.779022217 36.3967895508 46.3232116699 0.99509614706
452.205535889 224.106460571 27.5731811523 35.2492523193 0.995088398457
616.065490723 233.791671753 27.6978149414 34.4500274658 0.994596302509
99.5169906616 237.016113281 44.5937576294 51.1603088379 0.993743479252
383.530944824 280.833984375 34.8061218262 42.7701721191 0.993066310883
543.730773926 246.330734253 29.2451171875 37.7362213135 0.992895901203
897.466308594 283.745269775 39.3552246094 43.0629882812 0.992207229137
742.499938965 251.342834473 31.4682006836 36.4508056641 0.990351140499
777.747741699 293.90612793 33.1151123047 36.8498840332 0.988162696362
563.716308594 270.760070801 38.9340820312 48.4188842773 0.988147199154
223.530395508 233.8462677 41.1726074219 46.7525787354 0.984117984772
684.524658203 215.1537323 24.678894043 31.2878570557 0.976696491241
487.174468994 207.324981689 22.3424682617 27.7675628662 0.942960619926
545.242614746 208.634719849 21.303894043 25.7319946289 0.89502620697
