12--Group/12_Group_Large_Group_12_Group_Large_Group_12_107.jpg
23
590.145202637 207.484405518 32.8744506836 42.3928527832 0.997066318989
510.024536133 205.839065552 34.9700317383 42.4495391846 0.99698972702
549.915466309 192.918869019 28.7673339844 39.2829437256 0.99694532156
757.720458984 198.200576782 34.5824584961 45.317276001 0.995847284794
465.089691162 202.759216309 31.9526367188 36.9636535645 0.99533611536
297.595794678 323.792633057 37.5136413574 45.2366027832 0.995240807533
301.013366699 202.342803955 35.3457641602 40.7685394287 0.995235979557
346.164978027 215.085800171 30.1378173828 39.0116882324 0.995065033436
636.409362793 312.006744385 35.114440918 46.104095459 0.994901061058
700.161437988 193.186447144 31.7788085938 43.3073577881 0.994549453259
232.089172363 178.500152588 36.2804870605 44.0692138672 0.994464576244
717.007141113 372.566070557 39.49609375 49.2801818848 0.994093596935
432.128479004 241.207611084 35.3977661133 40.8866577148 0.993998169899
159.398757935 204.690948486 36.8254852295 43.2109832764 0.993246555328
409.936035156 205.628601074 29.869354248 36.6633605957 0.993102073669
545.627563477 296.985992432 37.256652832 47.103729248 0.993000030518
644.846618652 216.395462036 31.3627929688 39.3547058105 0.991691946983
469.116363525 376.685333252 37.4447021484 47.1912231445 0.991050362587
386.171783447 316.265686035 37.8589477539 47.0125427246 0.986909687519
837.957275391 193.15574646 37.1273803711 47.3470001221 0.986699104309
187.526077271 379.963104248 43.0671234131 55.8380432129 0.985732793808
78.9701461792 213.832809448 44.3062210083 53.2316131592 0.977552890778
616.937438965 181.956756592 26.5725097656 31.6080322266 0.968004703522
