12--Group/12_Group_Group_12_Group_Group_12_182.jpg
9
369.346313477 191.825439453 49.7557678223 70.3084411621 0.999045193195
794.901306152 188.058334351 53.4951782227 67.8159637451 0.999040067196
568.285217285 212.454345703 47.1973266602 63.279876709 0.997797369957
251.595596313 206.697784424 44.848739624 58.0151062012 0.997231304646
173.199890137 238.388778687 44.8809051514 61.5798187256 0.996720850468
500.43649292 228.225128174 47.6457214355 62.4238891602 0.995731294155
876.441955566 179.27130127 45.2069091797 58.3624572754 0.995510458946
701.210693359 229.881790161 45.6557617188 61.0549163818 0.99474465847
23.6002578735 252.827636719 41.066444397 50.3973083496 0.98474252224
