12--Group/12_Group_Group_12_Group_Group_12_522.jpg
16
653.569824219 397.366607666 42.911315918 55.5458374023 0.995412528515
504.201660156 392.769592285 44.8361816406 52.3871765137 0.995403051376
886.802368164 289.700775146 43.5643310547 56.0306091309 0.994082391262
358.765136719 404.920196533 45.3582458496 53.1877441406 0.99309360981
372.116546631 302.1902771 37.3937683105 47.7956542969 0.992305696011
722.909545898 297.902557373 39.2069091797 48.4334716797 0.991811037064
264.56350708 295.658050537 40.212890625 48.3165283203 0.990996599197
301.494720459 230.797317505 37.9026489258 46.3019866943 0.989989042282
599.567749023 265.548278809 39.9639892578 46.1087341309 0.988475680351
490.679870605 247.058074951 42.8057250977 53.577911377 0.988127052784
792.635131836 283.91583252 42.1412353516 53.2200012207 0.98497146368
189.868911743 232.839431763 39.2636413574 47.1607818604 0.984475553036
683.45703125 228.28302002 42.8513793945 52.3167724609 0.98394960165
397.497467041 228.868835449 36.8279418945 45.7862548828 0.982309877872
821.113830566 243.730560303 37.6989135742 46.0460205078 0.979419887066
114.848403931 231.892456055 40.605255127 44.9709777832 0.94548535347
