12--Group/12_Group_Group_12_Group_Group_12_28.jpg
22
169.385543823 38.3136177063 33.2449188232 43.3280754089 0.997733831406
384.22857666 197.807250977 44.2350463867 57.500579834 0.997134447098
303.549438477 133.863098145 35.6611633301 44.8350830078 0.996869027615
243.746520996 255.288833618 44.5986938477 54.4499053955 0.99655520916
461.2890625 233.350097656 35.2794189453 45.7688598633 0.996084928513
610.918518066 97.3387756348 44.1936035156 57.2457427979 0.995385706425
125.705093384 124.55809021 44.5093688965 59.2073822021 0.993285953999
209.229003906 105.816612244 36.0594787598 46.9386978149 0.992863357067
902.858642578 108.467597961 46.6477050781 57.3891677856 0.992215573788
178.287918091 201.472946167 36.6033782959 44.5631256104 0.992182016373
513.08001709 59.5688858032 34.3115844727 44.124458313 0.991698980331
260.943237305 152.247253418 40.3164367676 47.9986877441 0.989226579666
519.723632812 254.665756226 38.6502685547 46.6532745361 0.989181697369
702.895629883 85.8199615479 44.0084228516 54.7126159668 0.985166490078
73.2593154907 22.8991756439 38.4785842896 46.5146808624 0.983961939812
550.95690918 111.223838806 39.9929199219 47.8102645874 0.982489347458
107.477325439 71.310333252 38.7407989502 45.6399307251 0.979632496834
660.432556152 56.270690918 43.0221557617 58.4321899414 0.978552520275
791.053771973 79.0467300415 36.934387207 47.978263855 0.975819170475
616.795227051 52.315284729 36.7892456055 44.1380386353 0.945645570755
232.473312378 77.6240463257 36.141708374 46.1884918213 0.93995988369
804.367797852 139.722106934 38.9860229492 48.2627105713 0.910263240337
