12--Group/12_Group_Team_Organized_Group_12_Group_Team_Organized_Group_12_412.jpg
16
574.82635498 400.694854736 48.1345214844 59.2094421387 0.993450641632
495.359405518 227.283538818 37.1731262207 47.6485595703 0.987076818943
703.413696289 200.868392944 41.5289306641 45.4251098633 0.986301541328
555.674377441 234.294616699 35.1387939453 43.9951477051 0.9855940938
760.264953613 179.789505005 34.4522705078 41.3186950684 0.985588371754
663.69140625 224.062042236 31.1563720703 41.3026123047 0.980442941189
388.560119629 220.721176147 37.5185546875 48.5881500244 0.978779494762
603.257446289 333.351654053 36.6836547852 48.9971618652 0.97874134779
889.099975586 217.810836792 46.2744750977 56.0783843994 0.977866470814
780.638916016 58.3108863831 30.8521118164 38.4104804993 0.976487517357
115.427452087 192.215545654 32.1713943481 39.7336425781 0.974843263626
233.361053467 202.38911438 37.0010986328 48.4001312256 0.957806587219
496.162536621 175.303421021 28.9429321289 35.7253417969 0.942782044411
329.01159668 220.172531128 37.702911377 43.232925415 0.938110053539
966.94732666 135.986755371 37.251953125 47.825012207 0.905333459377
141.593414307 216.551345825 34.1643371582 47.984664917 0.805608034134
