12--Group/12_Group_Team_Organized_Group_12_Group_Team_Organized_Group_12_503.jpg
33
490.341522217 74.4947814941 34.2434997559 41.2064285278 0.997940838337
655.890686035 78.9409942627 34.2576293945 44.0241699219 0.997665762901
267.546691895 104.619522095 33.0082397461 40.2643737793 0.996776878834
299.36416626 55.7438201904 28.7532043457 36.5039520264 0.996730208397
408.970184326 75.555557251 34.3950500488 41.6929779053 0.99601483345
952.315551758 206.27897644 38.3884277344 44.3825378418 0.99590164423
328.306365967 89.149772644 36.3729248047 43.0083694458 0.995677292347
645.841125488 208.413742065 32.8262329102 40.6792449951 0.99557942152
575.674987793 80.53175354 33.5973510742 39.5425033569 0.995550870895
798.54699707 93.743598938 34.8362426758 39.5415267944 0.995519757271
626.40612793 50.0094985962 31.2489013672 42.8301620483 0.995240688324
228.889175415 45.4922370911 27.0162811279 32.832233429 0.995197474957
723.945800781 100.635093689 34.857421875 41.2877120972 0.995053350925
429.63949585 189.461654663 36.359588623 46.2175445557 0.992221534252
541.823974609 178.750610352 42.0042724609 53.1354217529 0.992120027542
749.458068848 65.2895431519 26.3224487305 32.8583221436 0.991712093353
866.08392334 199.329330444 39.094909668 46.5086517334 0.991470754147
95.2844009399 104.17111969 37.4484786987 41.6926345825 0.991190314293
882.277526855 112.930931091 35.4462890625 43.1498641968 0.99071419239
487.27355957 26.5325813293 29.1622924805 34.1381988525 0.990697026253
367.653106689 45.7929191589 30.2378845215 35.8376045227 0.990043640137
25.0478630066 180.221588135 43.6187019348 52.2963409424 0.988373458385
189.789413452 95.9085693359 34.8673553467 43.7302398682 0.987822115421
242.511398315 196.304000854 35.4818878174 43.4011535645 0.987046599388
158.789779663 50.3008804321 28.3401641846 35.933883667 0.985755980015
558.036560059 40.1669692993 28.7415771484 35.4462432861 0.985264599323
756.07244873 202.47845459 38.1117553711 44.1724700928 0.985084354877
136.602233887 174.933898926 39.6788482666 44.5499725342 0.984844744205
435.988555908 41.0642280579 25.2104492188 32.4263877869 0.976205706596
336.295227051 204.323074341 37.4111328125 44.4420776367 0.967073380947
884.057861328 67.9216995239 32.4434814453 36.6422729492 0.949225842953
830.81842041 65.3719711304 26.4099121094 32.7840194702 0.937899291515
689.540100098 65.3773193359 29.9501342773 35.9845962524 0.936148226261
