12--Group/12_Group_Group_12_Group_Group_12_935.jpg
76
224.73916626 346.23828125 24.1811218262 30.2015991211 0.974697589874
133.179733276 278.51071167 22.5292510986 29.7676391602 0.970110237598
752.137634277 663.651916504 22.6418457031 31.5308837891 0.969660401344
217.222259521 383.158233643 22.6149902344 29.5268554688 0.967821121216
96.5703964233 353.972869873 22.9835205078 29.3802185059 0.961127996445
19.5511188507 605.302307129 22.85064888 29.3394775391 0.95952641964
250.583892822 632.165649414 22.4139404297 27.2529296875 0.953193366528
50.7001495361 191.709518433 21.2002639771 27.0021820068 0.953140735626
531.756469727 526.930847168 21.5808105469 28.1576538086 0.951820492744
462.321655273 529.835632324 23.0891113281 29.1281738281 0.951609373093
240.417297363 663.779602051 23.0240783691 29.2151489258 0.949195146561
354.643280029 351.858734131 22.2913818359 28.8726196289 0.948810338974
629.535705566 602.594726562 25.6803588867 30.9105224609 0.947337388992
91.3906402588 86.1630477905 21.0699691772 27.8608856201 0.942755997181
396.605438232 382.594329834 22.9412536621 29.0985412598 0.937790036201
648.895385742 561.17565918 21.9807739258 28.4026489258 0.936482131481
122.604400635 631.317321777 22.1298217773 29.1115722656 0.936439573765
696.588439941 594.375305176 24.5875244141 31.1396484375 0.934716939926
807.112792969 455.104156494 23.4710693359 30.6237792969 0.927192866802
513.635925293 185.238098145 21.341003418 27.5413970947 0.924494087696
17.2813415527 562.476257324 21.1937484741 27.8578491211 0.921012341976
808.462890625 664.140686035 21.9481201172 27.8355102539 0.918913841248
142.306335449 599.345947266 22.7179260254 28.9038085938 0.915892601013
575.996032715 393.184204102 23.3251953125 28.1029968262 0.913534760475
853.133178711 22.773355484 21.5705566406 28.2795314789 0.912368118763
120.520698547 153.795120239 23.0759811401 28.2142028809 0.911611795425
337.081329346 24.078540802 23.5829162598 28.4791641235 0.901891171932
616.198547363 218.633605957 21.875793457 29.1382598877 0.900777518749
555.805114746 287.121612549 21.7592773438 27.4627990723 0.897117078304
409.410003662 351.446502686 21.7221679688 27.1270751953 0.897098839283
761.870483398 421.611724854 23.3858032227 30.0550537109 0.896044015884
868.707580566 462.104949951 22.4136962891 27.9584655762 0.895713329315
941.211303711 376.383361816 21.239440918 27.2378845215 0.895432114601
652.220214844 312.250549316 23.637512207 28.8720092773 0.894693911076
531.61730957 122.028137207 23.2805786133 27.5398101807 0.893153548241
66.4739303589 318.857971191 22.9266586304 28.6021118164 0.889764010906
72.6859664917 601.310852051 21.2330322266 27.839050293 0.889644861221
362.605895996 118.10118103 21.9163513184 27.8694152832 0.886573970318
456.168243408 0.0841537714005 21.4503173828 29.1463397741 0.884522020817
374.369018555 656.50769043 23.491394043 29.8561401367 0.880888640881
15.2643661499 109.185699463 22.8963928223 28.963180542 0.875655412674
246.751586914 134.527648926 15.666015625 18.9825134277 0.873169481754
8.97542572021 158.442062378 20.4997291565 28.437789917 0.872803986073
376.252258301 417.376251221 23.0140686035 29.565032959 0.872084796429
613.965270996 62.7261657715 23.2202758789 29.1398468018 0.871041893959
619.020324707 426.637115479 21.6763916016 27.8729248047 0.870223999023
462.94519043 560.286865234 24.4262390137 30.1294555664 0.864449381828
754.431335449 178.897003174 21.8862304688 27.3527069092 0.860191404819
942.165039062 422.545410156 22.8110351562 30.2246398926 0.859622955322
110.53490448 185.049743652 22.5967636108 27.555770874 0.859193980694
819.743469238 91.7674331665 21.9517822266 28.3343887329 0.855533242226
328.665863037 60.7164611816 17.4501647949 22.2407989502 0.849883437157
203.715042114 601.990661621 21.4104156494 28.0760498047 0.849553525448
221.43347168 525.171569824 23.4040222168 29.0217895508 0.842468678951
534.539550781 352.523895264 23.3303833008 30.746887207 0.841639876366
629.401245117 640.199523926 22.5474243164 29.7478637695 0.84018599987
1006.09136963 463.264892578 17.9086303711 29.050201416 0.840065956116
234.30696106 319.597137451 21.6333007812 26.8468933105 0.838947117329
302.491638184 286.03414917 22.6483459473 28.1407775879 0.837137281895
769.730957031 128.308685303 20.7877807617 27.3483428955 0.831894099712
622.733093262 663.173522949 23.080871582 30.3975830078 0.831840753555
920.483825684 217.28616333 22.2002563477 27.960067749 0.829884290695
916.977905273 502.300323486 22.8438720703 28.6610412598 0.829754889011
832.092407227 316.017089844 21.6591186523 27.7585144043 0.828292310238
594.994018555 314.403198242 21.7725219727 28.4135742188 0.827774584293
831.83770752 383.712615967 21.6368408203 28.7534179688 0.822964727879
1001.53796387 89.0087203979 21.3947753906 26.6577148438 0.821987628937
263.886657715 253.723693848 15.8824462891 19.8503417969 0.819671630859
951.187072754 614.951049805 17.6187133789 21.0042724609 0.819541037083
113.021873474 672.188842773 23.3424606323 27.7272949219 0.815253019333
736.712097168 233.123397827 15.213684082 20.3230438232 0.813505291939
599.320922852 529.57409668 22.8370361328 27.3550415039 0.813129007816
441.851623535 646.581115723 22.1853027344 28.3860473633 0.812401711941
62.3561286926 156.551712036 22.9983024597 28.755065918 0.810043334961
284.755889893 346.979125977 21.0963745117 28.1283569336 0.806992888451
846.113342285 219.203552246 22.7313232422 27.9564971924 0.80623370409
