12--Group/12_Group_Team_Organized_Group_12_Group_Team_Organized_Group_12_418.jpg
21
302.246826172 369.655822754 25.2749633789 32.0758972168 0.995412766933
167.015823364 354.143371582 23.6264648438 31.4281311035 0.994041979313
469.654052734 374.70690918 25.6853942871 34.49609375 0.991347253323
403.689788818 260.315979004 24.8320007324 32.386932373 0.981599271297
314.403991699 283.642913818 25.0483703613 29.945526123 0.97772192955
392.521606445 401.551269531 24.6007080078 31.4251403809 0.973975777626
657.455566406 305.66003418 22.4810791016 28.6861877441 0.962670326233
558.37512207 369.084960938 25.5427856445 28.6675415039 0.938328266144
513.28717041 288.083465576 22.5686645508 28.8977661133 0.913943231106
407.196807861 222.030944824 15.9273681641 19.7734375 0.901983618736
154.184860229 172.257644653 16.2550964355 20.6987915039 0.89151519537
306.494384766 160.529708862 13.6004943848 16.9445495605 0.886502683163
360.094116211 228.175140381 16.7835388184 21.2212219238 0.876169145107
248.090911865 184.39151001 17.0928039551 19.6129760742 0.850522577763
633.904296875 362.298126221 23.8901367188 30.0762023926 0.841405391693
379.824707031 145.129653931 13.0107727051 16.2644958496 0.833577752113
206.726470947 167.983840942 15.6735076904 19.3179321289 0.826075732708
649.723815918 105.997917175 14.1502685547 16.8884353638 0.823141813278
456.285461426 217.718154907 15.725982666 19.7347564697 0.815420329571
553.106506348 185.613006592 12.9412231445 16.2317352295 0.809853732586
267.338470459 134.598098755 14.8377990723 17.9937591553 0.807316362858
