12--Group/12_Group_Large_Group_12_Group_Large_Group_12_1007.jpg
10
448.317901611 200.382995605 33.8245849609 42.078414917 0.998023748398
260.69909668 151.659088135 30.5076599121 36.5728912354 0.988421976566
345.802154541 167.849472046 31.1006774902 38.8351287842 0.983502924442
109.240974426 140.089645386 31.2646408081 38.9543304443 0.976943790913
6.120221138 160.287307739 29.4979925156 33.4407958984 0.976804196835
370.138427734 237.17741394 38.3686218262 45.9621429443 0.969679951668
975.586364746 197.114761353 24.4854125977 28.2231445312 0.949072420597
634.945251465 212.640716553 38.841796875 46.4897766113 0.946524977684
529.750305176 202.379684448 39.7135009766 44.4519958496 0.937029242516
228.955123901 199.628158569 33.6999664307 50.8722686768 0.889146387577
