12--Group/12_Group_Team_Organized_Group_12_Group_Team_Organized_Group_12_778.jpg
58
343.310516357 291.496429443 24.4658813477 29.8184204102 0.995078802109
847.166503906 130.665374756 22.9786376953 30.3155517578 0.994100868702
585.758850098 298.714233398 25.3772583008 33.6058349609 0.994070827961
405.823303223 309.163208008 23.806854248 31.2183532715 0.993568003178
226.183349609 280.861663818 25.5459899902 30.2159729004 0.992948889732
709.508178711 304.735534668 25.8480224609 31.3000793457 0.992909431458
931.306030273 149.747116089 30.5308227539 37.0867919922 0.992510914803
59.6245613098 281.756561279 26.5918006897 31.8960876465 0.992315769196
170.7212677 284.99911499 24.8986053467 31.0281982422 0.992048561573
765.326416016 116.929603577 23.5852050781 29.3799667358 0.992009282112
782.188842773 303.421844482 25.1664428711 29.8804626465 0.991635084152
645.343078613 299.504302979 24.9404907227 32.6270751953 0.990894556046
817.413208008 141.213821411 25.6755371094 28.8787689209 0.990153372288
466.480895996 295.115264893 23.3625488281 30.8834228516 0.989723324776
892.141174316 166.233078003 25.2315673828 31.2721557617 0.988999187946
107.780929565 283.712371826 26.1336669922 30.8613891602 0.988748550415
177.049285889 212.769500732 22.1167755127 28.7995147705 0.986759364605
850.228637695 191.896865845 24.9111938477 29.6501464844 0.986645162106
234.43182373 222.608901978 21.9324493408 28.0904846191 0.983823359013
464.258789062 65.7446136475 22.0234680176 28.2992095947 0.983240902424
718.406311035 119.940406799 23.1735229492 29.4222640991 0.982131958008
286.621032715 292.920928955 23.9414367676 28.9398803711 0.981955111027
498.197784424 89.4513168335 23.5668640137 27.7540664673 0.981906652451
368.549255371 81.5029373169 22.6047668457 30.0380096436 0.980683624744
902.636657715 139.198394775 24.8664550781 30.9648590088 0.979980766773
516.03326416 295.625061035 26.1072387695 31.5806274414 0.978806078434
653.910339355 229.572952271 22.4358520508 29.0330963135 0.978174030781
383.093566895 227.402526855 21.0820617676 28.1981811523 0.977382361889
580.958129883 99.7498092651 23.018371582 29.1680908203 0.975761413574
493.747833252 224.522201538 21.3000793457 28.5171508789 0.97562623024
662.27130127 89.9367675781 22.6741333008 28.7252578735 0.975580155849
875.952819824 132.906738281 24.2709350586 29.3206634521 0.965419828892
439.230255127 226.350006104 21.3543395996 29.221206665 0.965138137341
830.297790527 98.224105835 22.7106323242 28.2135696411 0.964124262333
274.994415283 228.259506226 23.6361694336 28.130569458 0.957948803902
328.455932617 228.618774414 22.7149963379 28.6619567871 0.956888616085
693.121948242 120.937606812 24.0100708008 29.6364593506 0.955862820148
345.078979492 55.1818237305 22.244354248 27.2917404175 0.952819764614
805.250488281 76.4428253174 23.680847168 29.7663574219 0.951909899712
208.653259277 49.9973716736 22.3204956055 28.5139961243 0.950505673885
433.757751465 84.5670623779 23.7927246094 29.1584091187 0.949739277363
555.329833984 227.469070435 22.1417236328 28.0036315918 0.946325838566
318.028442383 73.8406829834 21.8549804688 28.3982315063 0.94534611702
610.884460449 230.765670776 22.2053222656 27.4490509033 0.943194329739
293.908782959 101.728485107 22.8048095703 28.2621154785 0.936015546322
229.845870972 96.6164932251 23.0973968506 28.9750671387 0.93402338028
746.427368164 92.5451660156 23.7624511719 28.5284042358 0.922867715359
162.485931396 93.1316146851 23.4544830322 28.0764389038 0.91836977005
249.660095215 77.1832962036 22.0174560547 27.7831344604 0.916581988335
706.509155273 53.8307800293 22.4918212891 27.5158233643 0.906880676746
510.253509521 58.7896461487 23.2776794434 30.0550041199 0.902561306953
715.148681641 89.1420135498 22.4158325195 27.4063568115 0.892686605453
622.586425781 89.9794921875 22.8416748047 27.8387298584 0.890698552132
282.348754883 62.7865142822 22.7487182617 27.8923416138 0.879423320293
539.500915527 66.6342086792 21.2672119141 26.8293457031 0.877145946026
579.554138184 58.3461036682 21.0934448242 27.7579231262 0.836862802505
689.018859863 75.00340271 20.8286743164 26.5181427002 0.836015641689
412.277740479 56.8300170898 22.3303833008 28.0321807861 0.809560954571
