4--Dancing/4_Dancing_Dancing_4_489.jpg
27
173.985458374 239.251831055 50.3391265869 63.475769043 0.998656392097
602.55078125 210.714385986 47.5034790039 63.8617858887 0.99850910902
274.021209717 241.88621521 47.4792785645 59.6009979248 0.99808806181
187.723236084 78.773109436 43.2825012207 55.1230697632 0.997159838676
908.574707031 46.7950668335 35.3215942383 42.3645629883 0.99710303545
778.474243164 238.068847656 45.9810180664 58.3130493164 0.996910512447
807.63482666 22.0077438354 34.5505371094 42.9496116638 0.996298253536
398.435089111 124.097496033 45.1999816895 59.2898635864 0.995773255825
758.786254883 40.3155441284 33.8931274414 43.7838745117 0.994361996651
482.07144165 104.361610413 43.8727111816 54.4034042358 0.994064390659
296.735900879 68.9395217896 40.4743041992 48.6566619873 0.993155777454
668.622375488 100.492218018 43.9418334961 59.235748291 0.992987215519
128.20880127 117.985877991 43.5718994141 54.7099990845 0.992908596992
421.464874268 61.5234603882 39.4597167969 49.1695404053 0.991742134094
529.917419434 61.6678314209 42.3432617188 53.2456436157 0.991534531116
541.291748047 234.001083374 41.8746337891 54.0633087158 0.991502523422
705.548583984 282.500213623 43.0123291016 57.3288574219 0.990332663059
886.479736328 102.156593323 35.9786987305 46.0419235229 0.989901185036
829.951721191 113.373657227 38.3989257812 46.1166229248 0.988868832588
346.566436768 83.7184371948 36.553314209 45.3577346802 0.988537311554
913.302185059 134.824951172 44.1737670898 55.2936248779 0.987386524677
252.194976807 129.816116333 44.6461791992 55.765411377 0.987099766731
613.13104248 77.5994262695 44.1198730469 55.5491485596 0.985325753689
687.645812988 31.7843475342 39.9948120117 45.5371856689 0.981791615486
394.182128906 238.863739014 47.1407775879 57.2395629883 0.958195090294
750.69354248 108.03137207 42.5458984375 52.2536010742 0.957580506802
63.9610214233 36.0121841431 15.1186599731 18.9558639526 0.810476601124
