56--Voter/56_Voter_peoplevoting_56_350.jpg
13
746.51 236.854 11.6424 14.3727 0.992698
256.492 107.312 11.065 13.3081 0.986653
39.2602 365.17 33.1712 50.5521 0.982646
500.948 352.517 23.414 32.9903 0.97506
436.503 150.091 11.0334 13.4778 0.973931
-5.25117 324.793 49.8791 58.8286 0.971525
304.485 106.218 11.2362 13.6752 0.945388
730.666 220.894 12.1536 13.7855 0.940183
828.467 268.195 13.586 15.1431 0.927298
283.004 115.297 11.8966 13.7181 0.90722
467.052 149.325 11.0616 14.6156 0.879344
698.794 223.718 12.8274 14.9342 0.824399
331.657 116.018 11.0133 13.7191 0.800314
