56--Voter/56_Voter_peoplevoting_56_260.jpg
15
276.828 159.034 37.9214 45.7596 0.996661
684.726 151.411 47.751 49.5198 0.995661
947.135 221.299 24.8323 33.6265 0.995301
469.655 127.697 43.0942 55.5864 0.993968
930.428 124.16 26.7188 33.9801 0.992656
837.16 322.27 29.3479 37.1885 0.992614
909.902 428.784 30.5963 40.655 0.992049
25.396 213.666 29.9625 38.3068 0.990507
931.059 320.169 26.2936 33.782 0.98991
56.3348 39.4927 31.1335 41.5167 0.987929
64.9184 121.05 27.2205 34.1671 0.981322
856.93 218.345 28.927 35.7713 0.98117
41.6258 313.098 28.5679 36.1069 0.958081
848.35 420.06 28.2738 33.8091 0.835558
-12.5728 415.87 30.5879 37.2286 0.805847
