56--Voter/56_Voter_peoplevoting_56_781.jpg
14
287.532 105.34 47.5683 60.622 0.998739
650.981 157.893 26.5571 33.2171 0.996459
364.767 195.884 60.0728 73.6633 0.993242
359.484 84.1211 55.2125 70.4358 0.991205
647.667 130.555 26.2279 28.6361 0.986988
677.205 113.275 22.7984 31.9473 0.978642
432.515 128.383 30.1935 40.0804 0.974721
775.9 126.813 23.816 28.4572 0.974509
958.021 137.411 14.5986 21.0455 0.974468
110.918 69.1773 57.2034 73.2371 0.957236
513.881 110.152 33.0615 48.1737 0.953026
600.336 139.438 23.6426 29.0253 0.926394
749.777 118.448 22.549 28.5661 0.828112
817.426 136.797 14.1812 17.9166 0.804598
