56--Voter/56_Voter_peoplevoting_56_122.jpg
20
440.651 39.3671 28.1174 36.9625 0.998758
687.184 47.9106 42.4351 64.0418 0.996444
486.169 20.5785 29.8824 37.1627 0.996011
403.538 10.2974 26.7533 33.1447 0.995522
349.362 31.0487 27.6883 33.4037 0.993024
837.607 63.519 38.04 50.034 0.992527
558.393 83.1586 33.7759 51.0697 0.992284
900.53 34.0601 34.7916 50.5502 0.991495
934.957 75.8797 40.5773 61.6112 0.990266
81.4701 71.252 38.745 44.5035 0.988493
531.534 15.2241 28.2046 33.7139 0.988167
421.346 137.864 28.1224 35.9239 0.98446
296.369 15.2749 23.4974 32.3923 0.983682
209.619 34.6599 25.6049 32.9453 0.977493
483.656 6.40712 26.8778 36.6976 0.969655
612.652 58.0784 34.971 46.0003 0.945176
698.378 361.547 63.5419 62.2811 0.902455
603.469 19.6988 34.775 40.7944 0.901752
663.5 -4.72224 26.1847 35.8791 0.898353
963.335 14.8935 26.1178 34.9925 0.825755
