56--Voter/56_Voter_peoplevoting_56_874.jpg
21
404.814 272.037 14.4846 16.6429 0.998982
137.861 352.433 26.3928 30.7931 0.997964
13.3943 300.107 17.6214 20.7246 0.997579
66.1621 282.423 15.0988 19.0138 0.995757
594.547 331.484 33.1549 35.927 0.994603
368.111 253.716 12.2971 15.5713 0.989347
675.201 437.912 86.8479 150.789 0.988881
39.2329 337.901 18.5341 23.6453 0.988614
777.838 292.126 48.0864 65.0406 0.984903
665.748 252.827 27.5175 32.8575 0.984747
482.3 363.989 65.7738 79.3703 0.984401
358.9 280.936 14.5133 16.5351 0.98019
566.38 298.009 23.7764 28.6661 0.976052
969.705 252.979 48.2905 69.1279 0.974257
91.2301 340.008 23.4484 28.0704 0.961448
241.519 391.331 43.8762 55.1997 0.947879
335.252 255.256 14.1846 17.0789 0.943466
191.023 258.652 13.7173 16.9456 0.939737
154.083 392.45 24.3691 35.4749 0.937045
964.808 228.782 33.8662 47.0506 0.869496
455.419 291.31 17.8301 19.0963 0.844311
