56--Voter/56_Voter_peoplevoting_56_410.jpg
23
550.302 447.512 16.0965 18.8567 0.999766
321.51 441.841 15.8553 19.3281 0.999078
121.707 451.224 16.6343 20.0188 0.999038
491.866 445.372 16.7269 20.4764 0.998958
177.952 434.529 16.3724 20.2807 0.998848
366.691 434.994 17.1215 20.6406 0.997081
270.755 467.7 16.9856 22.5325 0.996036
614.55 463.3 16.9562 21.3603 0.99458
826.178 429.406 18.4967 22.0199 0.994068
471.87 432.934 16.7661 19.8 0.992749
285.524 441.663 16.2339 20.0674 0.992108
284.499 423.958 17.4711 20.0536 0.985966
57.8652 446.309 17.9016 21.5382 0.984414
743.258 475.05 19.1374 22.6428 0.982777
526.849 426.848 15.3666 18.4339 0.961187
213.967 462.182 17.3983 22.0199 0.960851
423.814 429.645 17.0334 20.0496 0.946759
235.797 451.268 16.6116 20.8159 0.930016
693.115 478.845 17.419 21.0618 0.929144
420.557 454.37 15.7038 20.4414 0.864805
154.543 417.226 14.4549 17.2316 0.840273
194.112 423.449 16.5546 20.6321 0.83034
82.5406 433.566 14.8563 17.3641 0.81278
