56--Voter/56_Voter_peoplevoting_56_268.jpg
27
243.433 280.541 33.6663 39.4281 0.99886
742.618 228.269 27.0784 36.0164 0.998833
863.576 230.698 23.4869 30.9314 0.998083
391.628 255.09 28.9821 39.6284 0.997909
410.361 195.891 13.4336 16.2302 0.996878
661.045 218.65 27.9645 36.9299 0.9965
803.99 219.091 25.1922 33.7504 0.995298
473.587 220.753 25.3525 28.6235 0.991288
632.154 193.256 17.6458 20.419 0.988208
514.652 213.251 15.8912 20.5422 0.98769
370.207 178.973 12.3412 15.9445 0.985957
262.048 226.469 20.3864 22.4813 0.978579
24.9506 182.597 14.2851 17.2945 0.973315
222.048 202.588 17.6723 22.7574 0.970677
299.516 212.267 17.5702 18.6509 0.967151
334.872 230.904 23.1976 29.6521 0.963364
354.874 202.353 16.1404 18.364 0.962556
939.14 206.228 22.7346 27.4739 0.955214
679.039 193.517 15.7481 20.0564 0.95289
393.168 186.093 13.2413 17.1313 0.950282
126.3 190.477 13.3487 17.0873 0.939406
138.431 218.867 19.799 22.2897 0.934264
416.308 222.991 21.8834 29.8619 0.910707
448.359 218.411 17.2178 20.8993 0.892942
74.6849 186.216 13.0853 15.6461 0.870641
829.533 222.494 22.429 27.543 0.865417
353.496 224.28 17.6208 23.4404 0.848831
