33--Running/33_Running_Running_33_316.jpg
15
857.683 203.425 46.1033 60.1984 0.998395
400.808 184.457 47.4514 59.5961 0.997909
628.11 182.42 45.9938 58.8778 0.997773
759.947 150.928 50.8406 66.6519 0.997645
218.046 167.087 45.4047 60.9944 0.995564
523.277 223.204 44.2594 57.9439 0.992167
348.538 171.966 46.7703 60.5233 0.990274
235.409 168.656 48.7407 64.4791 0.975455
325.088 173.518 27.6031 34.5983 0.966774
262.701 173.562 36.996 49.9508 0.961716
152.773 192.531 38.8423 45.7879 0.957446
427.547 159.835 32.5592 42.0232 0.9244
289.039 104.275 12.6369 15.9978 0.895935
913.615 134.541 13.1433 16.5938 0.854447
693.26 152.122 21.6505 27.0012 0.804026
