38--Tennis/38_Tennis_Tennis_38_535.jpg
21
513.966 423.546 24.178 29.9836 0.964333
577.976 304.929 25.3916 31.2646 0.960862
321.919 383.273 22.6578 28.9178 0.956333
713.144 318.233 21.9683 28.9286 0.944408
431.384 448.188 23.4979 30.8566 0.939723
206.624 432.484 22.6302 28.7618 0.935349
368.08 406.011 24.3228 29.9891 0.934928
760.79 426.551 23.8944 30.3925 0.92958
134.824 456.381 23.6264 29.0266 0.929268
505.213 471.188 23.682 31.5637 0.922757
460.346 423.201 25.0697 31.7587 0.922595
861.84 324.812 23.6317 28.2797 0.903984
190.537 341.362 22.8548 28.1855 0.902527
656.385 464.064 22.4482 28.733 0.895431
777.937 307.726 23.5123 29.31 0.891913
241.914 287.382 21.5879 27.1521 0.852582
896.77 488.83 24.7347 30.4413 0.839903
288.254 458.143 23.005 30.1962 0.829036
465.491 265.685 21.6591 28.0043 0.814549
479.862 315.09 22.1589 27.8087 0.813398
145.467 305.092 23.7272 30.2073 0.809408
