38--Tennis/38_Tennis_Tennis_38_371.jpg
25
550.798 372.891 32.4556 41.5609 0.997611
344.337 297.591 28.9772 35.5219 0.996221
763.42 281.347 30.1136 40.7573 0.995062
568.117 289.168 30.7155 37.0134 0.994736
439.115 302.051 29.9344 36.3223 0.993893
476.217 367.841 32.1006 41.4623 0.993452
277.066 201.512 26.8038 33.6085 0.991842
171.993 192.334 27.6505 32.5579 0.991004
664.888 278.462 29.8442 37.2125 0.991002
785.456 197.533 28.0175 34.2225 0.989403
378.789 211.217 28.4239 33.0444 0.988158
444.375 215.182 25.6218 32.4532 0.986639
128.598 200.477 26.6013 31.7687 0.985577
232.667 200.125 24.0211 29.4367 0.984948
567.689 196.563 23.7883 29.5017 0.984787
730.152 188.944 23.2386 27.9181 0.980806
696.768 191.295 26.1238 31.1059 0.980318
323.61 206.181 24.3317 29.7928 0.979279
412.66 206.268 24.7402 29.869 0.978317
610.429 220.269 26.9514 30.4261 0.977506
653.63 198.661 24.4799 28.3794 0.977228
815.999 192.033 21.9785 27.6223 0.964764
490.115 202.99 25.7152 29.0455 0.959881
878.777 189.853 24.6395 29.8189 0.958906
527.656 214.756 23.4089 28.4197 0.952179
