18--Concerts/18_Concerts_Concerts_18_920.jpg
8
823.949125 574.008625 11.2854375 14.452 0.994204103947
618.075125 607.0275 11.2494375 14.736875 0.992182910442
279.05659375 506.29425 16.14309375 21.2156875 0.987310171127
868.5335625 574.2441875 11.351375 14.034625 0.974227368832
755.806375 566.20325 12.7569375 15.9515 0.953925609589
851.69425 557.4995625 12.1290625 14.5625 0.947334051132
902.9308125 564.0574375 11.5341875 14.80575 0.922133386135
929.020125 560.1778125 11.3741875 13.9145625 0.913389742374
