18--Concerts/18_Concerts_Concerts_18_447.jpg
10
398.56834375 190.008953125 39.55728125 42.439828125 0.999421238899
119.677460938 547.6850625 38.4872421875 39.849625 0.99941265583
346.571625 370.0043125 41.666875 47.020875 0.99938762188
246.31509375 524.62425 33.52146875 39.0394375 0.999024510384
244.67971875 189.28715625 33.623 33.225828125 0.998955249786
354.98896875 486.09046875 35.6998125 43.68140625 0.998848557472
903.8194375 120.382664062 51.483125 55.1157265625 0.998763084412
72.8970234375 196.1390625 46.379609375 55.0435 0.998761892319
87.4491796875 385.05853125 37.3069140625 46.83303125 0.99861907959
212.559828125 383.26990625 37.61109375 44.166375 0.99844956398
