18--Concerts/18_Concerts_Concerts_18_602.jpg
46
479.521375 401.0589375 28.34921875 32.54515625 0.999622941017
555.716125 384.043625 34.484 45.05859375 0.999343216419
307.84803125 386.0371875 27.461625 36.94134375 0.999222278595
772.8374375 333.94759375 16.0535 21.1594375 0.999164938927
165.63821875 402.9606875 26.352390625 34.13903125 0.999120056629
936.9128125 377.728625 36.1656875 48.1794375 0.998930156231
895.8739375 482.608875 43.492375 57.9244375 0.998765826225
452.30678125 347.1669375 16.11990625 19.944 0.998708963394
141.0190625 255.446921875 15.400953125 21.925265625 0.998532176018
457.8088125 489.5983125 30.642125 38.96175 0.998481094837
106.552117188 256.081953125 15.1291328125 19.144703125 0.99839836359
368.503625 393.09459375 29.87425 42.5785625 0.998366415501
836.5840625 340.5039375 16.968625 21.998875 0.998359382153
680.705 353.18253125 14.739125 21.370875 0.998006880283
39.2739492187 345.69603125 18.09103125 23.03859375 0.997550666332
232.646515625 299.720875 14.91065625 19.8680625 0.997516155243
189.595921875 262.4788125 12.45559375 18.234625 0.997046411037
262.8545 261.369734375 13.18740625 17.064515625 0.996116280556
473.66978125 362.0494375 18.50434375 24.013875 0.995303630829
77.7835390625 419.62534375 22.303421875 30.15659375 0.994504213333
870.2723125 372.12628125 22.7050625 26.767375 0.994404911995
437.66534375 327.05040625 13.93096875 19.96984375 0.993963420391
139.76875 405.25328125 24.1471875 30.3504375 0.993618488312
132.6154375 394.8246875 16.427515625 23.52203125 0.993113696575
50.43821875 381.00046875 22.11040625 30.93875 0.991976559162
190.66734375 364.64475 17.690515625 19.96184375 0.991959214211
328.574 501.06740625 39.436 62.63340625 0.991882801056
22.3693632812 339.06915625 15.7637890625 20.7663125 0.991367518902
293.33715625 530.5823125 44.0700625 55.672375 0.991337656975
511.01640625 395.0903125 22.04590625 30.911625 0.991132795811
302.16171875 255.060734375 14.220375 17.995890625 0.990339934826
404.2038125 392.2934375 22.172875 29.44453125 0.989411771297
344.09 378.08428125 20.84759375 29.19803125 0.988691687584
738.225875 375.6855625 19.154875 20.99078125 0.988547444344
396.0650625 325.8991875 12.93771875 16.73765625 0.988512277603
49.7691992188 264.04278125 13.7216953125 19.00959375 0.983002007008
258.5275625 537.3601875 28.5943125 43.8383125 0.982902050018
901.3164375 349.67703125 13.6510625 19.64290625 0.982029020786
567.59525 333.54253125 12.9589375 16.20871875 0.975185036659
710.445875 341.480125 16.9925625 20.15315625 0.970268964767
517.30775 323.58671875 15.65425 19.04953125 0.963325858116
522.8744375 340.8850625 14.7960625 17.283625 0.956654191017
249.653953125 305.92390625 18.975234375 22.515875 0.929993867874
710.5855625 329.18396875 17.3166875 19.22540625 0.896391689777
334.94040625 331.85896875 17.8166875 19.1963125 0.889022946358
343.225 334.73771875 20.10178125 19.34159375 0.835567474365
