18--Concerts/18_Concerts_Concerts_18_853.jpg
8
910.09825 216.099140625 50.14175 58.938765625 0.998792111874
753.0025625 207.92434375 51.269375 59.34796875 0.998142957687
313.677875 378.57546875 24.61878125 26.9179375 0.995156288147
178.384390625 377.54325 24.497375 28.68596875 0.99201798439
100.621109375 374.3016875 23.39325 27.65109375 0.98824185133
741.35925 118.013828125 47.97025 58.78071875 0.987637758255
597.4694375 239.025390625 48.8605625 55.771640625 0.984946370125
243.50340625 377.2471875 22.86490625 26.970875 0.926212847233
