32--Worker_Laborer/32_Worker_Laborer_Worker_Laborer_32_516.jpg
11
255.647583008 112.291130066 35.0676574707 45.6312179565 0.998005568981
754.381286621 98.0531158447 44.5901489258 56.5168151855 0.995749473572
420.081268311 124.462837219 29.5541992188 36.7304458618 0.994276106358
963.004577637 50.3430290222 60.9954223633 87.1661567688 0.989205241203
49.6418037415 24.3113040924 72.3538627625 92.736661911 0.988143026829
224.11769104 129.733261108 29.2020874023 36.5201416016 0.987315416336
845.285095215 118.447395325 31.4435424805 34.3363265991 0.986907839775
880.348510742 145.507400513 33.4588012695 40.608215332 0.984471261501
297.314788818 121.575218201 40.6569213867 48.8518600464 0.979439437389
520.607849121 100.351020813 38.7053833008 44.260597229 0.977711796761
480.904083252 340.327209473 33.4144592285 34.393737793 0.976867318153
