8--Election_Campain/8_Election_Campain_Election_Campaign_8_412.jpg
83
557.269 550.971 49.2469 61.2 0.998436
807.799 138.946 29.3844 37.0524 0.998241
898.933 352.482 33.0456 44.8626 0.997676
104.373 352.958 38.8731 41.6592 0.997374
621.234 389.664 33.5719 47.4547 0.997356
250.719 171.07 27.8166 36.1047 0.997346
269.972 257.717 31.7594 40.6348 0.997325
727.754 499.501 34.2199 50.6405 0.997305
165.686 246.023 29.3425 40.9114 0.997176
485.291 257.849 34.7316 42.4355 0.997045
424.234 422.541 35.2434 49.1831 0.996763
692.772 449.318 43.0168 58.2859 0.995963
5.30151 262.358 33.4704 41.6222 0.99561
768.342 435.206 33.8495 45.9903 0.995492
508.366 181.49 25.7258 31.1452 0.994751
668.792 240.064 27.5103 37.6329 0.994627
699.535 205.805 26.091 34.7809 0.994072
975.409 261.946 31.8244 38.5661 0.993376
332.76 396.186 43.3078 53.1009 0.993214
644.199 305.901 30.9136 42.4614 0.992968
636.745 428.045 38.0321 47.6897 0.992354
264.063 540.193 49.5864 64.9868 0.991744
965.4 536.421 31.9112 42.5291 0.991135
614.864 291.629 26.3228 36.0413 0.991131
963.434 206.908 32.0461 38.7015 0.991079
905.242 593.372 48.6717 60.7063 0.990259
556.183 112.891 18.3512 22.3167 0.99018
796.792 356.168 34.2141 44.7073 0.989075
300.493 556.246 45.9972 75.4705 0.988806
930.597 319.51 31.2041 43.2201 0.988228
549.732 150.32 26.6103 32.4542 0.987633
773.889 595.759 48.181 59.9739 0.987618
357.227 234.656 30.579 38.027 0.986147
368.495 498.722 35.6698 47.3289 0.985015
79.5655 530.204 41.8229 67.0433 0.984393
858.956 458.466 38.2137 51.0372 0.984174
615.997 511.644 45.7645 69.3082 0.984121
238.715 123.87 25.6953 30.7038 0.982588
480.344 578.469 37.2689 48.4836 0.982414
145.126 548.476 44.4726 61.687 0.982387
29.1102 460.68 25.2862 35.9021 0.98177
276.378 16.3397 16.1704 19.7196 0.979103
488.857 136.858 24.7058 29.367 0.978953
14.17 507.956 33.7151 53.6337 0.978644
568.478 216.616 24.5863 31.6911 0.977206
137.56 301.693 33.4906 45.2876 0.9771
463.975 27.5006 19.4748 22.2994 0.976822
823.951 620.267 48.2464 64.1236 0.974109
860.201 348.707 32.2701 43.8503 0.97369
774.672 126.299 23.1908 29.2557 0.972784
493.504 218.782 28.0658 34.7378 0.972748
778.82 153.414 24.735 29.5601 0.96837
566.121 466.679 32.1131 51.7533 0.959849
976.672 317.575 31.9824 45.5415 0.950885
359.2 142.939 23.9639 29.6926 0.94845
794.345 534.948 42.9864 59.3394 0.947169
544.553 139.585 24.1945 31.0249 0.945186
371.138 65.7074 22.2791 25.9574 0.944809
554.012 378.174 39.6929 49.8208 0.930015
622.528 256.348 29.8234 36.9851 0.926949
624.298 142.984 23.1635 28.263 0.924233
636.742 118.748 18.0389 21.5167 0.922498
269.52 217.66 26.456 27.0179 0.917446
401.333 368.127 29.8608 40.9789 0.91275
370.868 42.7293 14.6497 16.7307 0.910492
840.131 318.272 29.3697 41.4254 0.903629
670.826 183.27 23.3773 30.7559 0.890322
273.19 491.999 38.6694 45.0321 0.886407
394.417 113.447 16.3103 20.9595 0.884041
367.663 97.3204 16.1364 19.2715 0.882317
694.667 86.6273 16.5305 20.4925 0.880633
755.473 214.311 30.0326 35.1644 0.871198
523.44 82.347 16.8324 20.0142 0.870998
81.3975 124.675 25.9475 35.2541 0.86684
458.164 252.511 34.3079 47.0752 0.847452
402.491 70.3699 16.3908 20.407 0.847032
465.908 84.3212 16.0662 22.6319 0.845626
293.4 37.131 16.4412 20.6151 0.842991
943.441 189.438 22.772 30.3534 0.837773
533.701 262.451 27.2132 37.0865 0.807733
735.491 120.423 16.9315 21.3084 0.807514
425.084 138.461 24.8464 35.6593 0.804893
303.963 14.1537 13.5411 16.3966 0.804285
