8--Election_Campain/8_Election_Campain_Election_Campaign_8_118.jpg
18
716.32 371.805 107.747 134.184 0.999619
406.897 211.807 70.701 84.2928 0.999533
212.044 188.306 47.3939 56.166 0.999422
292.647 165.694 54.4082 68.6889 0.999036
649.957 203.359 36.7033 44.0184 0.998684
362.387 176.924 44.2941 60.5999 0.997985
42.5735 193.633 31.212 47.6811 0.9977
889.765 331.949 57.593 73.5858 0.997408
531.671 295.114 66.314 99.9406 0.997011
530.709 169.422 37.5651 47.8014 0.996516
695.856 242.671 83.2175 113.749 0.996219
140.573 192.61 45.6773 62.1694 0.994356
958.73 275.499 37.4618 43.5642 0.99078
995.362 240.133 28.894 36.3696 0.987577
172.761 210.766 42.6895 57.8082 0.98393
893.013 233.955 17.6143 22.3285 0.915393
882.092 251.749 26.5397 39.5544 0.914308
212.428 284.056 35.3478 46.6445 0.860835
