8--Election_Campain/8_Election_Campain_Election_Campaign_8_218.jpg
14
602.105 340.895 47.9996 56.0469 0.99977
842.905 251.643 97.6595 128.155 0.999425
691.649 330.347 53.9646 64.3555 0.999276
433.865 322.335 56.0766 75.2484 0.99899
535.575 340.711 54.0196 61.7411 0.998897
789.533 259.68 56.5366 64.9496 0.998341
673.764 551.34 57.1116 78.8923 0.99754
121.699 282.277 49.867 69.9343 0.997403
175.151 383.476 80.9351 96.8999 0.996709
289.115 333.268 72.6581 86.2467 0.990655
79.952 316.022 63.5495 80.3724 0.990535
396.367 335.607 30.9446 42.3848 0.989376
150.147 338.579 48.2081 59.6409 0.968039
469.518 333.701 31.6957 49.0928 0.931837
