8--Election_Campain/8_Election_Campain_Election_Campaign_8_32.jpg
16
951.478 273.353 26.1456 31.3531 0.999008
912.736 264.094 30.7244 37.0799 0.998169
615.468 293.531 24.2016 30.1938 0.997095
560.982 305.399 23.2577 30.6432 0.996819
33.2826 261.652 26.0088 35.0149 0.996809
722.743 277.695 24.8119 30.8327 0.996768
321.13 290.811 24.1313 30.4817 0.994446
222.384 262.092 27.6476 34.5992 0.993453
872.281 288.535 25.6885 31.7029 0.993359
362.306 286.718 25.8887 32.6078 0.992597
792.362 290.348 25.4591 33.1993 0.991118
467.223 281.366 27.0637 33.3504 0.989315
662.605 275.392 25.4333 32.6424 0.986353
108.941 238.878 28.0549 36.7141 0.97517
956.757 253.422 24.1157 29.3381 0.965943
988.851 254.009 22.4597 29.4273 0.822135
