8--Election_Campain/8_Election_Campain_Election_Campaign_8_76.jpg
22
512.204 248.604 36.9718 47.6444 0.999069
344.451 296.538 35.5746 46.3202 0.998969
555.046 258.03 29.5871 38.8826 0.9989
357.476 230.803 31.3514 37.9544 0.998003
414.092 281.984 33.8834 41.6671 0.997994
151.331 307.341 39.2818 44.1682 0.997631
613.399 272.89 34.2839 44.3936 0.997614
711.723 310.479 30.883 41.0256 0.997562
780.945 287.414 34.1968 43.315 0.997382
684.793 289.666 31.9815 43.5207 0.996815
19.1854 288.788 44.6165 54.5731 0.996696
642.361 232.038 32.3058 39.5323 0.996675
255.052 286.202 37.2791 46.0611 0.996653
710.428 229.867 26.7108 36.5695 0.995957
444.804 228.679 34.1928 42.4207 0.995629
69.4759 310.47 39.4829 47.9326 0.995603
842.397 276.386 39.9784 47.79 0.99525
298.589 223.162 28.1994 38.7849 0.99497
391.658 236.709 25.5595 34.143 0.970273
579.316 244.993 26.5886 34.9964 0.959082
206.278 236.335 28.1675 36.004 0.934301
271.305 269.74 28.487 39.2586 0.818973
