8--Election_Campain/8_Election_Campain_Election_Campaign_8_498.jpg
12
483.428 179.042 48.9871 63.1199 0.999504
684.106 41.119 128.203 155.327 0.999497
259.842 132.04 91.8681 113.249 0.999202
69.7793 117.805 89.8981 115.416 0.999139
574.952 142.169 69.2633 76.6471 0.999089
393.924 145.562 50.7043 67.3962 0.999075
343.437 149 59.6118 79.4001 0.996727
201.746 179.901 63.1805 71.4518 0.996676
539.125 160.417 42.7677 55.3144 0.993037
923.562 252.92 144.714 172.081 0.992732
767.055 132.052 66.5981 92.1631 0.990177
884.174 205.641 45.478 57.576 0.981665
