8--Election_Campain/8_Election_Campain_Election_Campaign_8_84.jpg
18
490.427 190.96 16.9196 23.1198 0.998522
33.7157 527.687 30.4568 37.4644 0.99816
121.124 541.704 46.13 58.6248 0.997964
309.949 494.995 25.7661 33.9233 0.99762
208.204 508.818 26.5343 38.6079 0.996969
290.76 500.269 21.8575 30.6386 0.989878
976.91 489.612 24.8089 29.9242 0.987872
74.3447 502.851 21.3105 29.756 0.98765
127.967 485.796 19.1119 23.2191 0.980686
445.729 186.377 16.0337 21.0711 0.975977
878.915 507.163 21.5846 28.7025 0.973234
92.5373 502.366 22.0467 32.1828 0.962149
185.138 488.849 16.7472 20.2984 0.959171
630.688 204.128 18.9495 22.6379 0.957595
672.889 248.883 15.879 20.3501 0.957248
255.663 428.86 22.2833 27.1929 0.947399
918.82 596.194 40.3901 65.7941 0.919989
537.588 517.79 19.256 23.0946 0.831978
