8--Election_Campain/8_Election_Campain_Election_Campaign_8_148.jpg
46
239.22 368.453 105.399 134.548 0.999381
813.27 288.018 66.7054 73.8013 0.999328
719.772 446.602 102.564 141.709 0.999231
614.544 135.822 16.0263 18.7581 0.999222
313.947 272.151 78.6408 95.9432 0.999154
621.3 350.282 93.7736 115.116 0.999106
673.854 257.543 62.6893 68.4859 0.998904
-7.85049 211.883 78.391 90.8053 0.99886
961.512 298.839 65.7379 71.3471 0.998668
426.405 288.679 88.3626 113.368 0.998667
573.986 321.316 68.5179 82.7137 0.998547
584.613 188.305 44.5099 53.8106 0.99841
481.084 112.272 16.9648 21.5517 0.998172
506.459 211.99 52.9193 63.6452 0.998087
896.103 575.88 108.517 154.314 0.997724
743.338 267.132 54.3535 63.7692 0.997724
755.215 219.251 27.675 31.2395 0.997716
368.688 240.5 61.1348 90.7786 0.997306
552.063 121.131 15.3477 19.6739 0.996888
806.876 97.7307 12.2425 15.416 0.996156
478.403 149.058 30.6368 37.8555 0.996084
883.834 425.795 75.1844 78.818 0.996082
194.866 113.706 23.9312 29.113 0.992947
780.901 100.516 12.7406 15.3629 0.991692
8.05295 9.24783 13.2558 16.5101 0.991099
371.337 122.444 16.8158 20.4335 0.990978
503.074 285.863 63.0633 89.5716 0.990916
-43.7515 373.556 110.788 140.644 0.989902
428.212 231.13 57.2651 65.7706 0.989849
102.28 205.741 50.7132 55.2434 0.988291
752.724 100.726 12.2216 15.2668 0.986488
128.256 87.1582 24.5854 30.7633 0.986083
857.243 488.659 87.526 119.742 0.984937
566.049 151.201 20.1553 21.9051 0.983886
635.463 179.853 24.7537 28.9664 0.980773
659.188 106.629 12.9054 15.5903 0.979584
170.877 96.4908 18.934 22.722 0.979549
727.95 131.832 16.3778 18.6394 0.975418
221.896 101.686 15.9347 21.3677 0.971192
763.148 116.836 14.6468 17.7664 0.964959
508.925 151.386 21.8307 27.885 0.95132
705.117 123.204 14.5735 16.3511 0.917045
797.975 124.198 14.7116 17.1671 0.912859
113.971 23.3145 13.9174 17.4594 0.903342
324.947 101.482 17.9504 23.1653 0.896685
994.34 143.563 15.225 20.3468 0.836679
