39--Ice_Skating/39_Ice_Skating_Ice_Skating_39_992.jpg
30
832.466796875 125.103485107 55.2052612305 72.4237213135 0.999456346035
954.179321289 581.01739502 55.6655883789 67.0881958008 0.99931037426
115.793556213 41.0646629333 53.4396743774 68.8264198303 0.999094724655
729.266845703 735.117431641 58.4992675781 70.461730957 0.999066054821
823.089111328 479.63092041 49.1051025391 60.8394165039 0.998781383038
167.19921875 278.878051758 52.6725311279 60.9611206055 0.998749494553
420.540740967 18.858663559 53.5503234863 69.4581928253 0.998577713966
158.108261108 809.788391113 50.612487793 64.232421875 0.998425722122
294.305267334 845.268798828 60.1408081055 75.0589599609 0.998175740242
901.279846191 708.707275391 53.0213012695 68.4566650391 0.997946918011
8.09752845764 632.776916504 57.7934169769 73.1600341797 0.997935771942
663.411560059 474.281829834 56.3314208984 71.4264831543 0.99789917469
383.358337402 140.717681885 48.9247741699 58.2796020508 0.997740864754
776.847961426 604.7734375 59.2200927734 70.3666992188 0.997687220573
329.592529297 470.916107178 63.4848022461 75.0227966309 0.997661471367
305.868347168 257.890869141 59.794708252 75.5575561523 0.997497856617
936.652038574 249.387756348 45.6290893555 60.7660522461 0.99739921093
23.4699459076 379.547454834 51.2875919342 58.7247009277 0.997107326984
803.20098877 254.546478271 47.5961914062 57.3711853027 0.996620059013
569.509643555 368.001800537 51.0811767578 60.927734375 0.996495187283
746.085876465 0.0 53.7919311523 62.6945304871 0.99647128582
613.3203125 268.815490723 48.4978027344 61.2691040039 0.996138632298
902.832763672 24.0877113342 49.1376953125 59.5873832703 0.995787084103
383.665679932 382.872772217 46.8189697266 58.1591491699 0.994680464268
536.195251465 723.891235352 71.7094116211 92.0466308594 0.991916120052
461.442352295 266.935455322 47.8524475098 56.672454834 0.990441560745
728.499633789 366.733856201 47.8022460938 61.0316467285 0.990052998066
337.476287842 368.65637207 34.838470459 39.8619689941 0.888259589672
214.72718811 169.715362549 50.881362915 59.6109161377 0.854780673981
290.100341797 427.272460938 34.973815918 48.5319519043 0.846420705318
