39--Ice_Skating/39_Ice_Skating_Ice_Skating_39_1047.jpg
16
243.931228638 110.909576416 55.4179534912 69.4248199463 0.999094963074
745.687866211 144.542785645 61.4097290039 78.2085113525 0.99730682373
736.282104492 2.51012611389 23.779296875 30.6301860809 0.988950788975
811.988342285 74.7086105347 24.835144043 31.7278060913 0.98875272274
876.999633789 174.105010986 26.2139892578 33.0135650635 0.987207591534
830.217651367 144.446380615 25.5922241211 32.5772857666 0.984964430332
498.196960449 198.492431641 23.9232788086 30.077041626 0.983405828476
937.182556152 73.151512146 23.8792114258 29.54347229 0.975324392319
589.826660156 194.768875122 25.4732055664 30.71875 0.965228319168
965.757629395 191.438018799 28.3197631836 32.4244995117 0.951589107513
879.676757812 40.174861908 22.5706176758 28.1931114197 0.950339496136
722.338989258 75.6263885498 26.8984985352 33.6639938354 0.935157835484
304.806182861 11.9493026733 23.6257629395 29.6604728699 0.93416172266
242.296905518 18.2354812622 20.9906921387 27.4409294128 0.920603692532
528.565856934 175.337478638 21.8070678711 27.9691925049 0.865958809853
600.445678711 130.195068359 22.13671875 28.7238464355 0.829634428024
