17--Ceremony/17_Ceremony_Ceremony_17_803.jpg
8
320.706207275 21.1603145599 101.508575439 137.679895401 0.995067954063
648.203430176 86.8219604492 88.3585205078 117.531600952 0.98338919878
941.846984863 173.624679565 27.1844482422 32.7780456543 0.97941750288
92.6553115845 139.655838013 25.889213562 31.5481719971 0.977661550045
604.75592041 143.137542725 22.3254394531 27.8380584717 0.931952834129
0.0 25.1307411194 116.817771912 286.974025726 0.931600928307
625.683288574 107.707382202 15.5689697266 20.8454971313 0.867867469788
573.013793945 140.720443726 16.0175170898 18.5703277588 0.822050869465
