17--Ceremony/17_Ceremony_Ceremony_17_470.jpg
8
348.813262939 168.772735596 54.6234436035 76.4679107666 0.998425841331
939.357727051 267.142242432 56.3900756836 73.713470459 0.998346686363
482.565307617 251.233428955 48.5238647461 63.2534790039 0.997722327709
77.0448303223 253.10975647 45.7289886475 54.9071807861 0.992355108261
680.329040527 291.156066895 25.9623413086 33.5170288086 0.983639657497
580.666320801 282.247528076 47.1163330078 60.0266418457 0.982731759548
729.306884766 211.605880737 49.4681396484 59.4889068604 0.981573104858
227.306274414 219.969055176 44.759552002 54.1681518555 0.969506919384
