2--Demonstration/2_Demonstration_Demonstration_Or_Protest_2_1.jpg
37
347.6268125 11.0212216797 37.82025 42.7390205078 0.999296665192
848.5339375 91.6863984375 36.55725 42.1431328125 0.999175965786
608.029625 247.37503125 41.8865 57.8626875 0.999000489712
481.2235 29.99790625 34.86746875 46.0067109375 0.998879015446
896.1384375 117.02875 40.1796875 43.112375 0.998623609543
958.4345 272.247 43.6213125 57.41478125 0.998432695866
564.9993125 235.580390625 37.3561875 44.761671875 0.998394787312
299.46890625 263.396125 38.79634375 45.22590625 0.998383998871
206.336203125 126.7915 43.577640625 55.706625 0.998198926449
409.23290625 248.19296875 40.17240625 47.399375 0.998058140278
223.380828125 0.0 35.363 43.6150742188 0.998025774956
517.0411875 472.354 40.356125 44.924875 0.998024225235
204.857609375 243.334296875 46.192984375 52.336015625 0.997903108597
356.90340625 258.073109375 40.54090625 48.209328125 0.997503578663
479.74015625 284.1510625 43.68953125 55.652375 0.997321426868
320.50084375 475.48884375 45.37440625 56.09246875 0.996900200844
105.004828125 299.19121875 50.2971875 48.28728125 0.996474444866
305.109625 514.962125 44.90240625 71.3373125 0.996448278427
963.0141875 169.788390625 38.1958125 41.23584375 0.996191501617
891.901625 253.277328125 39.3515 45.560984375 0.99519944191
543.92425 155.46025 15.307625 18.761890625 0.994565606117
813.599625 523.37984375 45.8941875 58.61884375 0.993946492672
778.7689375 257.37725 42.6900625 58.976125 0.992882609367
531.4598125 266.6366875 32.0089375 46.27615625 0.989817798138
924.6303125 269.091625 36.778625 50.8534375 0.988756239414
482.5330625 251.07990625 34.50678125 37.608125 0.98818552494
615.5344375 527.0334375 43.3664375 56.490375 0.980436265469
145.933359375 237.43903125 34.427421875 48.28353125 0.976582944393
173.3028125 166.285421875 34.9305 47.954953125 0.971524953842
745.30925 576.5485 34.0151875 52.4766875 0.960986733437
118.404734375 482.8286875 41.365578125 61.0124375 0.955430388451
226.93421875 551.093 17.167140625 20.84275 0.941968917847
903.8540625 256.8693125 41.5921875 59.464125 0.934935331345
185.836515625 599.26575 41.38765625 67.52325 0.90118086338
43.2963046875 251.187046875 32.27340625 49.163734375 0.885543823242
1003.1595625 115.41403125 20.8164375 44.869953125 0.882135093212
745.7553125 283.8861875 29.7351875 38.46046875 0.808831870556
