2--Demonstration/2_Demonstration_Demonstrators_2_781.jpg
13
255.5503125 168.03559375 49.5486875 71.732875 0.999665498734
694.409625 222.567953125 48.1276875 52.892296875 0.999504804611
929.0923125 229.218078125 28.71375 32.8930625 0.9992877841
392.35325 195.45903125 24.566625 34.592203125 0.998634517193
923.5999375 271.51371875 37.6076875 43.8259375 0.998597562313
545.337625 142.604375 56.40025 81.538015625 0.998269200325
463.46309375 203.54178125 40.43653125 50.60209375 0.996827304363
535.6255 212.227671875 35.1215625 45.901421875 0.995574951172
532.6360625 191.41565625 21.9130625 28.518625 0.986174345016
860.954125 245.757921875 14.3451875 19.410734375 0.985339283943
237.456 130.178367187 31.20503125 55.6334453125 0.971887290478
817.2005 230.13209375 18.8903125 18.807859375 0.961517751217
759.77575 257.0766875 19.328 23.20921875 0.897486627102
