2--Demonstration/2_Demonstration_Political_Rally_2_791.jpg
24
593.7624375 37.7525234375 70.970125 88.5454375 0.99952018261
545.14725 301.83178125 71.6144375 87.84759375 0.99949324131
776.0586875 366.44228125 67.85625 84.55959375 0.999490857124
205.789046875 412.0345625 75.539828125 88.66125 0.999227523804
394.8585 351.13975 65.15115625 78.68071875 0.998942434788
647.8286875 274.60628125 72.8523125 89.41990625 0.998838245869
859.3804375 521.5235 27.609625 35.1205625 0.998613357544
403.125625 138.67946875 59.11465625 82.349984375 0.998524844646
954.81825 510.83909375 29.7614375 32.20959375 0.997500956059
992.23575 518.85196875 29.2428125 35.05084375 0.997101724148
489.08409375 539.5898125 38.67346875 38.9461875 0.996278226376
41.3405078125 469.37190625 24.8121445313 29.3203125 0.996151089668
20.4936054688 545.578625 36.7131640625 32.957375 0.99523049593
322.78678125 470.0606875 25.91771875 32.02578125 0.987167179585
823.958875 542.7738125 37.394875 35.7621875 0.986555695534
653.560125 493.48525 26.8765 29.782375 0.984064519405
331.0354375 542.2855 40.1960625 36.2505 0.981461942196
922.047375 493.6295 24.41425 29.92784375 0.979079008102
852.3564375 491.96225 23.4374375 30.802375 0.971676886082
680.6404375 518.5723125 32.764625 42.942 0.966344892979
586.682875 481.75884375 22.11775 30.66775 0.962734699249
399.60171875 528.5785625 30.93203125 34.139875 0.95794147253
10.5909804688 508.32275 23.3163398437 31.8173125 0.917848348618
1005.537375 493.45796875 18.438625 32.49471875 0.816451251507
