2--Demonstration/2_Demonstration_Political_Rally_2_117.jpg
18
379.0105625 213.442734375 29.7954375 36.12025 0.999305725098
632.7315 201.6783125 24.1415 35.196609375 0.999131262302
587.8413125 194.87503125 33.5334375 42.57846875 0.999050199986
837.07675 202.043640625 29.5243125 38.2990625 0.998549520969
791.1264375 213.74703125 23.6633125 27.47390625 0.998044133186
729.294375 217.914328125 27.8924375 38.505046875 0.9970459342
286.64571875 195.21484375 23.621125 32.491765625 0.995416641235
64.5747617187 197.884234375 19.0411289063 25.486 0.994034469128
22.8476972656 203.30415625 24.3879863281 28.73809375 0.992073237896
123.388554688 218.4548125 15.1723203125 23.374828125 0.988587379456
807.3506875 189.1940625 12.4601875 15.751765625 0.978069961071
452.8966875 194.82875 12.3603125 17.309046875 0.975464999676
878.222125 193.4336875 22.61525 41.537703125 0.94133079052
956.067875 189.533203125 24.183125 32.803453125 0.913309514523
781.0079375 203.75646875 14.5101875 17.685359375 0.890376925468
408.3046875 206.092859375 21.565625 28.84465625 0.862432837486
695.4610625 206.222 21.82025 32.78775 0.832789361477
142.56553125 209.912765625 15.51628125 19.2455625 0.804944872856
