2--Demonstration/2_Demonstration_Political_Rally_2_410.jpg
19
249.77215625 501.3800625 73.30953125 85.53025 0.999406099319
931.521625 447.303125 31.9509375 37.69490625 0.999218583107
466.76809375 456.69428125 38.76228125 42.62059375 0.999089837074
3.41871142578 527.0345625 64.5592416992 78.5251875 0.998557507992
726.7109375 474.07365625 49.6648125 61.41915625 0.998405396938
180.577359375 493.43221875 51.551953125 59.66534375 0.99806791544
855.7285 420.515875 39.5265 47.32934375 0.997992753983
633.9005 451.874125 96.0600625 113.634 0.997850418091
503.595125 491.057375 38.361 51.661125 0.997792840004
353.18075 433.3185625 41.94190625 46.279875 0.99777585268
560.9433125 513.84525 44.0260625 70.2338125 0.996874570847
9.76892382813 417.37121875 30.8492988281 33.7670625 0.995571196079
115.5355625 421.42375 22.394890625 27.32296875 0.99498295784
150.01365625 415.1054375 13.980890625 18.17309375 0.992139160633
508.65540625 429.315625 18.67584375 22.03353125 0.99185693264
808.338125 448.62396875 19.5635 23.28040625 0.985041677952
954.31225 426.43471875 24.9108125 27.4129375 0.960128605366
607.558625 435.89634375 17.505875 24.31721875 0.90287733078
832.466875 429.5988125 16.5606875 20.46228125 0.892300128937
