2--Demonstration/2_Demonstration_Demonstration_Or_Protest_2_368.jpg
13
736.103125 218.621234375 29.697875 36.46084375 0.997808516026
607.76375 238.93571875 24.4868125 29.503875 0.997704088688
373.87021875 224.59746875 18.0325 22.99371875 0.996963202953
34.784515625 250.22084375 13.834125 18.9233125 0.994359195232
644.3189375 231.426671875 18.6818125 23.76534375 0.994241833687
300.4654375 234.308421875 15.7953125 20.9105625 0.989630997181
880.1128125 239.113015625 22.5894375 35.442359375 0.984202504158
426.32828125 229.41578125 12.579875 15.9960625 0.972291231155
517.61571875 220.909375 18.37884375 20.311765625 0.966045856476
5.32468847656 217.912390625 16.9112197266 19.3919375 0.944606125355
458.63221875 238.2464375 14.646875 18.651078125 0.91978174448
977.094 258.868171875 15.125 21.196015625 0.865729749203
956.6730625 279.16296875 13.66725 16.75834375 0.861302733421
