2--Demonstration/2_Demonstration_Demonstration_Or_Protest_2_173.jpg
38
167.667203125 315.49165625 46.082421875 56.48346875 0.999459564686
50.2841132813 353.34175 48.3887460938 54.865875 0.999306917191
273.6589375 277.22909375 35.3421875 47.42853125 0.999217152596
652.6606875 206.282328125 34.96025 47.161453125 0.998805403709
256.066890625 252.514078125 30.968171875 44.203609375 0.998651921749
845.6145 291.03365625 53.737375 70.1703125 0.99832957983
107.97853125 246.13334375 40.828421875 56.63584375 0.998263657093
360.48328125 192.5425 16.8768125 21.63275 0.997935533524
865.57375 209.813109375 44.8090625 57.938703125 0.997893035412
547.2613125 169.27584375 14.721875 17.830734375 0.997459590435
670.154625 276.78275 47.8533125 69.97040625 0.99699652195
458.80809375 227.82771875 33.11703125 46.471 0.996427476406
829.32575 164.711546875 21.448 30.279609375 0.995729386806
774.23825 189.3001875 32.4860625 47.738671875 0.995393633842
16.3025419922 240.564734375 16.5857001953 20.55978125 0.994840562344
583.4209375 238.0084375 39.10525 48.889125 0.994504511356
353.62915625 228.391734375 26.78734375 40.265890625 0.994170069695
318.8939375 208.695578125 18.44140625 24.499515625 0.994003355503
740.3445625 159.67490625 21.8065625 29.960046875 0.992962658405
287.82525 195.808125 15.88465625 19.789265625 0.992551445961
364.27334375 297.46075 36.6050625 54.815 0.991568267345
504.104375 216.854890625 42.162 61.722078125 0.990767121315
204.86121875 239.800859375 23.9006875 30.334546875 0.989580094814
672.323625 156.022390625 18.2315 24.688296875 0.989026963711
251.898484375 224.7391875 18.778484375 20.485 0.988918721676
574.609375 187.775703125 17.9356875 22.851109375 0.98555713892
176.306359375 226.580625 19.15615625 23.823328125 0.983969211578
222.30696875 207.655328125 16.323375 20.221 0.970996320248
492.20721875 163.624875 13.26825 15.91846875 0.968944072723
516.89446875 156.209546875 11.82634375 14.2383125 0.943859636784
450.8295625 208.77665625 24.194 30.45709375 0.937751293182
134.602390625 211.461796875 13.747015625 16.470375 0.929384529591
438.26465625 194.40725 14.5119375 19.1625 0.899018704891
213.491140625 198.73496875 12.10065625 15.14053125 0.896097123623
3.44912817383 217.435609375 13.7533815918 18.468671875 0.891101717949
641.280625 169.226921875 16.945875 24.203828125 0.877859830856
97.4096015625 219.83534375 17.836984375 20.818125 0.875128567219
118.163203125 219.893796875 13.793140625 17.09346875 0.833555877209
