2--Demonstration/2_Demonstration_Demonstration_Or_Protest_2_54.jpg
26
195.914234375 58.4479609375 19.37825 24.6450234375 0.999608099461
106.522828125 161.15665625 25.850765625 31.0456875 0.999536991119
773.646625 135.867375 36.564375 41.644109375 0.999311089516
666.912625 136.510421875 29.6698125 34.490625 0.999175131321
981.99725 231.130375 34.6451875 40.71471875 0.998870074749
444.745 135.992765625 36.0298125 45.183703125 0.998733818531
565.9384375 152.21325 24.7026875 30.90671875 0.998361289501
240.040140625 148.759671875 30.554203125 43.377875 0.998121678829
863.9495625 133.055921875 36.8654375 50.165625 0.99766856432
731.147 163.3446875 31.2204375 40.92696875 0.99705517292
170.7466875 112.565234375 20.391453125 23.28703125 0.996315181255
181.71384375 173.953234375 21.201859375 29.925734375 0.996125042439
322.64865625 208.674578125 41.991375 45.9459375 0.995157182217
319.1341875 154.872390625 19.00996875 23.425359375 0.995049774647
637.5018125 152.332234375 24.8279375 29.84165625 0.993957638741
575.71475 201.51871875 31.897375 45.125734375 0.993135690689
267.93765625 144.979265625 19.18 24.32990625 0.990030407906
401.43440625 170.349875 18.28625 23.437359375 0.987663328648
171.59221875 150.206390625 19.514140625 23.655546875 0.987390816212
504.44775 141.718109375 23.8604375 27.279125 0.987384200096
103.604960937 89.3497421875 24.7830390625 27.97759375 0.983440637589
531.497 151.69740625 19.476125 24.679296875 0.982972562313
125.860320312 97.394078125 14.7721953125 19.4481796875 0.981164813042
612.0646875 166.118828125 21.0198125 22.72746875 0.978265166283
360.252875 179.23571875 18.76475 21.65015625 0.96956205368
127.82334375 153.579828125 22.719734375 30.2683125 0.873777210712
