2--Demonstration/2_Demonstration_Political_Rally_2_365.jpg
8
736.676125 105.409007812 241.0319375 349.519117188 0.999739825726
462.1514375 295.84365625 73.496 100.2165 0.997883379459
403.5346875 395.06446875 14.82325 17.7759375 0.995371758938
385.97415625 400.00565625 15.5871875 20.110375 0.993697702885
362.35315625 395.3261875 11.9369375 14.72546875 0.976458072662
217.280640625 343.54475 65.742359375 74.79234375 0.971850454807
353.2673125 408.920625 12.09915625 15.84890625 0.92801964283
355.24265625 442.33796875 13.64159375 20.97984375 0.821498811245
