2--Demonstration/2_Demonstration_Protesters_2_57.jpg
11
223.402375 228.689375 38.774984375 42.37096875 0.999427855015
71.86421875 223.509546875 40.131046875 45.797828125 0.998906731606
384.864 235.451375 36.74303125 47.5030625 0.998372018337
29.3445664062 238.3605625 33.655578125 44.70515625 0.997881114483
710.1885625 191.219375 33.114125 42.117109375 0.997753560543
514.91909375 260.430671875 33.10534375 38.432078125 0.997554957867
654.0424375 242.418359375 29.2300625 34.141828125 0.994408547878
933.03225 262.5201875 23.9644375 35.01775 0.986550450325
898.479875 230.74625 22.7768125 35.937375 0.974483013153
361.20271875 262.531625 27.3139375 33.73028125 0.958845973015
476.11134375 270.69553125 24.70675 30.3575625 0.802475273609
