2--Demonstration/2_Demonstration_Demonstrators_2_689.jpg
10
350.095167114 321.001510864 78.8856575928 82.5848181152 0.999770462513
183.884329895 260.319879639 34.4419848022 53.2990336914 0.998484909534
123.904666443 313.178188232 39.1523880615 54.6966799316 0.994649350643
0.0 247.138050842 20.3057579498 24.2221827393 0.988915264606
214.038782532 210.596384644 19.4036777954 22.0358540649 0.979377567768
294.860548828 245.587381714 35.9334127197 49.0318405762 0.978660166264
256.247063293 227.983172852 20.1842449951 24.6136920776 0.966297268867
145.774124146 236.508818298 16.527182251 20.3123473511 0.888056278229
352.076129639 195.186602783 16.6089432373 20.1751998901 0.880102217197
176.564067261 230.046454285 17.2014906006 21.02978479 0.872582435608
