2--Demonstration/2_Demonstration_Demonstration_Or_Protest_2_895.jpg
18
673.902 333.40815625 32.498125 41.28728125 0.999393939972
67.54078125 284.7180625 16.6622578125 20.84559375 0.998263537884
22.9231425781 285.7181875 19.2318105469 24.81825 0.995723724365
275.82278125 306.41575 23.067 31.14228125 0.995110929012
482.23090625 354.71575 56.23396875 64.304 0.994712233543
114.04103125 284.993375 16.9852421875 21.72434375 0.990678489208
633.4466875 339.4329375 28.516 38.295875 0.988500356674
139.177171875 272.262375 15.2851875 19.30334375 0.987930774689
373.76946875 318.55565625 23.7678125 31.80665625 0.974996745586
338.98940625 277.839375 15.83309375 18.64375 0.938468337059
803.618875 305.3780625 22.692375 27.67759375 0.929356098175
206.81153125 307.3649375 23.36578125 28.2441875 0.88577991724
965.9439375 307.26853125 16.411 19.69534375 0.875202357769
608.4411875 281.123375 14.108125 17.44628125 0.868614137173
416.48125 280.02096875 12.73178125 14.7964375 0.856943428516
198.777078125 273.0068125 13.1626875 16.61621875 0.851086854935
613.718375 332.6401875 22.1265625 34.02996875 0.840278744698
520.73740625 292.8811875 12.91303125 17.1301875 0.804128229618
