2--Demonstration/2_Demonstration_Protesters_2_156.jpg
8
249.99921875 313.75159375 45.07590625 58.19803125 0.999251902103
613.4095625 338.38671875 46.778 56.3746875 0.999246478081
431.4331875 317.8801875 46.21184375 69.463875 0.999133765697
736.916625 439.942375 56.858875 57.736875 0.999119699001
55.374359375 290.23815625 37.749734375 44.4786875 0.998930156231
136.0208125 325.76184375 37.491578125 44.0578125 0.998641550541
987.4120625 0.0 36.5639375 52.351515625 0.976714491844
0.0 316.92096875 20.3492226562 33.718125 0.974189996719
