2--Demonstration/2_Demonstration_Demonstration_Or_Protest_2_604.jpg
8
403.72003125 137.775421875 56.710125 70.5985 0.999438107014
277.174 25.0717089844 90.8675 128.641900391 0.999071002007
652.3028125 121.599570313 63.11525 106.656976562 0.99742680788
95.03609375 166.564890625 44.777078125 61.091421875 0.995655059814
536.147875 137.22315625 25.68775 28.26634375 0.986144661903
467.454625 150.32315625 16.13634375 22.26525 0.982169806957
169.806296875 172.395828125 27.703015625 34.09740625 0.973470807076
40.6524023437 130.868328125 14.1528710938 16.293109375 0.830769300461
