2--Demonstration/2_Demonstration_Protesters_2_46.jpg
32
596.6531875 585.4991875 105.06825 142.5408125 0.99963593483
735.6120625 436.836875 99.162125 142.94625 0.999491453171
480.95578125 557.551625 94.63309375 153.6484375 0.999335229397
823.7678125 62.3703515625 75.0265 96.9713984375 0.999167203903
497.68553125 152.422671875 69.20996875 101.93946875 0.999001801014
335.517875 73.429578125 67.4365625 95.493234375 0.99899238348
645.8365625 269.2964375 83.98125 127.3870625 0.998146057129
238.139078125 82.2458359375 63.060734375 89.5341171875 0.997653663158
375.20509375 334.558875 105.75853125 116.868125 0.997453987598
428.1318125 504.5498125 91.0588125 143.2059375 0.99729603529
124.965492188 100.44571875 67.5237578125 106.63209375 0.997044622898
263.31684375 149.038921875 68.2754375 102.316515625 0.99703168869
79.11384375 51.488 58.7356875 77.6570625 0.99673551321
269.66034375 14.4919707031 57.9583125 65.8270371094 0.99664491415
956.9755625 119.604773438 64.359375 82.5308515625 0.993746876717
724.69825 196.33375 64.891375 84.86 0.991801798344
932.224125 216.491046875 74.281 98.710234375 0.990043520927
614.4695 93.1942890625 61.5628125 95.7802578125 0.989468634129
759.069125 128.197773437 61.2551875 69.1897578125 0.988691568375
791.17925 599.59975 88.3269375 122.4610625 0.987453937531
933.32225 595.8210625 90.65375 132.2189375 0.986123085022
925.214875 44.8238476563 57.210625 74.3784648438 0.982566475868
759.40875 44.5996796875 55.413625 73.797265625 0.977937042713
469.08590625 142.66928125 54.27528125 70.6563125 0.977922677994
391.406875 116.9986875 50.83096875 73.246546875 0.975927948952
254.28815625 460.899 91.054625 121.232375 0.949892401695
59.602953125 245.75515625 68.1336171875 99.6725 0.946015834808
958.2395625 527.3605625 65.7364375 103.636875 0.939241707325
536.841375 563.6519375 110.2008125 147.0315 0.931165874004
40.7540078125 21.2563789062 57.7884375 78.1677539062 0.897195577621
572.6848125 55.4955 54.08275 71.6852890625 0.863421499729
555.9363125 33.1628125 61.6950625 75.285671875 0.841584742069
