2--Demonstration/2_Demonstration_Political_Rally_2_57.jpg
26
895.7400625 255.430953125 34.439375 43.974203125 0.999539494514
945.1205625 169.649578125 28.1088125 36.321140625 0.999476850033
526.7740625 155.9248125 30.906125 38.356078125 0.99900084734
78.0660546875 139.29096875 33.4891875 46.93690625 0.99893027544
212.26159375 144.87475 34.268703125 47.006828125 0.998915076256
146.439609375 133.262625 32.65178125 38.92540625 0.998669028282
384.4568125 123.108992187 29.0109375 37.3380234375 0.998663783073
492.09409375 165.940765625 33.46921875 42.168796875 0.99860149622
781.49425 147.00353125 30.9296875 42.07590625 0.998593389988
275.09225 202.50353125 32.8339375 43.41709375 0.998545885086
359.48278125 141.85996875 34.102125 41.5616875 0.998328149319
757.3189375 144.45521875 29.3115625 38.940046875 0.998209238052
277.88421875 145.468328125 29.485125 39.093609375 0.998137354851
588.085375 132.550421875 33.652625 50.04365625 0.998002111912
917.4499375 170.90265625 26.02675 35.92084375 0.996822953224
257.209171875 129.858046875 23.073828125 31.663375 0.995797872543
824.3544375 122.84040625 32.04 42.6971875 0.995793938637
663.1168125 181.878609375 31.044125 40.961578125 0.994574487209
101.813109375 119.918070313 29.9530546875 35.2150859375 0.98784071207
443.979875 77.9358984375 21.56265625 27.5591328125 0.986404180527
8.03277929688 129.279257812 22.848765625 34.0281328125 0.984264850616
927.7058125 218.11284375 25.5316875 30.743796875 0.97945189476
103.485359375 153.522703125 24.3445546875 33.42684375 0.96394264698
486.78615625 135.153484375 22.83884375 30.06 0.958516001701
463.80146875 152.664859375 24.51728125 36.569234375 0.92205953598
932.749375 154.5480625 23.405 32.050109375 0.882422745228
