2--Demonstration/2_Demonstration_Demonstration_Or_Protest_2_512.jpg
11
402.69559375 238.642421875 25.67975 32.749703125 0.998540043831
147.28328125 292.00521875 47.605671875 55.21028125 0.998277306557
967.560375 374.18640625 56.415625 85.19675 0.998087465763
104.911875 343.012125 52.6815 72.6048125 0.995168566704
93.0778359375 294.2170625 37.4849921875 39.9415 0.993873119354
948.5908125 312.405125 42.403625 46.4123125 0.969863891602
224.3400625 288.81775 33.35421875 41.38578125 0.954351902008
916.5279375 196.827640625 12.7921875 14.9244375 0.918460249901
991.93975 206.05209375 12.0945 14.50578125 0.912072718143
263.3750625 242.71540625 31.53953125 40.36121875 0.877370357513
534.50925 241.927390625 15.419875 19.811234375 0.824022293091
