2--Demonstration/2_Demonstration_Demonstration_Or_Protest_2_578.jpg
26
667.3934375 295.48609375 28.8984375 35.54934375 0.999132335186
502.419125 304.016125 24.4200625 32.7805625 0.998880326748
810.7189375 231.997140625 15.46225 20.26065625 0.998854637146
853.2271875 334.00446875 29.2976875 37.08796875 0.998502969742
568.8174375 307.9373125 26.57775 32.66571875 0.998157680035
147.68584375 323.41465625 21.982265625 27.9679375 0.997692108154
254.739515625 332.5551875 23.200984375 29.90796875 0.997686982155
748.6885625 253.60903125 16.328625 20.50103125 0.99731194973
940.5090625 321.172375 28.8209375 37.24621875 0.99728000164
780.83275 347.4289375 26.4453125 31.03109375 0.997164189816
323.52709375 320.22915625 23.76909375 31.3033125 0.996955156326
881.70025 249.544796875 16.9730625 20.328046875 0.996549725533
960.35 225.3609375 15.7 19.890609375 0.996539473534
982.3155625 232.331015625 16.334125 20.7065 0.995329380035
423.7574375 306.4043125 22.68509375 28.8175 0.994100511074
0.0 308.399 23.2915703125 28.47896875 0.994001686573
578.412125 278.1453125 18.68175 22.6125625 0.992081642151
383.6885625 252.38575 15.1616875 20.20725 0.991806268692
704.238375 212.866890625 11.9561875 14.8456875 0.991340339184
69.73671875 307.776875 22.762921875 29.5313125 0.989395081997
212.33590625 358.20978125 19.75478125 23.1435 0.961401760578
585.617375 252.232265625 14.5600625 17.996921875 0.957956850529
231.2881875 275.31740625 13.486125 16.69578125 0.950400114059
905.264875 223.72575 12.208 14.46390625 0.922275662422
698.17425 245.344609375 14.600375 17.19540625 0.911363005638
92.9713828125 268.5435625 12.2246484375 16.2945 0.903879344463
