2--Demonstration/2_Demonstration_Political_Rally_2_335.jpg
117
554.5588125 564.5395 76.182875 94.8379375 0.999626874924
608.6873125 411.97265625 58.1865 52.34278125 0.999457299709
616.4165 81.2951796875 30.221 35.4378125 0.999403595924
108.486828125 149.006109375 28.91353125 31.693421875 0.999361813068
250.65734375 553.3451875 69.373 89.5399375 0.999302983284
734.830625 445.73371875 62.339125 79.57371875 0.999192893505
0.0 492.59784375 50.9948554688 66.31534375 0.999156713486
822.129875 480.2674375 72.1488125 80.1979375 0.999140262604
210.556625 282.14184375 47.9733125 65.48390625 0.999053657055
6.84916552734 331.43453125 47.1942016602 60.48425 0.999051749706
326.49678125 106.33178125 30.64234375 35.675 0.999017715454
664.98175 65.0486992188 27.7595625 31.2606679687 0.998982965946
474.446125 175.109890625 34.15190625 40.689953125 0.998969316483
785.4154375 564.7095 70.8009375 88.3381875 0.998940169811
846.12125 216.3294375 42.095125 42.064765625 0.998895764351
241.370140625 177.6484375 32.975515625 37.091953125 0.998884379864
403.788875 258.376671875 52.843375 64.861015625 0.998751282692
942.175125 117.03928125 30.0884375 36.7476875 0.998733460903
752.5778125 176.01153125 36.0851875 44.443375 0.998726904392
704.040375 318.80940625 48.3230625 60.51825 0.998685181141
730.1094375 79.3650546875 30.0471875 35.9363984375 0.998664140701
657.9106875 129.381570313 32.0079375 37.6955859375 0.998580098152
270.51221875 262.62571875 50.09171875 61.67646875 0.998543024063
606.8620625 162.551734375 34.649625 42.2036875 0.99853181839
0.0 402.78625 60.3422773437 67.970875 0.998483240604
247.5590625 93.684953125 25.092875 38.086546875 0.998458981514
380.59821875 335.63953125 51.48284375 60.359625 0.998300731182
889.0731875 219.157734375 35.366875 40.912203125 0.998262584209
312.44140625 325.76215625 52.1828125 65.4765 0.998157918453
481.0195 444.241375 49.62725 66.367875 0.99807202816
670.7595625 417.0776875 59.7895 68.71359375 0.998016238213
60.9442617187 139.006546875 36.7413867188 41.661015625 0.997829020023
352.22615625 500.1664375 62.2955625 78.8283125 0.997787237167
894.958875 339.31903125 51.99875 67.414625 0.997675836086
547.9271875 221.255546875 38.2296875 43.398484375 0.997654497623
33.6963125 218.381171875 32.2522226563 44.455328125 0.997654020786
578.122875 62.7045546875 28.7381875 28.5173515625 0.997620522976
699.050625 213.958328125 35.911875 42.235796875 0.997356295586
64.86553125 208.4138125 37.4698046875 45.108359375 0.997271955013
519.619375 198.228046875 32.4951875 41.664421875 0.997259736061
277.5085625 431.369625 52.6516875 61.58903125 0.997206866741
69.2127734375 90.134171875 27.1493984375 29.000609375 0.997125327587
483.12746875 128.201476563 29.71575 36.4459140625 0.997121751308
272.24884375 194.44853125 31.150625 40.25959375 0.997089207172
919.175875 196.74040625 34.2784375 41.94453125 0.997017860413
145.654640625 148.847859375 29.7879375 41.183265625 0.996881961823
879.78225 150.514671875 30.343625 39.102390625 0.996784090996
329.614625 429.35840625 66.90834375 68.889 0.996730923653
232.481953125 229.805703125 41.432984375 44.577171875 0.996548593044
444.07921875 153.705140625 30.45065625 41.154921875 0.996320724487
36.6756367187 78.139125 26.9404414063 32.5462734375 0.996118068695
777.0748125 199.434578125 36.382375 44.17784375 0.996019899845
577.56175 139.377875 31.908 36.570109375 0.995878815651
170.66590625 190.308359375 41.314 43.755578125 0.995843470097
862.00175 65.5556796875 25.405375 28.0678984375 0.995818793774
339.56378125 56.9547734375 22.37703125 30.1223046875 0.995809197426
569.466 329.09884375 47.720875 55.8189375 0.995760500431
272.5303125 326.52253125 44.09690625 55.14103125 0.995428562164
109.386585938 267.80284375 46.8012734375 53.0611875 0.995380759239
58.8872890625 394.55009375 56.8041875 68.05334375 0.995021343231
660.011625 232.380328125 41.797125 44.547453125 0.994987249374
662.439625 178.391515625 41.1480625 42.247390625 0.994933545589
143.64090625 228.913171875 33.568484375 38.491453125 0.994160056114
137.413078125 98.9126875 29.081515625 34.6643125 0.993517518044
337.823375 150.88859375 28.02 40.01425 0.993497252464
134.667109375 481.3621875 45.986859375 73.5030625 0.993489027023
0.0 232.57675 29.8834433594 45.56040625 0.993450284004
844.28175 168.960859375 36.9825 41.415765625 0.993380188942
874.197125 307.8288125 42.73625 56.250125 0.993096888065
159.674921875 260.726125 35.828953125 44.4434375 0.993037164211
858.2735625 117.521664062 24.2656875 29.5301171875 0.992868840694
909.17775 7.95888037109 17.724375 21.4152641602 0.992616593838
31.724515625 147.3218125 27.0344296875 32.68896875 0.992081642151
741.822125 142.639671875 27.43825 35.559796875 0.992055594921
447.143625 376.98103125 44.79496875 57.9541875 0.991727113724
474.70953125 294.56325 43.904375 56.63484375 0.991293251514
337.21146875 277.264125 51.59021875 64.6220625 0.989487290382
489.2323125 246.0086875 42.531625 46.5271875 0.989328324795
928.559375 403.89421875 50.53925 60.57053125 0.98807656765
987.8700625 6.60534472656 18.7845625 22.0143759766 0.985239386559
814.9446875 75.0155859375 26.9405625 30.019890625 0.984307348728
84.4568828125 239.1070625 42.10203125 49.35321875 0.98408973217
769.7545625 157.087984375 33.676375 35.87396875 0.983918070793
299.1820625 103.283726562 27.61878125 37.1445390625 0.98357796669
31.2959238281 37.376921875 17.2675175781 21.76015625 0.983309566975
554.8164375 479.1345 62.7023125 76.139 0.982662081718
0.0 141.855328125 22.8031132812 37.62178125 0.981239199638
459.47103125 113.703835938 25.77525 34.6635390625 0.981187224388
190.84865625 264.62453125 33.419359375 49.11890625 0.977661132812
932.2200625 32.2103203125 15.8838125 19.3760742187 0.976351499557
361.883 160.03475 38.88659375 38.857453125 0.974945902824
73.5328671875 182.88425 38.712640625 40.999203125 0.972544312477
754.949 253.2760625 40.032 44.5288125 0.969882309437
0.0 74.203765625 19.1127441406 28.105609375 0.962249696255
567.004875 117.29003125 25.0625 29.076234375 0.957899570465
355.11115625 232.051984375 42.23659375 43.160109375 0.956557571888
13.3557675781 33.120765625 19.829109375 21.950765625 0.955211699009
647.9709375 81.2912265625 22.7346875 30.5067578125 0.952557682991
832.72525 59.10778125 19.7678125 22.748140625 0.95130366087
685.75025 120.513398438 25.4965625 33.1632734375 0.948576152325
62.6381054687 63.9686445312 26.7153476563 29.3121132812 0.943108975887
776.7225625 52.9199570313 23.06075 32.0862460937 0.941820323467
457.90425 269.90696875 30.7448125 38.29996875 0.936182498932
27.9520097656 0.0 18.4173691406 16.6180117187 0.927198410034
169.72428125 77.8589375 20.243515625 22.3834609375 0.921614408493
179.06409375 26.993734375 16.8070625 22.794890625 0.917746901512
506.66078125 375.792125 52.41584375 64.2690625 0.915972411633
533.61 261.1294375 33.40225 41.159375 0.906005382538
643.1530625 235.739671875 28.9283125 36.183921875 0.896846711636
818.316 107.510117188 28.4223125 34.8499609375 0.896719157696
737.6888125 27.5834453125 17.6959375 21.6881757812 0.89062422514
210.822390625 11.4243808594 16.42246875 21.316171875 0.879723131657
0.0 562.819875 49.3640273438 92.3985 0.873868048191
15.9171035156 53.7276054687 17.716515625 20.9638164063 0.867760777473
906.365375 65.6552578125 17.517125 21.72 0.858296394348
918.151625 98.92678125 22.35525 29.626109375 0.81150662899
713.845625 77.735546875 15.710625 19.95315625 0.801026642323
