2--Demonstration/2_Demonstration_Political_Rally_2_341.jpg
11
565.2630625 331.3444375 23.7048125 28.5919375 0.998460054398
507.53896875 345.90728125 15.632125 26.55259375 0.997796177864
129.202132812 344.3520625 20.1553828125 24.10384375 0.994836091995
794.866875 336.39371875 13.1849375 18.93796875 0.991020381451
180.8255625 352.0049375 19.029921875 21.12984375 0.988319277763
402.7371875 361.96409375 12.7496875 16.64496875 0.986217141151
61.8816289063 369.0955625 14.1676679687 17.35815625 0.982288479805
206.5230625 362.7713125 15.13878125 16.6815 0.979220747948
107.9426875 350.37240625 14.2344609375 20.2318125 0.966935992241
473.30678125 356.06465625 15.19684375 20.32746875 0.93747574091
869.471375 339.2969375 14.6549375 21.5524375 0.81240105629
