2--Demonstration/2_Demonstration_Protesters_2_912.jpg
18
835.4095 326.69590625 28.4806875 36.11746875 0.999519586563
879.9954375 332.88634375 25.4880625 33.5253125 0.999223351479
718.4350625 278.319625 32.658375 41.7729375 0.998420476913
998.215375 350.11190625 25.760625 30.71496875 0.998274326324
475.96325 310.082625 28.49128125 36.80915625 0.997770190239
146.237140625 431.997625 25.323453125 32.19784375 0.997571766376
41.7488789062 349.24778125 14.9907460937 19.53609375 0.996545255184
549.0673125 311.31309375 22.358 26.7715625 0.991470754147
594.28625 312.67871875 27.5186875 38.58596875 0.991171300411
131.1445 373.11503125 11.471234375 19.1903125 0.990303695202
509.3059375 337.87090625 21.692375 31.2620625 0.988634109497
351.99825 349.238375 18.37709375 24.00125 0.988250017166
171.31075 364.16046875 15.939265625 20.39771875 0.986731946468
525.05825 314.9336875 16.0240625 22.875 0.983098208904
65.2379609375 349.3371875 12.757734375 18.66446875 0.981601476669
646.444125 343.26871875 15.34525 19.82628125 0.970726072788
634.3876875 320.54253125 13.155125 18.576625 0.951571166515
786.6528125 334.756375 17.7343125 21.06815625 0.942958593369
