2--Demonstration/2_Demonstration_Demonstrators_2_499.jpg
17
758.821875 342.1955 26.8855 28.65603125 0.99818533659
812.8398125 347.60290625 22.1026875 30.189375 0.997820734978
258.881921875 356.8095625 25.001765625 30.3166875 0.997442245483
977.0348125 319.394375 43.5880625 57.16121875 0.997022211552
453.2899375 362.0688125 22.40534375 26.8363125 0.996608018875
360.5620625 364.10759375 21.9094375 27.10815625 0.994124352932
600.7255625 362.99284375 23.016375 26.7761875 0.993796467781
697.0325 379.8713125 17.14125 22.43740625 0.992424368858
550.5315625 359.1601875 16.3644375 23.17890625 0.992190420628
634.2368125 365.4170625 20.315375 23.48259375 0.991021335125
426.1009375 359.952125 17.25484375 26.12315625 0.985734581947
515.13084375 389.3068125 19.56584375 22.49240625 0.984002232552
830.0830625 324.693875 23.0689375 33.45634375 0.980770409107
484.53265625 384.22871875 16.652625 18.917 0.972629547119
654.9286875 369.341 14.9105625 21.5084375 0.938907682896
960.4751875 344.66790625 21.603875 29.93078125 0.913817822933
906.93375 352.285875 25.0744375 39.745625 0.818884909153
