2--Demonstration/2_Demonstration_Protesters_2_163.jpg
17
366.6061875 153.266390625 16.40675 20.5061875 0.997271835804
220.05115625 122.582164062 35.22703125 42.1625390625 0.992809295654
50.258609375 177.56934375 19.170421875 21.132484375 0.992153465748
498.9355625 123.466992187 12.05371875 14.7120234375 0.977534890175
961.8961875 15.4473720703 20.3394375 20.8124560547 0.96930962801
589.9298125 124.188195312 11.3639375 14.3324453125 0.963898360729
689.8238125 149.4881875 11.402125 13.95390625 0.957900524139
428.371125 132.914609375 12.27803125 14.823859375 0.948568105698
539.2145 123.936765625 12.4343125 15.69609375 0.916726052761
598.747125 106.575453125 11.433 14.4751171875 0.912317276001
306.60909375 163.811546875 13.47640625 15.8609375 0.895001828671
158.667875 183.60221875 21.74821875 28.475875 0.892025113106
524.6805 117.322234375 13.1245625 15.2809375 0.884925603867
572.88075 116.3986875 12.152625 14.1796953125 0.867176294327
806.1336875 115.739359375 12.2783125 14.3538671875 0.836906015873
124.377117188 197.553015625 16.1162109375 19.238515625 0.830416381359
100.8874375 195.84053125 15.6451015625 17.87671875 0.823192179203
