2--Demonstration/2_Demonstration_Protesters_2_460.jpg
17
73.0598359375 87.03940625 29.0335859375 38.6805859375 0.999605238438
483.3660625 238.567671875 34.97309375 41.687421875 0.999406576157
883.6751875 204.030109375 29.0999375 39.698125 0.999310970306
840.314125 68.322375 29.613375 37.88009375 0.999235033989
788.8756875 69.906546875 30.7460625 38.0116328125 0.999166607857
482.83153125 98.45140625 38.3155625 44.2846875 0.999120175838
34.5365507812 66.80284375 28.35421875 32.5868671875 0.999017953873
639.1348125 60.5368554687 42.688 47.5736132812 0.9986577034
805.1568125 178.62478125 38.4975625 48.178640625 0.998553216457
162.95734375 83.1228046875 19.01765625 22.81240625 0.995986998081
132.044609375 75.9922109375 17.95153125 20.6813515625 0.995355606079
273.70334375 234.63140625 40.09446875 50.68834375 0.994859457016
955.177875 92.1541640625 22.012125 37.6090234375 0.99401819706
705.7121875 65.2720078125 22.640875 29.4736796875 0.993950605392
280.23378125 73.4830625 15.3269375 19.3518203125 0.992815375328
438.0920625 78.195265625 20.121 20.484 0.978579461575
993.507875 90.5498203125 16.6435 19.1629375 0.94937646389
