2--Demonstration/2_Demonstration_Demonstration_Or_Protest_2_360.jpg
31
681.559 561.3346875 28.68325 33.7861875 0.999087929726
651.3059375 618.843375 51.2230625 59.0005625 0.999072432518
857.1165 600.2419375 62.8080625 73.2441875 0.999037981033
143.724109375 602.4685625 31.78784375 38.1078125 0.998560488224
953.296625 581.2704375 53.737375 67.391875 0.998142123222
619.2055625 593.129875 29.3821875 38.29125 0.997976005077
513.40840625 600.7231875 45.47690625 57.4003125 0.997911155224
193.780515625 631.4565625 50.532984375 55.2715 0.997846245766
476.81375 577.12 29.3095625 37.9311875 0.997565507889
777.2420625 585.5871875 27.154 31.1646875 0.997481286526
561.5615 643.6590625 52.8939375 55.5515625 0.996987879276
788.1759375 625.770625 34.114 38.46525 0.994846463203
664.9395 544.7305 17.2430625 20.1335 0.993415236473
582.0395625 556.4435 25.0430625 29.7466875 0.991657674313
499.02265625 553.4486875 23.279375 30.3835625 0.989895820618
54.95678125 634.5546875 58.6656953125 65.861125 0.987703561783
519.13353125 530.6853125 14.08540625 16.8214375 0.986150681973
798.059875 531.1376875 15.88875 18.9480625 0.972974419594
317.60440625 562.959625 23.07609375 27.8725 0.970318615437
780.5000625 552.0186875 23.3273125 26.97825 0.961826562881
337.13940625 555.6214375 15.77453125 20.216125 0.96025288105
614.9238125 549.578 22.6355 27.8610625 0.95069527626
537.708625 542.5375625 20.0861875 23.324625 0.949937045574
645.65225 572.3753125 18.3490625 21.252875 0.949635922909
555.031 568.6825625 24.67725 28.7033125 0.938950777054
436.26340625 579.8520625 15.4691875 17.8160625 0.920499444008
390.75034375 624.8884375 47.84115625 62.383375 0.91906028986
99.77 594.167375 25.816609375 28.7758125 0.898482084274
327.4296875 645.389 39.03115625 47.7585625 0.863800823689
368.60271875 579.9028125 15.94684375 21.10125 0.823467135429
903.9758125 517.91709375 12.5455 14.99634375 0.805341660976
