2--Demonstration/2_Demonstration_Demonstrators_2_486.jpg
8
551.3770625 399.188625 68.509625 94.3688125 0.999689340591
375.069375 389.07553125 90.92884375 122.90046875 0.999374210835
150.421984375 462.1144375 60.031015625 49.8615625 0.9949234128
1000.39725 276.4160625 18.0628125 21.71759375 0.994829595089
921.36975 320.22765625 49.1340625 71.90665625 0.990197181702
199.4958125 422.27525 33.077234375 38.7730625 0.980045258999
269.2559375 374.4684375 52.25996875 70.15028125 0.95947355032
26.3899160156 262.365625 13.8041074219 15.99759375 0.908963799477
