2--Demonstration/2_Demonstration_Demonstration_Or_Protest_2_419.jpg
10
792.594375 175.817234375 67.1475 91.219265625 0.999475300312
27.75809375 596.2820625 78.275125 83.3371875 0.999215364456
284.70625 241.860578125 55.29509375 74.184515625 0.99853348732
82.1982578125 425.6108125 54.2480546875 68.14946875 0.997112154961
458.06521875 272.74525 68.88603125 86.9820625 0.996790230274
29.4462148437 404.64796875 56.5789023438 74.35978125 0.996756136417
307.31028125 610.0170625 42.56646875 72.3619375 0.993391931057
593.00375 160.45559375 68.712875 91.130984375 0.992303133011
637.2065625 480.65971875 50.564125 76.22328125 0.991012215614
140.226828125 406.77290625 48.494765625 68.77378125 0.981932580471
