2--Demonstration/2_Demonstration_Demonstration_Or_Protest_2_771.jpg
12
468.47015625 130.339101562 99.85096875 133.220085938 0.999373614788
671.8893125 473.07675 27.0856875 34.2578125 0.999047935009
800.0669375 496.4985 24.0469375 22.6455 0.99090474844
255.900546875 276.2770625 13.527296875 16.32934375 0.971147477627
132.99040625 455.2918125 23.383296875 27.37303125 0.962877511978
180.11528125 94.895953125 31.54403125 42.961578125 0.952515006065
341.33021875 318.260875 18.0635 20.2530625 0.942990839481
293.58409375 285.6704375 15.5489375 19.448875 0.931752502918
730.8046875 175.1740625 23.4121875 34.107359375 0.928363382816
271.5161875 301.535625 14.79590625 17.7036875 0.852429449558
0.0 481.01253125 18.8303183594 21.0894375 0.851620256901
661.2786875 175.821765625 25.528625 40.148171875 0.848384618759
