2--Demonstration/2_Demonstration_Protesters_2_92.jpg
13
244.129890625 301.9969375 33.081046875 37.6024375 0.998828351498
688.2718125 342.779375 34.7495625 42.0793125 0.998686254025
739.4304375 361.121125 58.6876875 65.04575 0.998531699181
198.69359375 325.93684375 26.2906875 37.004875 0.99831032753
257.312625 433.688875 56.8005625 74.33496875 0.99641752243
825.8553125 333.2774375 34.319875 47.50903125 0.995526134968
345.2606875 331.29375 22.01671875 29.0155 0.981433689594
649.890625 299.98903125 25.7674375 32.17809375 0.980319738388
966.2148125 306.9630625 33.8780625 44.4869375 0.971666991711
428.16609375 301.5476875 15.5291875 20.43359375 0.957611739635
91.591125 295.75590625 12.0863984375 15.8178125 0.924081742764
589.0293125 319.54121875 22.0844375 32.80078125 0.845901548862
75.6258984375 518.53565625 82.3345390625 134.14065625 0.82516002655
