2--Demonstration/2_Demonstration_Protesters_2_293.jpg
20
862.7443125 458.77075 75.7038125 90.106625 0.999726235867
542.6154375 461.20784375 68.0951875 94.77084375 0.999339640141
290.9790625 435.85103125 54.95596875 70.63146875 0.998379230499
221.991390625 523.64146875 85.823609375 110.20471875 0.998374938965
162.962 374.7035 41.0849375 57.6864375 0.998313784599
453.93040625 436.4514375 52.91221875 75.27834375 0.997903585434
474.22321875 362.61303125 46.85259375 53.36453125 0.996377646923
562.19275 412.80725 51.5381875 67.60696875 0.996265351772
88.5681796875 343.97721875 44.4555546875 69.7038125 0.995203018188
352.59728125 363.12459375 34.75259375 53.5511875 0.994334220886
824.2153125 585.865125 82.827375 97.118875 0.994229197502
797.4985 459.20896875 59.1839375 72.89703125 0.993078649044
606.6051875 388.59490625 34.345125 50.63546875 0.987139880657
407.64465625 469.5624375 46.8935625 88.033125 0.982590615749
408.5070625 335.79578125 36.80640625 45.44415625 0.968432068825
730.8985625 523.1645 48.3200625 91.122375 0.92020213604
52.8019414063 309.69284375 33.9374257812 41.60659375 0.891868829727
129.893351562 362.509125 32.9458671875 45.798625 0.869926095009
834.028375 409.262375 48.492625 53.61278125 0.864726066589
48.6910195312 323.62784375 33.3118632813 48.08465625 0.833622813225
