2--Demonstration/2_Demonstration_Protesters_2_86.jpg
105
41.0127421875 593.5560625 77.300359375 83.904125 0.999807536602
805.066375 423.33496875 40.18475 43.4000625 0.999749839306
247.552671875 255.594671875 15.204765625 19.330015625 0.999747097492
398.90890625 245.47671875 11.91453125 15.210375 0.999660253525
605.8468125 270.14225 17.72725 21.97378125 0.999651074409
597.968 327.7984375 26.999625 34.66203125 0.999503135681
280.97165625 248.625703125 12.35228125 14.950234375 0.999495625496
901.8069375 372.47378125 31.417 37.4816875 0.999453008175
967.9025625 261.75215625 13.56425 17.38609375 0.99937659502
727.6049375 340.36221875 32.3631875 40.266875 0.999376475811
891.90475 304.0455625 19.176125 21.35071875 0.999366939068
129.670359375 274.0689375 16.3741875 19.34909375 0.999284088612
350.98359375 472.84109375 49.7935 53.64559375 0.999270141125
319.74521875 365.2518125 32.8388125 40.19703125 0.999243974686
461.29965625 374.199625 36.1965 44.4656875 0.999243855476
680.511125 269.5076875 17.82525 20.5014375 0.999243736267
463.2829375 248.7824375 12.01975 14.8401875 0.999236702919
361.1925625 272.32825 15.4975625 19.6554375 0.999210119247
492.1 316.61740625 25.9856875 34.108125 0.999195635319
966.59025 560.635625 57.38575 49.8144375 0.999163150787
861.6515 264.49328125 16.56175 18.46628125 0.999162793159
806.450375 321.01509375 28.748125 35.55365625 0.999139428139
391.58328125 333.09090625 24.534625 28.8685 0.999116003513
917.6845 291.90846875 18.5368125 22.089875 0.999081850052
967.660125 350.24984375 31.4673125 41.92521875 0.999000370502
677.3709375 307.27440625 27.447875 31.94159375 0.998986780643
565.715625 288.9901875 19.213875 22.90634375 0.99896800518
45.5623984375 480.161375 47.9968828125 53.5561875 0.998950839043
530.614375 280.45740625 18.28075 21.77559375 0.99895042181
651.452125 245.7084375 12.4091875 14.883828125 0.99893206358
284.167 334.2085625 30.1120625 37.28325 0.99893194437
94.888984375 279.00709375 19.3008046875 22.3796875 0.998931109905
513.04746875 261.945546875 15.17321875 18.616671875 0.998917222023
218.106 330.27003125 25.67365625 31.047375 0.998879730701
883.7363125 252.966484375 13.404 16.448765625 0.99887150526
21.5392617188 295.788 26.5599726563 28.9949375 0.99885058403
447.17528125 267.90315625 17.9435625 21.3435625 0.998773992062
183.79559375 373.1893125 37.575375 42.1308125 0.998674929142
121.671554688 299.25290625 20.4421484375 22.72221875 0.998673796654
328.8403125 265.67478125 14.58790625 19.0184375 0.998668432236
118.269617188 338.98078125 28.9863046875 35.11840625 0.998653531075
679.813625 412.3224375 36.4745 40.54696875 0.997874140739
932.818625 323.4203125 27.008625 29.68090625 0.997870326042
738.721 277.8883125 16.7105 20.3466875 0.997707724571
726.381 292.987 18.6104375 22.4976875 0.997682452202
72.0331171875 312.369125 24.4308125 28.49615625 0.997563958168
427.44765625 256.849890625 14.43525 17.397171875 0.997544944286
185.965453125 314.1551875 22.725265625 29.70246875 0.997427999973
275.50571875 292.59046875 20.0919375 22.84465625 0.997382342815
66.163265625 185.670078125 13.975125 17.533703125 0.997349619865
784.099 278.029875 14.5965 19.00140625 0.997267127037
149.62346875 273.78459375 16.396859375 19.92390625 0.997102081776
56.0748789062 278.29078125 19.9872851563 23.96728125 0.996870815754
100.182164062 244.806265625 14.558421875 17.544484375 0.996681630611
620.4476875 255.46675 13.908875 16.53359375 0.996001422405
539.5893125 440.0560625 44.018125 55.45521875 0.99570941925
357.266875 232.148515625 11.674125 14.531359375 0.995544493198
1007.7808125 259.738828125 16.1951875 20.228359375 0.995364427567
307.47453125 232.87503125 11.234875 13.87815625 0.995273768902
978.0501875 304.15640625 22.360875 27.4883125 0.995269596577
532.850875 300.95165625 21.5809375 27.47459375 0.995042920113
400.726625 302.44596875 20.79315625 22.52340625 0.99437969923
484.7981875 256.520125 13.36278125 15.34071875 0.994204938412
294.79696875 275.260625 14.304 17.4583125 0.994110047817
814.241375 264.5879375 14.261875 16.57971875 0.994001090527
656.50325 278.063625 18.91 23.68946875 0.99365568161
764.292875 299.0918125 21.709875 27.37509375 0.993302583694
134.516421875 232.031984375 13.71440625 15.9920625 0.99296194315
330.20984375 299.921125 21.33521875 26.79178125 0.991474628448
451.30225 300.40784375 19.605375 22.79640625 0.988351523876
771.3236875 250.370875 14.367125 16.86228125 0.987440466881
35.1957304687 183.641796875 12.536671875 15.185875 0.987243950367
700.3463125 251.94675 12.5868125 15.72646875 0.985288023949
574.0176875 271.7340625 15.8748125 18.76490625 0.98424500227
185.417515625 233.029078125 12.185640625 14.9981875 0.984218537807
320.3534375 255.325421875 12.54234375 15.304234375 0.983755171299
840.2075625 284.54034375 17.142375 21.12790625 0.983055472374
25.0558925781 262.4851875 16.3470410156 21.355 0.982906520367
509.8186875 241.469609375 12.239375 14.33915625 0.980147361755
825.10075 302.3825 16.9689375 21.4213125 0.979271829128
263.957125 256.15078125 12.209375 14.6569375 0.974073588848
922.7871875 231.706421875 10.618375 13.419484375 0.97314542532
493.54625 230.200703125 10.75721875 13.3273125 0.971049368382
101.96421875 195.526859375 12.308265625 13.612546875 0.970275044441
73.215328125 267.61296875 16.22075 22.17934375 0.968843817711
291.72496875 231.38446875 10.97278125 13.244578125 0.962030112743
459.70384375 232.103765625 11.6686875 13.60834375 0.960346341133
0.0 280.751375 15.3996699219 22.9388125 0.959302663803
19.7054277344 195.872640625 12.281265625 16.132796875 0.95832580328
764.5811875 283.978 15.9363125 19.56040625 0.953808128834
196.972 274.39284375 18.91471875 19.41559375 0.949453651905
155.855859375 237.288421875 14.626 17.491203125 0.948683321476
332.01175 215.317328125 12.11740625 14.980515625 0.939013957977
907.617375 263.24821875 15.849 17.85384375 0.916450798512
623.8881875 314.349375 23.0819375 26.50671875 0.907769203186
50.0813085938 183.852875 12.71565625 14.93459375 0.901365458965
533.6440625 229.88815625 10.7485625 13.73378125 0.884410023689
951.412375 228.523609375 12.4869375 14.359578125 0.882922887802
548.930125 230.775390625 10.52775 13.699078125 0.881123006344
255.116265625 230.50475 11.901109375 14.430234375 0.854945898056
572.0985 239.45246875 12.785625 16.150109375 0.849847614765
897.9196875 235.71553125 13.4311875 16.20190625 0.841861188412
933.749875 263.80928125 11.992125 14.57409375 0.83477306366
762.8705 239.75521875 11.94225 14.975109375 0.814311981201
728.781 254.730046875 12.792375 14.944484375 0.810231268406
