2--Demonstration/2_Demonstration_Demonstration_Or_Protest_2_420.jpg
31
719.78525 160.519640625 32.556875 48.082171875 0.999397158623
404.10221875 230.53209375 53.68459375 80.35159375 0.998476803303
473.28315625 160.5835 40.920625 46.216296875 0.998475849628
596.4594375 167.21934375 30.7325 51.469203125 0.998305916786
418.72459375 132.658453125 24.090625 33.8243125 0.998171806335
310.366 167.564875 31.4969375 48.5920625 0.996854364872
210.57046875 148.2680625 24.65725 32.996546875 0.994031012058
908.5880625 112.008148437 14.658 19.447046875 0.992334008217
639.47625 125.284335938 27.9165625 39.2313828125 0.990173697472
515.363375 142.059625 25.088125 33.4206875 0.989495813847
69.640375 182.896375 27.811171875 47.52809375 0.989186108112
369.1129375 168.9538125 28.6401875 39.5975625 0.984788894653
809.040875 182.291828125 31.581125 44.84965625 0.979333996773
208.39940625 266.76625 40.44440625 64.4333125 0.97883862257
975.70225 132.55809375 22.270625 29.829703125 0.976863384247
982.6505625 187.89034375 28.342625 40.27040625 0.970056712627
571.062375 160.94865625 25.4144375 37.00675 0.966749608517
840.9191875 168.2654375 27.24725 47.265609375 0.95429444313
110.107742187 276.3671875 51.4225859375 73.88940625 0.952619791031
0.0 294.563875 44.7016875 62.32296875 0.944004833698
692.950375 135.85125 23.5408125 32.12634375 0.942503929138
113.618328125 155.00825 24.169578125 37.60959375 0.935797333717
549.515875 237.908609375 45.16975 59.902640625 0.890224039555
919.4439375 237.87115625 31.510875 50.21334375 0.889072477818
257.69475 167.040984375 23.24625 35.213828125 0.886999309063
657.009875 271.47453125 47.5005625 66.50734375 0.879293739796
771.9024375 122.104078125 18.0815 20.524625 0.860227227211
987.740125 145.1504375 24.809875 31.793078125 0.821831643581
17.3623046875 143.769640625 23.9339414062 31.802859375 0.816016793251
1006.4846875 98.8238203125 14.4346875 17.0695546875 0.803912997246
744.477125 268.5915 41.64925 65.846625 0.800854742527
