2--Demonstration/2_Demonstration_Protesters_2_618.jpg
20
598.47 14.3160878906 48.475375 57.6216464844 0.999446332455
321.587625 87.8942578125 47.584 63.2466328125 0.999328494072
365.20909375 165.605109375 51.92221875 70.26634375 0.999110400677
242.06803125 48.4691914062 44.14903125 55.6657929688 0.999023914337
518.37128125 170.2266875 51.09984375 65.7836875 0.998910784721
704.9558125 43.474734375 43.2591875 57.7604375 0.998882114887
961.9555625 47.4106953125 45.3791875 54.5673671875 0.998844742775
936.0665625 162.692921875 48.6108125 58.9725 0.998637259007
147.13503125 72.92503125 44.78671875 54.998921875 0.998538732529
251.38909375 238.591078125 54.669875 63.749421875 0.998440206051
813.84675 0.0 47.1898125 50.1500625 0.998407781124
483.64090625 16.4662402344 41.1220625 54.5740488281 0.997945129871
0.0 16.79084375 38.8291445313 53.1910078125 0.997856557369
459.63896875 256.77534375 62.47134375 77.57365625 0.997834742069
445.190375 190.6864375 50.4903125 59.862 0.997725307941
820.345625 237.843859375 51.2796875 58.886578125 0.997247874737
849.5504375 253.748515625 53.1505 84.089890625 0.995752096176
604.545 144.933375 54.915 75.146296875 0.995740294456
0.0 162.737484375 32.0543300781 65.829375 0.985771179199
453.58134375 0.0 29.57875 24.265921875 0.903699994087
