2--Demonstration/2_Demonstration_Protesters_2_684.jpg
24
910.1263125 417.41215625 17.79675 21.745875 0.998157083988
736.7040625 434.81765625 16.2418125 22.42390625 0.99736148119
662.1936875 443.4351875 17.2795625 20.039125 0.996951460838
950.434 475.38534375 23.627125 28.34696875 0.996767520905
772.9973125 414.246375 15.070375 19.42428125 0.994594871998
739.117 378.8579375 13.3099375 16.475125 0.992001771927
869.30725 430.32959375 22.039125 27.788625 0.983662426472
108.3835625 497.72896875 18.467203125 23.3759375 0.979049861431
230.65053125 424.37340625 16.9934375 19.06978125 0.975637257099
358.55134375 433.12171875 15.8641875 17.39175 0.97248852253
306.11153125 389.790125 15.1920625 19.0564375 0.971930623055
828.518 453.42475 18.12625 21.824875 0.970285713673
601.948375 481.15653125 21.508125 19.1845625 0.965893685818
846.1406875 570.3840625 62.0066875 66.5134375 0.961282730103
859.236875 388.28409375 15.0451875 20.5425625 0.945215702057
688.6325 330.0935 11.6888125 14.646125 0.942978978157
204.997546875 373.5998125 13.680203125 16.14784375 0.938541412354
648.2538125 350.53665625 12.0634375 14.9178125 0.915731608868
60.3927929688 600.8751875 29.1898398437 48.242125 0.9079169631
396.11928125 361.84390625 11.45909375 13.3893125 0.868492662907
681.7350625 545.5380625 23.1358125 29.3205625 0.838553547859
77.5774765625 402.82815625 13.30503125 15.960125 0.832753956318
370.9345625 353.59765625 12.0325 15.29184375 0.809669315815
397.34690625 327.63209375 11.2424375 13.91259375 0.800124168396
