2--Demonstration/2_Demonstration_Political_Rally_2_406.jpg
15
621.173375 625.319375 137.896125 142.656625 0.999768316746
139.021046875 559.7385625 23.625015625 28.39575 0.998553574085
263.94121875 597.972125 92.27171875 115.548125 0.998398244381
506.99415625 698.99525 61.59834375 68.98075 0.998120009899
124.521515625 589.0148125 24.513828125 29.3590625 0.997958660126
491.5041875 580.9181875 24.19359375 31.9981875 0.997257947922
560.248375 616.112125 38.320375 48.9405625 0.996211051941
810.09925 615.6283125 168.7789375 152.3476875 0.993213295937
250.730203125 546.468375 22.890546875 27.9840625 0.987395167351
746.2304375 338.01640625 14.84125 16.9285 0.980565011501
382.538375 623.8964375 44.34871875 61.4010625 0.973657429218
12.2365332031 677.0395625 54.2159628906 84.28425 0.965224742889
70.0751171875 556.1471875 20.0091640625 22.4353125 0.955296099186
210.893984375 626.2039375 23.858546875 26.487375 0.942474365234
253.328703125 610.399625 34.439359375 53.0213125 0.900598049164
