2--Demonstration/2_Demonstration_Political_Rally_2_5.jpg
15
319.31240625 232.546 25.8985625 41.20275 0.998833119869
748.6703125 411.49646875 29.713375 35.79428125 0.99757283926
435.13603125 118.468351563 35.6869375 49.4914453125 0.996832430363
182.13259375 228.232453125 34.045984375 42.477859375 0.995839118958
690.23225 395.7679375 32.54675 42.23521875 0.995320498943
864.5180625 450.10890625 30.2151875 36.85575 0.994760334492
129.619742188 462.79271875 30.1965234375 47.74225 0.975662410259
824.474375 384.06009375 28.492875 35.73415625 0.952237546444
595.4920625 396.132625 27.3311875 34.4685 0.940545022488
147.069453125 491.122625 29.258828125 25.973375 0.938082516193
28.0279121094 481.99340625 32.7156699219 35.10259375 0.921551823616
552.9670625 353.8213125 24.4850625 29.1318125 0.907526135445
33.4183007812 259.3169375 16.145609375 19.95946875 0.855196237564
647.3425625 309.11253125 24.205375 29.9825625 0.823353052139
56.6414453125 298.2224375 19.2492578125 21.5865625 0.817199230194
