2--Demonstration/2_Demonstration_Demonstration_Or_Protest_2_617.jpg
12
732.5105625 84.8811796875 68.967625 78.4452265625 0.999477684498
55.27603125 416.89465625 56.267 63.87953125 0.9992415905
589.97825 487.77178125 60.5828125 64.90953125 0.999050676823
155.520265625 391.79928125 51.678546875 63.33503125 0.998894870281
6.4919375 401.45984375 41.7878632813 44.29925 0.998065412045
644.08825 459.93090625 48.774125 54.29021875 0.996828734875
417.12553125 454.3675 41.217875 41.9093125 0.996445596218
537.9211875 438.50909375 45.3828125 51.87278125 0.994574487209
366.93821875 431.9714375 26.469375 35.74721875 0.965385615826
309.99103125 436.70340625 46.81959375 61.59021875 0.924786508083
266.24809375 454.03721875 62.55934375 80.65178125 0.913449406624
231.560296875 414.24753125 32.365046875 38.455625 0.896789431572
