2--Demonstration/2_Demonstration_Demonstration_Or_Protest_2_385.jpg
52
754.7249375 472.51978125 27.2404375 34.4225625 0.999775588512
286.536625 538.0380625 29.55778125 41.5180625 0.999347388744
819.8358125 391.72690625 14.5526875 19.09384375 0.999092936516
99.3686796875 519.0798125 24.611796875 30.6524375 0.998927295208
633.4385 415.66565625 15.1329375 22.573 0.998870790005
873.071625 391.82978125 16.8680625 18.40471875 0.998856902122
396.8535 532.4373125 28.873375 37.933375 0.998847365379
615.63 495.915125 26.4025625 29.682375 0.998669147491
506.74878125 540.7975 30.31840625 35.258125 0.99859303236
779.0283125 459.88875 23.270375 27.43690625 0.998184144497
685.7915 463.69921875 23.00675 29.1635625 0.998131215572
581.3933125 454.92375 23.621125 29.98546875 0.998078346252
130.400351562 501.1175 24.0225390625 30.1516875 0.998044252396
188.06515625 520.124125 31.411015625 37.214375 0.997878432274
679.652 558.054875 36.33325 41.523625 0.997631430626
213.4996875 470.54921875 25.816484375 29.3034375 0.995706260204
918.622125 418.86078125 13.128625 17.9025 0.994778633118
19.5175527344 546.8931875 27.0984980469 42.359625 0.994678258896
687.065625 407.63703125 13.8758125 18.76609375 0.992443740368
736.4551875 423.33103125 19.8721875 23.31503125 0.992089271545
804.2616875 369.26259375 11.3305 13.865 0.991462171078
806.2338125 432.01796875 19.4021875 21.0599375 0.991405010223
360.04765625 454.57003125 24.59815625 32.34334375 0.991161942482
885.375625 483.98821875 23.2258125 32.50584375 0.990218818188
972.430125 427.68540625 19.5229375 23.018125 0.990051090717
784.8634375 385.61125 12.170625 16.36321875 0.989909648895
569.9363125 417.089625 16.939875 19.8715625 0.989731132984
738.120625 368.24646875 11.6485 15.0094375 0.988956511021
83.4911640625 453.4943125 24.4087890625 26.64934375 0.98716044426
622.0735 408.6980625 12.65175 16.6011875 0.982165157795
163.856640625 404.4100625 15.49125 19.81425 0.980904757977
92.8117890625 393.6108125 17.1296875 18.9055 0.980011224747
337.60071875 467.89975 20.28378125 31.39365625 0.979995191097
172.701546875 381.55221875 15.4165 18.10375 0.97824883461
324.3498125 428.7000625 18.33134375 22.6866875 0.976044416428
698.323125 379.19584375 13.671625 16.76503125 0.970467865467
545.45725 387.68775 12.3906875 14.73940625 0.962874174118
593.059875 387.36871875 14.09475 17.29909375 0.961463212967
731.452 353.0319375 12.4638125 14.23265625 0.959426224232
539.207 415.24346875 16.07475 17.3264375 0.954204380512
864.063875 459.65003125 22.895625 29.123375 0.95066100359
141.55565625 434.61275 13.950828125 19.93759375 0.945902943611
205.24415625 394.23475 13.71765625 18.45846875 0.940720081329
940.313625 461.84825 17.110625 25.07240625 0.940074682236
72.945046875 345.902875 12.17490625 16.23790625 0.934728443623
19.9472871094 401.4731875 15.9475019531 17.59978125 0.926693737507
353.7938125 405.01571875 13.6240625 15.22125 0.911984860897
454.13375 412.170125 13.11240625 21.17153125 0.893797695637
831.58825 591.68975 34.3375625 47.567375 0.878840684891
984.8025 367.82378125 12.0154375 13.880875 0.872280955315
591.249375 366.99903125 12.98825 15.5570625 0.840515196323
713.13125 375.188 14.110125 17.16703125 0.837208628654
