2--Demonstration/2_Demonstration_Demonstrators_2_28.jpg
54
39.2170195313 391.887125 33.2600898437 41.28546875 0.999512791634
671.9233125 377.826625 16.731 25.03153125 0.999497890472
455.86725 396.204625 25.74984375 34.000875 0.999435842037
171.713078125 381.5915 26.880484375 33.36515625 0.999366343021
386.574375 429.9865625 26.47484375 32.5995625 0.999361813068
514.417 443.855125 29.8815625 37.4415 0.999302864075
602.1718125 383.541125 24.3571875 30.936875 0.999169230461
296.62509375 426.6084375 24.33284375 31.46415625 0.999136030674
547.9695 363.3046875 15.4734375 22.259375 0.99901676178
658.0805 605.9658125 54.535875 63.644 0.998767495155
261.82546875 453.3213125 24.17184375 28.61615625 0.998728215694
753.52575 430.97034375 24.6696875 31.87853125 0.998688161373
34.4001640625 359.55096875 28.0883476563 34.0163125 0.998656630516
249.4110625 396.12453125 23.14959375 31.0375 0.998585820198
978.423875 479.71353125 27.46925 38.0853125 0.998569250107
368.2479375 381.60396875 17.30715625 23.62828125 0.998429834843
328.940125 513.2654375 34.0601875 45.1054375 0.998403251171
647.067625 368.34715625 16.6785625 21.43384375 0.997356891632
596.746 505.30046875 36.096 46.45290625 0.997152686119
180.518375 519.91421875 38.871625 47.30715625 0.997124254704
889.59575 438.89278125 27.50175 42.8281875 0.996551513672
33.0990507812 545.998875 45.8385898438 58.8199375 0.996009230614
330.96871875 444.5029375 23.7924375 32.3803125 0.995976269245
489.47309375 387.508125 22.449 31.05325 0.995817363262
87.8584453125 477.78159375 33.7605390625 48.86653125 0.99517762661
216.709546875 370.6280625 13.74684375 16.83 0.995132744312
842.794625 514.06534375 44.9169375 53.53628125 0.992148637772
261.065828125 361.27653125 22.247109375 27.898625 0.991269350052
492.9688125 566.4838125 34.2133125 51.1505 0.990827143192
64.5281132813 353.78046875 19.1659179687 23.5679375 0.990173220634
865.3213125 395.87465625 24.69525 33.13546875 0.989787578583
284.54925 370.9166875 19.0188125 22.9879375 0.98855137825
438.93909375 496.54390625 34.22196875 37.90934375 0.987217009068
191.77290625 354.63746875 12.76928125 15.5831875 0.987078785896
421.53340625 351.922875 14.74990625 19.15075 0.986672878265
587.574125 364.06153125 18.776125 22.0298125 0.986038029194
436.71225 462.49628125 24.8983125 34.78078125 0.983247816563
238.671453125 342.6515625 13.6844375 16.5670625 0.982934653759
176.42971875 600.3198125 54.02390625 69.32125 0.977996349335
683.63 450.31759375 22.692125 27.32159375 0.97437787056
137.228859375 415.772 22.56165625 30.783625 0.97130638361
524.8059375 344.92353125 10.75425 14.2723125 0.960949540138
697.3225 582.8543125 35.0108125 47.3444375 0.95859003067
215.020578125 337.07184375 13.035515625 16.6124375 0.953440189362
1005.7456875 442.5343125 18.2303125 36.8501875 0.95013910532
440.95034375 370.04528125 20.96121875 30.26684375 0.938625514507
617.6859375 364.25384375 15.550875 20.30653125 0.936841070652
763.843125 350.664625 14.280375 21.402375 0.931022107601
454.11446875 345.32846875 13.27471875 17.52421875 0.900533735752
805.241875 391.7623125 14.5639375 20.1233125 0.886930882931
761.632 403.44275 16.0411875 24.69028125 0.853695750237
569.255875 342.73921875 13.256375 16.5001875 0.820259869099
756.4949375 353.37371875 13.4861875 19.28925 0.808313012123
474.92046875 368.37103125 22.42859375 28.91434375 0.800612509251
