2--Demonstration/2_Demonstration_Demonstration_Or_Protest_2_225.jpg
12
444.95225 432.14678125 15.13196875 17.8495 0.989706993103
919.7078125 410.14996875 13.4328125 16.638 0.981790304184
985.73875 503.69140625 15.540875 19.50228125 0.977693259716
38.3706328125 408.02365625 17.905453125 21.6494375 0.969613134861
354.67090625 442.832 14.6158125 17.91384375 0.961006641388
992.5815 403.68953125 13.596625 17.76840625 0.94872289896
256.659453125 410.1805625 15.180671875 19.61359375 0.946973323822
918.185 388.03190625 12.39825 15.110625 0.932238280773
136.660765625 412.5161875 16.2869375 21.81171875 0.921570539474
944.816 435.284 15.1125 19.6983125 0.919835150242
205.631859375 454.89584375 14.1145 17.41034375 0.87311476469
573.3213125 401.286375 12.6031875 15.7216875 0.841096758842
