2--Demonstration/2_Demonstration_Protesters_2_12.jpg
16
826.68875 332.06025 48.9564375 61.80471875 0.999081969261
485.940875 313.07525 51.9578125 60.9774375 0.999011278152
373.85378125 319.41759375 49.29475 66.99503125 0.998976230621
290.0806875 280.72984375 55.3716875 63.6473125 0.998851537704
590.02925 307.901875 51.7464375 60.3234375 0.998827278614
48.1097539062 304.5339375 56.7008710938 68.43609375 0.998629450798
920.970125 328.3193125 53.2858125 68.02046875 0.998592197895
175.9015 301.1804375 52.083625 58.5775 0.998537421227
683.3201875 277.73071875 43.1811875 57.67384375 0.99818366766
395.91540625 266.01453125 38.5840625 44.83371875 0.997470021248
641.43225 314.3506875 49.6146875 61.61765625 0.997456014156
768.5310625 287.69840625 40.3835 46.10353125 0.996940791607
412.289875 334.80303125 47.2204375 59.84784375 0.996873319149
19.9050488281 349.099375 56.9771308594 69.62975 0.995423018932
636.45525 352.91484375 49.6551875 64.73190625 0.993991553783
666.7435625 587.671125 28.8563125 50.067125 0.833153605461
