2--Demonstration/2_Demonstration_Demonstrators_2_547.jpg
12
820.701125 138.7951875 45.7918125 57.199875 0.998909711838
216.350125 139.895546875 54.7033125 66.8619375 0.998895525932
879.0206875 178.342125 39.2268125 45.43715625 0.998873174191
682.5603125 138.739109375 54.4066875 76.993859375 0.998620510101
484.997 164.809140625 40.175 45.794859375 0.998212814331
0.0 212.1090625 25.9405488281 43.355546875 0.994695484638
640.1525625 161.54340625 43.9231875 57.910234375 0.992526769638
934.951625 203.28971875 28.0504375 38.517453125 0.990455210209
457.40465625 200.704 31.38528125 40.4210625 0.987917006016
985.3556875 210.4230625 32.047875 48.43115625 0.986372411251
165.040125 156.372890625 48.118515625 60.886078125 0.948548614979
415.82978125 191.829875 30.69409375 39.14359375 0.922163009644
