2--Demonstration/2_Demonstration_Demonstrators_2_654.jpg
10
585.223125 167.044625 38.3599375 42.781796875 0.999011993408
450.4384375 157.566109375 37.08428125 42.91090625 0.998552381992
293.5931875 147.64765625 36.98978125 44.8838125 0.998537540436
708.538625 129.765601562 27.123625 29.5627890625 0.996205151081
716.6413125 187.13440625 34.068875 42.1494375 0.995294988155
827.36225 126.051789063 30.1736875 35.8059296875 0.992770493031
595.0639375 111.637671875 33.2821875 37.15434375 0.990566551685
246.2991875 116.7383125 31.2015625 36.702453125 0.956340014935
157.538109375 103.033515625 29.456390625 38.49353125 0.904988110065
68.0798515625 111.76021875 27.7898203125 32.4515625 0.803085565567
