2--Demonstration/2_Demonstration_Protesters_2_54.jpg
19
149.319171875 207.407609375 24.996265625 28.8459375 0.999128878117
418.84375 100.090648437 17.47028125 24.200375 0.99841594696
20.0323359375 211.79 24.2167304688 29.958875 0.998349547386
333.592375 65.808234375 16.08396875 20.0873515625 0.998309850693
392.320125 75.3209140625 15.6739375 21.3439140625 0.997925162315
678.4303125 127.792 19.9796875 21.778984375 0.996096909046
295.511 85.6841328125 14.64646875 19.7909609375 0.995337843895
363.1993125 79.419484375 14.6431875 17.1985859375 0.994902610779
439.32903125 136.296921875 19.24690625 22.710796875 0.99384945631
524.357 138.1736875 20.3635 21.987125 0.993216097355
315.25903125 144.184078125 18.93378125 22.029953125 0.991405010223
16.3738496094 163.06428125 19.8817207031 22.449421875 0.986269652843
521.11684375 68.3183125 16.93196875 22.44715625 0.983842968941
409.2460625 266.49346875 25.899125 30.99759375 0.977846503258
599.8190625 142.360828125 18.756375 21.436921875 0.975180029869
171.8225625 162.436046875 18.6091875 23.8545625 0.974568843842
870.0935625 138.4675625 16.07125 19.092578125 0.974069297314
810.90275 107.082398438 17.7865625 21.407828125 0.94561123848
225.454703125 161.56646875 23.396515625 26.644296875 0.926768481731
