2--Demonstration/2_Demonstration_Protesters_2_221.jpg
40
285.625125 328.83109375 50.578125 77.601375 0.99923324585
386.65171875 56.2409335938 38.7431875 47.2192382812 0.998915195465
572.685625 146.7158125 51.353375 64.0279375 0.998495817184
514.55328125 204.643359375 60.77146875 81.509765625 0.998457074165
13.6366962891 17.1594667969 28.5143232422 41.3211035156 0.99837911129
212.482734375 123.331867187 52.705859375 66.8491953125 0.998201370239
311.08021875 12.6072089844 30.8001875 42.0318496094 0.998180627823
544.8655 73.2899375 32.641375 43.7910703125 0.998119056225
398.676875 205.032015625 56.35878125 78.209546875 0.997727930546
4.3076953125 199.752453125 51.2955507813 80.934859375 0.997666120529
227.848140625 521.78990625 89.898859375 53.67409375 0.997183084488
740.7306875 178.507796875 48.528375 73.626765625 0.997151315212
711.713625 374.33325 46.7044375 80.13646875 0.996528327465
984.3773125 152.76665625 39.5986875 65.258140625 0.996511042118
832.11075 127.455695312 33.1815 48.0077734375 0.995934247971
721.349625 56.993953125 33.1384375 37.28865625 0.995801508427
909.505375 109.209945312 36.703875 48.7337265625 0.99547380209
119.347734375 15.7230644531 28.50959375 39.4071191406 0.994156956673
411.08228125 284.480125 52.58859375 82.523875 0.993010222912
689.8915625 95.423484375 34.7185 49.25878125 0.991242051125
193.870171875 121.685570313 45.774890625 63.8194609375 0.990650117397
405.825125 134.8189375 36.3453125 50.823984375 0.989990830421
918.826375 180.49278125 41.267625 64.401015625 0.989099562168
715.6389375 2.87064111328 27.765 33.5498745117 0.988987982273
674.001875 59.7118710937 28.6243125 37.1211210937 0.988986849785
137.714375 239.34921875 44.202328125 66.7834375 0.988786995411
236.086515625 78.7713828125 35.782109375 49.0171953125 0.987905144691
289.92115625 128.206898438 43.0255625 58.7264609375 0.98732739687
857.8149375 173.76190625 36.748875 50.480453125 0.987200379372
900.8215625 292.080875 56.8135625 74.50840625 0.987073540688
457.6519375 80.6132265625 43.8951875 56.2244296875 0.985931515694
135.634 56.8188867188 40.25159375 42.8034882813 0.984609007835
743.4139375 148.844640625 34.7216875 46.667171875 0.981521964073
109.381304688 95.828984375 44.9614296875 58.147796875 0.955396234989
79.038890625 171.075921875 39.776609375 67.94115625 0.948776900768
595.34475 0.0 26.3035 25.934109375 0.936564445496
739.124875 56.29178125 28.1384375 37.5161484375 0.93271446228
79.9376171875 332.0088125 41.3695625 68.31771875 0.926441192627
176.429875 12.1279453125 21.87096875 29.771171875 0.887083053589
342.232875 109.386085937 34.37021875 47.5672421875 0.874707877636
