2--Demonstration/2_Demonstration_Protesters_2_561.jpg
88
138.70734375 312.96253125 18.64678125 22.8404375 0.999567091465
286.95565625 90.187546875 16.84796875 23.8026953125 0.999210715294
648.15775 423.1906875 16.0859375 22.98996875 0.998935163021
16.2859648438 260.135734375 16.3404667969 21.933078125 0.998744130135
160.87609375 424.08934375 16.812046875 21.54778125 0.998700976372
490.7320625 138.3450625 17.30121875 20.617765625 0.998670578003
444.11584375 463.5319375 18.40075 20.56553125 0.998628258705
746.6735 234.387546875 17.040875 22.371828125 0.998567223549
339.22253125 447.03471875 15.68634375 20.507125 0.997948467731
753.894875 443.74090625 17.3571875 22.14971875 0.997538685799
256.069453125 389.48140625 15.024203125 20.36771875 0.997484564781
40.0128984375 412.625375 17.11675 20.68478125 0.996994018555
103.852539062 430.71125 16.7232109375 21.3316875 0.996747493744
105.269320312 385.66825 17.1834609375 21.6399375 0.996287226677
426.50190625 369.107375 16.625875 21.81946875 0.995874941349
710.427125 239.15115625 18.1071875 21.994390625 0.99568104744
790.9324375 456.93446875 19.050625 24.145 0.995641589165
623.56625 443.118375 16.9068125 21.100125 0.995631217957
464.65634375 379.67334375 17.94384375 24.00884375 0.995556056499
186.16521875 359.7024375 18.0158125 20.82396875 0.995073735714
439.856875 285.931875 18.23903125 21.68203125 0.994856834412
860.0634375 313.89075 17.414875 23.02353125 0.994807183743
393.90309375 256.848421875 15.79265625 21.424171875 0.994733333588
598.8309375 499.3036875 19.506875 19.4651875 0.994675517082
737.793375 516.44925 19.5721875 21.3329375 0.993604958057
679.470625 428.99446875 19.0866875 22.46946875 0.993179559708
288.8670625 440.0565 17.79178125 20.826375 0.993162631989
722.980625 410.27578125 16.196125 21.01075 0.993141233921
177.26590625 393.5816875 18.516046875 22.61453125 0.993124425411
941.6149375 506.9223125 18.4106875 21.61275 0.993099689484
401.23965625 132.18159375 17.052875 19.954140625 0.992998719215
864.5475 497.7615 18.439375 21.91709375 0.992906212807
499.92028125 324.702875 18.622125 21.24978125 0.992203116417
286.783375 319.109 16.7419375 20.7381875 0.991699337959
261.6383125 236.319421875 15.8110625 18.12121875 0.991527497768
773.6344375 227.7415625 18.5284375 19.29053125 0.9912789464
767.7533125 527.4210625 19.352 20.739875 0.991246402264
496.9954375 485.81365625 18.180625 20.47646875 0.99088704586
577.3388125 416.006 19.2606875 22.85940625 0.990568876266
200.911453125 84.4630390625 18.61915625 21.478078125 0.989359259605
26.2749140625 379.57684375 17.60296875 21.4305625 0.988798558712
901.1995625 520.61534375 18.16175 20.48878125 0.988571465015
991.8230625 461.661125 16.0715625 21.6155625 0.988525211811
17.8907636719 325.7635 18.4926738281 20.9095 0.987599730492
803.295125 493.736625 16.5549375 21.3971875 0.98740619421
130.866960938 213.35271875 18.2514765625 21.52078125 0.986044168472
546.9881875 305.78634375 18.013 20.69134375 0.984792113304
434.69259375 438.80884375 16.0153125 18.99671875 0.984592378139
781.812625 413.161875 15.2453125 21.18178125 0.982065856457
718.5726875 469.37684375 18.332 21.639 0.981324017048
870.4499375 641.1343125 16.1834375 22.109875 0.978410840034
306.68434375 407.89515625 15.69121875 19.574875 0.978365123272
235.31459375 291.75890625 18.662140625 21.8829375 0.975976169109
299.8221875 338.6308125 17.85925 21.75646875 0.975692868233
179.536296875 308.4753125 16.58546875 21.90859375 0.975199341774
581.2128125 384.515625 17.252875 22.789875 0.97444653511
645.999875 472.36690625 17.9413125 23.34859375 0.973617553711
866.18575 605.6931875 15.59825 22.1125 0.973473608494
698.3095625 418.70475 14.4676875 19.79909375 0.972775161266
836.7914375 449.67946875 15.2359375 23.20921875 0.969777584076
230.884 464.0725 17.058453125 16.631875 0.969478011131
767.3951875 390.46771875 16.391625 19.21265625 0.969358563423
544.0599375 495.51340625 15.77275 19.03396875 0.968268632889
533.860875 134.986421875 17.524 21.84190625 0.967218101025
665.0733125 500.57221875 17.0380625 20.37709375 0.965434610844
643.3118125 381.273625 17.926875 20.389125 0.960580468178
553.114875 139.027265625 18.7685 22.08790625 0.959439098835
889.7545 192.187359375 16.5821875 22.590671875 0.958116173744
24.3489707031 303.06684375 15.2823105469 17.85240625 0.957774102688
74.3579296875 265.60165625 15.6359296875 20.77871875 0.956496119499
643.3116875 220.8858125 18.571625 22.807671875 0.945795655251
951.57325 651.3258125 20.543875 28.416375 0.942614495754
930.132375 235.555609375 18.1069375 21.95859375 0.939228951931
734.2068125 367.97696875 15.81875 19.29975 0.932642579079
114.333085938 200.438234375 14.3420859375 20.057046875 0.929801106453
379.9793125 401.5705625 15.087 21.9328125 0.926717221737
445.7238125 139.15059375 15.3224375 20.84465625 0.880109786987
848.6596875 412.66446875 17.1038125 20.8556875 0.879362106323
211.31896875 446.58859375 16.015765625 19.396375 0.872922420502
815.38075 266.64971875 19.305625 19.1085 0.86965149641
120.665851562 359.060375 15.9025078125 19.80234375 0.868153691292
217.32515625 260.904296875 12.548109375 18.886921875 0.849170923233
94.2889921875 319.0273125 18.486703125 21.32859375 0.847738325596
92.8006640625 222.27896875 16.4285859375 20.52253125 0.832378745079
913.187875 473.33725 13.73175 18.46953125 0.829191446304
238.271125 373.39203125 16.16421875 19.1813125 0.827755391598
408.263625 302.8765 16.36809375 18.3569375 0.826810538769
825.7315625 428.45525 16.1384375 20.8095 0.811087489128
