2--Demonstration/2_Demonstration_Demonstrators_2_545.jpg
12
289.0761875 434.1461875 30.397 39.1239375 0.99523806572
255.35209375 499.73721875 35.50071875 45.55103125 0.990887641907
254.2351875 403.6310625 24.7519375 32.65075 0.989344239235
59.3227773437 495.65409375 39.0082773438 45.25734375 0.984688878059
413.43471875 453.03775 27.839125 37.41546875 0.983732640743
65.424875 429.44721875 30.9715390625 43.68846875 0.982521593571
148.41090625 418.58684375 30.561078125 35.32765625 0.9820510149
360.66203125 419.897 23.1149375 29.84921875 0.965793073177
191.46340625 413.237375 25.558359375 34.62484375 0.96078068018
793.50725 410.3625 21.561375 30.80078125 0.956797242165
402.268375 405.51325 18.97221875 22.970875 0.93609392643
100.449632812 391.568 28.9936328125 37.51284375 0.920030713081
