2--Demonstration/2_Demonstration_Political_Rally_2_451.jpg
10
231.98171875 429.27084375 177.6714375 238.51990625 0.999462068081
845.491125 124.185007813 125.194125 156.060585938 0.999417066574
197.43753125 91.88646875 120.38196875 162.953203125 0.999354541302
56.2043085937 234.957671875 138.295972656 194.754671875 0.999313831329
724.8293125 120.227578125 112.1150625 159.889109375 0.998993694782
833.295125 57.9247929687 70.34475 76.8720976563 0.99600225687
552.3493125 280.8161875 113.032625 169.34865625 0.990957140923
850.74425 0.0 57.00825 43.8333632813 0.984076917171
802.901375 1.23487988281 65.5009375 84.4046982422 0.955227911472
692.625625 142.702578125 95.9379375 134.939109375 0.830712020397
