2--Demonstration/2_Demonstration_Protesters_2_24.jpg
18
479.134648773 752.463198303 78.3408526306 109.644197632 0.99873572588
155.27841758 806.249649353 83.5817504807 98.3915883789 0.998639643192
662.391343872 1051.32252393 80.7050003052 105.068529297 0.998542308807
890.01996405 1124.64868909 98.5443724976 122.372960693 0.998508155346
452.323274689 1121.46598773 76.1063947144 98.7419313965 0.998376369476
501.744773804 663.465467285 65.5374256592 79.8273360596 0.99791520834
600.524851685 629.88438208 69.3496447144 81.4103994751 0.997659683228
812.619215332 653.880561493 66.6236461182 88.859469696 0.997165501118
367.641793213 263.432125168 106.494959534 166.485054581 0.995674073696
372.497971619 585.138783966 62.0596820679 73.3916290894 0.995061814785
583.926133667 865.211907898 43.7474646301 59.4676150513 0.994023859501
6.85727232742 394.08448233 113.404046886 153.05939563 0.99398624897
636.511913635 683.446095154 66.615947998 86.8479430542 0.993432879448
541.62519928 257.454515259 101.340871735 153.305578369 0.991503477097
675.025608582 856.069918945 35.9685535278 54.1049317627 0.990224301815
660.080493896 467.003039886 71.0056831665 91.3156020508 0.985447585583
391.253105896 808.781702454 65.2611966858 72.5413010254 0.975829958916
629.454190704 127.978203049 101.4970336 117.625302216 0.959926962852
