2--Demonstration/2_Demonstration_Demonstrators_2_314.jpg
10
204.8148125 269.42765625 29.990140625 34.37978125 0.997547090054
413.97875 259.7759375 27.880125 31.375375 0.997323989868
112.524453125 262.302875 28.019484375 32.7633125 0.997202277184
128.278265625 300.24859375 31.281109375 38.06303125 0.990789890289
244.5695625 387.25671875 32.1830625 50.6513125 0.976098716259
604.8270625 351.38675 34.1380625 49.49053125 0.951615512371
482.1371875 301.98025 25.5399375 40.56709375 0.924667775631
256.897703125 271.78059375 26.115109375 30.42578125 0.900187730789
381.621875 281.76678125 22.634875 33.94778125 0.89869260788
65.0655976563 229.182109375 25.1791054687 31.9214375 0.80802410841
