2--Demonstration/2_Demonstration_Political_Rally_2_609.jpg
26
116.509609375 237.53821875 93.295453125 135.29353125 0.998882949352
156.59540625 145.47184375 28.7164375 37.806640625 0.997958421707
806.627 543.9126875 26.1169375 31.832625 0.997099518776
967.8944375 347.84453125 15.8635625 19.75265625 0.990090370178
966.503 410.615875 16.189375 20.83853125 0.983899474144
907.0420625 431.98221875 17.5460625 21.887125 0.98311573267
996.8235 350.621625 16.246 19.01825 0.982099294662
940.0126875 375.0435625 16.89 19.89765625 0.981225788593
383.94040625 400.31603125 13.83953125 17.334625 0.980416953564
689.6915625 413.22234375 16.6414375 20.3101875 0.979921936989
634.57775 392.5454375 16.0308125 18.49525 0.975143194199
738.2255 401.85171875 14.1808125 16.0978125 0.969287216663
964.2454375 450.79271875 15.793625 18.58584375 0.96856123209
767.6029375 564.8015 23.409125 30.5014375 0.96673810482
981.1203125 489.39190625 18.811 22.3489375 0.957905113697
885.48975 457.47384375 18.6565 23.09040625 0.953169047832
901.961375 476.473125 15.7304375 18.83403125 0.93724322319
641.0130625 348.6363125 14.3813125 18.6379375 0.931074798107
747.7195 370.39490625 15.3415 19.31471875 0.928076803684
720.5859375 426.73459375 14.478125 17.70009375 0.888241589069
321.11075 373.481125 13.7419375 17.011875 0.885142207146
460.77809375 366.2418125 13.9830625 16.5611875 0.87793892622
755.6328125 450.239375 17.1138125 20.08784375 0.86431992054
489.9378125 389.40078125 16.49825 19.04484375 0.859017133713
616.4525625 431.13265625 14.8300625 17.9155625 0.854181408882
850.776875 395.21490625 15.503625 17.70765625 0.829210758209
