2--Demonstration/2_Demonstration_Demonstrators_2_425.jpg
39
351.387625 431.86909375 51.0005625 62.06703125 0.999678492546
701.8980625 375.92003125 27.6656875 32.625125 0.999341070652
864.88725 302.68275 29.48375 36.93378125 0.999266684055
578.0070625 386.7570625 26.70175 34.8578125 0.998094975948
634.4395 393.59703125 35.5936875 46.2073125 0.997233092785
562.4583125 461.79025 42.332625 62.65921875 0.996620297432
791.398 425.2716875 63.0971875 78.0448125 0.996272444725
430.686875 560.5825 67.89846875 111.6409375 0.99622040987
786.8280625 304.65240625 40.554 47.451625 0.995868563652
17.7483847656 472.95259375 43.9141503906 53.83409375 0.995544373989
225.038953125 425.31859375 36.93484375 51.75665625 0.995314240456
448.36875 349.57009375 17.33740625 21.5326875 0.994207382202
202.981 402.3849375 22.460546875 31.15803125 0.994166731834
526.841375 330.18628125 16.7094375 22.97575 0.993480563164
618.0670625 332.178 18.5369375 22.2940625 0.993329942226
613.8484375 304.01153125 13.536375 16.9349375 0.992411792278
401.27565625 370.45565625 18.65196875 24.03696875 0.990828990936
992.8833125 344.49390625 31.0926875 79.26390625 0.989818274975
642.8656875 304.8090625 12.6224375 16.4301875 0.989613950253
657.29925 306.0171875 18.4095625 21.606125 0.986503720284
91.551296875 378.89871875 14.016109375 17.71671875 0.986207008362
621.6565 390.731875 16.19225 20.7528125 0.985340774059
137.905296875 375.710375 13.1674375 17.09890625 0.977304935455
707.3466875 276.55584375 13.9788125 18.3711875 0.975138306618
576.131 330.7640625 15.321 20.2135625 0.973846971989
700.924875 314.5635625 18.01425 22.89115625 0.973470449448
729.12625 335.82784375 23.8386875 26.766875 0.970377385616
467.697625 409.69753125 24.874 29.274125 0.967349469662
844.1865 283.0533125 16.2230625 21.92359375 0.963817775249
254.146171875 369.200625 14.495265625 18.6541875 0.95606893301
485.693625 372.1471875 17.37825 21.95996875 0.910566866398
109.59765625 382.461625 14.25490625 17.502125 0.910340726376
344.3835 396.92540625 31.1799375 33.17684375 0.889467418194
794.03325 272.03609375 19.3090625 22.7320625 0.888375461102
46.9670507813 399.99378125 16.306421875 20.14840625 0.854344069958
940.9916875 261.84284375 15.9864375 20.9835625 0.837843894958
773.3198125 312.10471875 21.347125 28.90721875 0.836471319199
289.0268125 351.06671875 12.15996875 14.929 0.834086894989
46.2612539062 430.65115625 23.9862460938 30.87303125 0.811861991882
