2--Demonstration/2_Demonstration_Protesters_2_646.jpg
11
654.6681875 218.973015625 73.901375 93.514390625 0.999649524689
344.8795625 253.765296875 106.8666875 138.772484375 0.999502062798
474.9205 212.628546875 77.4616875 98.520015625 0.998241305351
224.79534375 191.65778125 52.3289375 68.709953125 0.997630596161
334.30953125 182.920515625 23.48371875 32.570875 0.995814025402
591.11325 179.001984375 23.550375 30.391640625 0.994250655174
451.5315625 166.274453125 48.03265625 69.3270625 0.98745149374
976.9851875 221.265390625 45.003625 56.560109375 0.986513674259
117.842320312 170.422578125 37.7986953125 46.10546875 0.968387782574
558.60675 209.502578125 47.77225 61.373234375 0.967768192291
390.5096875 179.561546875 18.59221875 23.4814375 0.956116855145
