2--Demonstration/2_Demonstration_Demonstration_Or_Protest_2_98.jpg
44
377.38784375 420.3245 23.3713125 33.45675 0.99959820509
362.15715625 491.09015625 32.00978125 41.65959375 0.998925745487
410.60315625 507.50259375 25.653875 30.00684375 0.998881161213
559.22475 484.56190625 31.335 40.290625 0.998642146587
131.74584375 295.7525 12.62696875 16.7215 0.998548448086
286.48184375 567.427875 34.51028125 43.011 0.998386740685
442.12896875 456.819875 25.2894375 33.6306875 0.998010575771
859.6400625 600.540375 33.4355625 50.37975 0.997828423977
888.30825 326.62053125 13.1490625 16.89028125 0.997231662273
193.03840625 503.0801875 29.14884375 37.5880625 0.996902287006
605.612125 580.4760625 35.3909375 43.883625 0.99670791626
322.20234375 472.35709375 22.13690625 32.36928125 0.995914518833
511.52359375 481.2555 23.43978125 32.45590625 0.994808495045
158.325109375 291.83078125 12.997265625 18.11853125 0.990353822708
103.2626875 294.52071875 11.742953125 14.8914375 0.990078568459
509.12753125 532.925625 31.55171875 38.226875 0.989882051945
21.3912050781 455.573125 23.2228613281 33.90625 0.988938689232
932.7496875 320.74234375 15.0945 18.04825 0.988690078259
660.050375 603.3804375 34.7094375 45.3006875 0.987569868565
136.84471875 515.4329375 23.532828125 30.601625 0.980039596558
331.68803125 568.5645625 44.50153125 55.0430625 0.977828979492
67.0679140625 297.63784375 11.259625 14.36453125 0.973879337311
292.9211875 367.10640625 16.9375625 20.6155 0.964866578579
836.0895 280.14653125 12.8420625 16.40065625 0.963825523853
521.07978125 449.6098125 24.02184375 28.88075 0.961465895176
33.4042109375 297.0214375 11.6625742188 14.0945 0.960531830788
273.48590625 528.7188125 25.718625 35.04975 0.93784058094
632.3649375 628.71775 33.6049375 27.64225 0.936939835548
960.2100625 215.048234375 10.6023125 13.56940625 0.933154046535
892.810875 229.227609375 10.59075 14.25853125 0.919862210751
596.245 475.259875 25.3143125 34.6008125 0.916226029396
999.028375 331.63575 14.697125 19.97240625 0.901696622372
0.0 429.2615 22.8621015625 28.17440625 0.900229156017
24.6258242188 239.409640625 10.6985546875 13.845234375 0.899450480938
577.84125 255.247140625 10.843125 13.366515625 0.867909133434
75.5097890625 277.0303125 11.9519921875 14.27625 0.864737212658
578.466125 157.126265625 10.4904375 13.288234375 0.860056638718
118.576546875 488.9569375 24.8634375 31.41396875 0.855219781399
223.566953125 604.2568125 31.1530625 41.2383125 0.854583144188
348.37853125 301.561 13.023375 15.83809375 0.826580226421
618.02 179.699703125 10.953125 13.671015625 0.821294546127
559.068375 578.3161875 27.8470625 36.77075 0.812592983246
959.9824375 296.4778125 13.0859375 14.86709375 0.810428917408
931.1888125 206.98671875 11.1033125 14.297609375 0.809055268764
