2--Demonstration/2_Demonstration_Demonstrators_2_456.jpg
9
632.7503125 431.996625 76.5669375 97.8568125 0.998816728592
0.0 280.3115625 112.429828125 121.55728125 0.998297631741
219.739703125 465.4725625 60.834046875 69.985625 0.998247742653
902.7161875 484.7458125 76.8163125 91.7421875 0.99742847681
460.95396875 352.65984375 69.26078125 88.0785625 0.996622562408
168.905265625 213.909859375 78.617640625 93.677515625 0.996264398098
328.7519375 28.3662128906 116.35090625 152.982552734 0.986445486546
849.5190625 231.158875 101.845375 120.3859375 0.962963283062
972.186875 109.100132812 51.789125 71.9992734375 0.846658289433
