2--Demonstration/2_Demonstration_Political_Rally_2_695.jpg
42
17.1602402344 269.8733125 28.0223613281 30.6173125 0.998812794685
496.9589375 374.2091875 34.365125 42.7938125 0.998589217663
438.4195 344.54971875 32.385375 37.667 0.998200654984
764.68875 558.003875 57.1835625 74.449375 0.998160898685
45.1999453125 239.9943125 27.7996875 32.19378125 0.997792005539
422.96490625 468.75571875 37.59015625 47.8960625 0.997762799263
804.6123125 224.411125 26.3999375 34.253875 0.996671795845
405.97878125 373.251875 36.042 44.44340625 0.99590164423
582.213375 365.88909375 33.0340625 46.44765625 0.995542109013
326.26484375 474.76334375 42.174875 45.23553125 0.995348274708
299.1995625 425.0665 37.41265625 38.06171875 0.995152711868
0.0 382.77790625 37.66740625 43.459625 0.993080675602
315.4394375 534.180375 41.17775 48.585625 0.990762889385
57.5866796875 133.282125 17.2874453125 20.930078125 0.989885926247
522.5839375 455.8906875 39.1896875 48.21621875 0.988937616348
189.43296875 224.569375 24.101375 28.551796875 0.987245380878
133.994921875 395.90034375 39.0830625 42.6214375 0.986067712307
8.39581054687 432.8939375 38.5796230469 47.00690625 0.985793530941
140.584703125 129.137164063 15.95275 18.9245078125 0.985639572144
402.62203125 296.10546875 30.39975 37.49284375 0.984858036041
169.329015625 435.36971875 35.144375 48.507 0.981585025787
22.3583984375 123.559765625 16.34578125 19.63184375 0.980020523071
357.780125 419.98809375 36.7676875 44.1528125 0.971853196621
879.1508125 477.854625 33.8475 43.0831875 0.970468342304
168.398890625 211.931578125 22.204734375 28.65471875 0.968319177628
101.510070313 233.15746875 22.27478125 28.950828125 0.965939044952
704.5391875 199.5668125 17.39025 22.506296875 0.959483861923
67.60459375 462.616625 34.7629296875 43.96403125 0.943513929844
685.5846875 184.893015625 19.450625 21.52190625 0.935082376003
101.779007812 358.83321875 38.8037890625 44.2218125 0.933339059353
807.5974375 174.737453125 19.4313125 22.42040625 0.931704163551
964.7910625 646.613375 57.965375 37.394625 0.926802992821
872.425625 358.03690625 29.139875 39.063875 0.921691775322
0.0 16.9672890625 18.4795117188 21.4919726562 0.921191573143
209.02053125 266.7831875 24.52425 29.46240625 0.916110634804
160.5940625 257.34509375 24.07471875 26.6383125 0.901113510132
58.463078125 58.1430859375 16.917578125 19.6699296875 0.900616824627
268.86075 158.717984375 17.76184375 20.991484375 0.884712040424
226.156203125 348.6434375 27.99340625 41.84234375 0.879320919514
794.3465625 195.91853125 18.382375 22.997953125 0.854137539864
393.90709375 525.696625 42.81834375 40.6159375 0.851082265377
8.71533007812 224.60834375 26.6364785156 30.653234375 0.846050441265
