2--Demonstration/2_Demonstration_Protesters_2_531.jpg
249
605.9864375 329.478125 15.9166875 20.94359375 0.999813616276
407.205625 477.607 17.66709375 22.2553125 0.999636530876
739.5173125 331.16734375 16.3828125 20.027375 0.999549210072
959.5481875 313.2793125 14.9325 18.54825 0.99947065115
95.550796875 425.5016875 17.6937734375 20.9844375 0.999457538128
903.2811875 364.9285625 15.900625 20.15775 0.999451458454
644.1895625 479.55315625 18.5265 22.22640625 0.999435007572
265.4175625 276.6841875 14.330375 17.166375 0.999429881573
564.7015 278.88425 13.8315625 17.27134375 0.999390602112
170.222 511.36434375 18.201375 23.34496875 0.999349176884
156.010015625 472.631875 17.86828125 23.38234375 0.999323487282
862.9913125 180.281671875 12.733375 15.890125 0.999304294586
475.38084375 311.853625 14.61078125 19.15459375 0.999295711517
844.22775 412.5745625 18.0869375 23.16203125 0.999220490456
584.687875 327.92846875 14.113875 17.277375 0.999216675758
465.65453125 481.5145 17.84021875 22.829875 0.999193608761
796.629875 268.45840625 14.22275 16.7075 0.999189555645
842.303375 263.3895 15.24125 18.842 0.999143719673
398.94440625 507.36121875 18.0946875 21.52915625 0.999113380909
834.92875 313.21146875 14.943 18.6366875 0.999072790146
493.7564375 446.465875 17.2518125 21.36290625 0.999067246914
515.7623125 463.3918125 20.6150625 21.3973125 0.999052226543
120.81575 474.08178125 17.77015625 21.01565625 0.999008476734
233.807625 490.50896875 18.094296875 21.815875 0.998953580856
605.84275 243.9979375 13.73525 17.218640625 0.998944342136
958.3051875 238.58634375 14.73475 18.106234375 0.998943626881
933.3605 261.16671875 14.9654375 17.5826875 0.99894040823
498.22659375 284.69575 14.976625 18.95428125 0.998932182789
681.2326875 246.983625 13.249 16.35109375 0.998931586742
591.8018125 261.455015625 14.0693125 17.789078125 0.998919487
278.580875 326.60271875 16.0244375 21.217625 0.99890434742
695.39775 322.69828125 15.6376875 19.1806875 0.998901963234
500.50009375 314.468375 15.998125 19.7488125 0.998895227909
615.41775 301.91103125 14.954 19.91178125 0.998833715916
822.5256875 231.148625 12.609125 16.0408125 0.998803973198
989.726 389.238375 17.7843125 23.21890625 0.998703718185
847.8744375 197.805671875 12.6823125 15.795515625 0.998680055141
455.8675625 511.2255625 18.0410625 23.2555 0.998585581779
895.573625 407.04378125 16.576 22.1615 0.998553454876
39.3619453125 286.15171875 13.9205234375 17.46803125 0.998544573784
90.7694765625 279.3824375 15.1559609375 18.1444375 0.998517930508
81.730640625 459.9549375 19.1691015625 23.8674375 0.99844533205
627.2700625 390.50275 16.9409375 20.1236875 0.998408615589
972.7034375 220.201 14.5804375 17.788328125 0.998389005661
411.70953125 230.833671875 13.03765625 16.381140625 0.998364627361
667.120125 235.145625 14.5143125 17.101484375 0.998362004757
794.3430625 391.695625 15.2488125 20.77471875 0.998305678368
679.8021875 198.005203125 14.4163125 17.61703125 0.998250901699
452.0084375 237.98084375 12.9499375 15.3116875 0.998206973076
420.33778125 337.54434375 15.03728125 18.47471875 0.998192965984
654.5563125 315.88675 14.61975 18.55528125 0.998180747032
245.668609375 473.99409375 17.622609375 22.41809375 0.998142242432
784.6315 487.10434375 18.5115 23.9600625 0.998107075691
679.736375 388.05859375 18.3570625 21.934875 0.998062193394
470.4643125 279.53909375 14.4754375 18.35428125 0.998054623604
24.3803769531 519.92271875 18.7925644531 20.47184375 0.99800413847
828.9595 405.44728125 16.37125 18.50565625 0.99797719717
453.033 320.36415625 15.93621875 18.64209375 0.997947156429
294.5783125 650.531375 23.34690625 26.308625 0.997892439365
525.2718125 303.9678125 14.298625 16.7810625 0.997769117355
602.4925 456.447875 18.60825 22.14028125 0.997736811638
399.85203125 251.94734375 14.0486875 17.11884375 0.997715234756
751.021 361.2004375 16.5281875 20.5754375 0.997702896595
866.6833125 463.54503125 19.4004375 22.13640625 0.997687339783
571.2095625 550.1076875 19.283375 23.98025 0.997566223145
191.5325625 432.00040625 15.433046875 21.99146875 0.997480213642
744.7238125 247.907421875 13.185625 15.756453125 0.997477471828
664.78025 541.930375 16.7104375 25.943875 0.997456133366
926.5105625 540.519 22.8689375 27.5216875 0.997289180756
655.5323125 264.2906875 16.1329375 20.98528125 0.997241139412
773.3895625 261.425328125 12.897125 15.751578125 0.997197151184
356.34740625 301.45871875 14.8319375 17.540625 0.997184097767
898.0126875 310.90396875 14.11475 18.00440625 0.997088372707
786.708375 569.650125 18.1240625 21.57425 0.997017741203
868.0279375 251.624890625 14.244375 16.290640625 0.996923148632
581.6174375 288.30740625 12.8685 15.78740625 0.996919870377
417.938125 281.13415625 13.734375 16.42515625 0.996818065643
989.798 263.94515625 14.7135625 19.125125 0.996733427048
496.55634375 195.38959375 12.544875 15.2236875 0.99665337801
22.4375371094 474.24375 16.9246894531 21.35271875 0.996595203876
974.8320625 299.0295 14.78825 18.0443125 0.996569514275
1001.0845 577.6840625 21.4585 28.1425 0.996548950672
785.7538125 437.61009375 17.5093125 24.25415625 0.996533155441
731.181125 197.979265625 12.663 16.02715625 0.996502876282
587.021625 493.50821875 17.650375 22.81940625 0.996418356895
378.840875 261.533890625 12.65190625 16.990921875 0.996295511723
92.5914453125 239.571265625 13.9531953125 17.400953125 0.996172606945
273.46109375 465.534875 15.5299375 20.656125 0.996034920216
452.8684375 205.253390625 14.08471875 16.338890625 0.996030509472
899.4168125 264.754 14.4786875 16.782625 0.995916903019
501.767 226.779484375 13.80421875 17.598609375 0.995896100998
115.042007813 508.268375 22.3679609375 26.513625 0.995829761028
755.8793125 407.23928125 16.17025 19.48809375 0.995586752892
346.76284375 415.2584375 17.17078125 20.0203125 0.995515882969
996.529875 318.80390625 15.513375 18.5904375 0.995490252972
814.5465 107.106796875 11.388875 13.91625 0.995447814465
247.280515625 372.9606875 14.4995625 18.859 0.995336472988
340.19865625 215.405484375 11.7565625 14.82465625 0.995226025581
237.54815625 286.80684375 13.709046875 16.77659375 0.994851529598
426.08028125 207.908578125 13.5316875 16.837734375 0.994474351406
686.4196875 448.51775 15.163875 20.6384375 0.994131147861
415.7126875 446.12425 16.92765625 19.96528125 0.993812918663
334.93965625 514.29234375 18.6033125 20.72478125 0.993598461151
749.8731875 489.5986875 16.7405625 20.06878125 0.993525505066
776.1841875 286.0935 13.7635 16.86184375 0.993450760841
134.9119375 302.96253125 14.9945625 18.14903125 0.993412077427
414.42334375 523.153625 18.687625 23.5345625 0.993384182453
227.534609375 649.8471875 21.5181875 26.9928125 0.993127942085
241.43315625 229.051484375 12.58778125 14.985578125 0.993111014366
354.50546875 157.426859375 12.39021875 14.0825625 0.992781758308
888.1195 192.62178125 14.049 17.928125 0.992711305618
279.8709375 436.9745625 15.195875 21.09246875 0.992651760578
143.986484375 407.16415625 17.43584375 21.36578125 0.992489874363
843.6478125 329.2660625 15.593 18.86421875 0.992416024208
541.2585 218.464875 12.7550625 16.42915625 0.992227733135
632.48225 408.67915625 17.088125 19.9828125 0.992192208767
422.10290625 131.7829375 10.9285625 13.8595 0.992038726807
53.9348984375 317.55565625 12.9901015625 17.31715625 0.991989910603
830.2171875 188.604578125 11.692125 14.244484375 0.991979718208
13.7126347656 568.29575 20.3825761719 23.849 0.991626024246
49.04309375 371.25846875 16.2819609375 20.976 0.991346180439
767.6390625 539.9561875 19.973375 24.3245 0.991263508797
133.909390625 248.80796875 13.7996875 17.07909375 0.991202950478
479.140125 426.15321875 18.824875 21.4036875 0.991174042225
354.06296875 480.03928125 17.3794375 19.59034375 0.991112291813
211.05134375 270.80775 14.792703125 17.12803125 0.991095423698
662.8364375 355.3729375 14.8335625 16.810875 0.991037607193
772.7881875 123.770945313 11.6739375 14.5160234375 0.990660607815
917.96475 482.4506875 18.54375 24.44915625 0.99038285017
206.576828125 189.2810625 12.413203125 15.35728125 0.990358173847
618.8200625 433.4605625 19.246875 24.6136875 0.990206062794
64.5487265625 262.06653125 13.1314453125 16.0001875 0.990196585655
364.85865625 582.535 22.4473125 27.634125 0.990084648132
517.99365625 506.145625 17.36603125 19.8021875 0.989854931831
162.112265625 645.0638125 21.004890625 23.195375 0.989772737026
723.2968125 250.541125 13.63375 17.3523125 0.989721238613
458.83209375 139.430796875 11.8238125 14.9266875 0.989667892456
749.3544375 423.2671875 15.83125 19.1698125 0.989476561546
423.711875 301.8418125 14.04053125 16.38725 0.989409565926
682.1208125 474.16590625 17.8088125 21.59534375 0.98932415247
684.174125 173.61146875 11.6350625 14.677859375 0.98893481493
349.59359375 450.66471875 16.81878125 18.14896875 0.98857820034
714.3049375 189.199578125 12.5225 15.8845625 0.988466382027
764.746 227.329875 14.688625 18.225453125 0.988041996956
410.80928125 158.030265625 11.73953125 14.495546875 0.987189114094
787.114 327.1536875 14.313 16.474375 0.9870916605
343.0819375 397.57559375 15.0211875 18.6093125 0.987021505833
10.7287324219 415.40421875 17.1907128906 20.2060625 0.986885309219
367.606625 244.34975 13.61484375 15.73940625 0.98666536808
430.0844375 415.65975 17.18740625 18.4538125 0.986577987671
116.140273437 321.23090625 14.3736875 18.1050625 0.986452460289
140.638546875 619.7680625 21.9253125 27.4504375 0.98602771759
990.5503125 165.336703125 13.296875 16.247609375 0.985861897469
379.8419375 206.491328125 11.6898125 14.682875 0.985567808151
173.255828125 239.0245 12.086109375 14.833328125 0.984551489353
123.574914062 537.0499375 20.8968515625 27.747 0.984066963196
637.045625 237.309640625 13.2044375 16.856125 0.983358323574
279.90978125 497.93965625 22.161125 25.61734375 0.982686161995
631.97925 303.30034375 12.7906875 16.49103125 0.98245549202
107.477335938 581.9965 20.7436796875 27.6236875 0.982319176197
344.9375 288.15971875 12.5120625 14.9915625 0.9821626544
747.5225 173.406453125 13.19325 15.42475 0.981887876987
633.4936875 215.272859375 13.216625 15.710875 0.981848359108
154.879375 286.07625 14.048046875 18.009375 0.981821358204
583.696875 208.2461875 13.0855625 16.030359375 0.98154515028
962.344125 423.97321875 15.014375 18.7599375 0.981200516224
1007.07725 227.257796875 13.748875 16.8074375 0.981021285057
370.36153125 382.42590625 15.4275 17.21253125 0.980538487434
518.04684375 320.22628125 13.15009375 17.632 0.980473875999
924.9353125 334.88246875 15.170375 17.94821875 0.980272889137
758.7908125 91.818515625 10.82275 14.072203125 0.978911757469
535.9675 320.3853125 12.997375 15.600875 0.978733778
307.3253125 212.062375 14.05021875 16.81771875 0.977777123451
880.422375 234.7679375 15.332 18.8000625 0.976224899292
731.24175 234.19228125 13.7155 17.0294375 0.976074397564
11.529421875 206.339546875 12.2595605469 15.1749375 0.975982666016
150.4019375 324.98028125 13.095546875 16.33921875 0.975670397282
873.7306875 140.79921875 11.4200625 14.844171875 0.975652456284
70.1844921875 206.43121875 13.157328125 15.819875 0.975612163544
126.419960937 218.646796875 13.3496484375 16.2065 0.974991202354
809.6738125 358.64025 14.1529375 17.62875 0.974984109402
677.1400625 141.407625 11.5755625 14.503625 0.97476619482
978.7380625 436.730375 18.8563125 23.02396875 0.974141001701
229.20440625 245.47321875 12.516703125 15.238625 0.973420619965
375.44334375 425.30690625 16.7230625 18.219 0.973333775997
1013.7786875 422.3038125 10.1973125 19.82228125 0.972429454327
320.48740625 175.7699375 12.611125 15.236015625 0.972156226635
312.52515625 491.11809375 18.9834375 23.7035 0.969868600368
958.8549375 181.484953125 12.3164375 15.345109375 0.969855189323
552.2119375 179.625828125 11.8936875 14.414640625 0.969221234322
322.01925 225.30178125 13.16778125 15.11059375 0.968133449554
996.289375 642.949625 22.1803125 30.66575 0.96800327301
355.51884375 224.038375 12.03284375 14.140875 0.967023432255
822.020375 132.99590625 11.4066875 13.69721875 0.966796159744
743.1266875 73.7227265625 10.8464375 13.5895078125 0.966725170612
888.1043125 384.6175625 15.4280625 19.3499375 0.966218411922
810.57225 256.947390625 13.26475 16.294015625 0.964740097523
582.137875 243.814421875 13.1055 16.21853125 0.963533997536
267.17803125 155.28440625 11.875125 14.33271875 0.962093412876
57.4954453125 298.2939375 13.34184375 15.21259375 0.960757911205
200.14896875 295.35471875 16.37865625 18.0338125 0.958966016769
468.66653125 372.6226875 15.287 18.23521875 0.957963764668
198.03290625 253.7553125 13.945828125 18.1599375 0.957899451256
61.2185117188 491.6423125 19.0221132812 22.52996875 0.956741392612
297.44721875 385.72259375 15.863875 18.85078125 0.956207334995
482.76709375 148.416203125 10.9301875 14.3498125 0.955423533916
879.011875 536.9648125 21.25225 26.744875 0.954770505428
410.09071875 199.376578125 12.9831875 15.70003125 0.954197645187
21.6713261719 362.97596875 16.7148378906 21.3988125 0.952465116978
273.7575625 183.8599375 12.66296875 14.996203125 0.951287031174
742.8878125 108.810484375 11.524875 14.496484375 0.950187981129
185.083015625 212.10690625 11.929953125 14.784609375 0.947465240955
202.880078125 312.15090625 14.06234375 17.1459375 0.947441160679
717.2325625 90.94315625 11.3195625 13.496796875 0.946512401104
22.889875 244.187703125 13.3573007813 16.048078125 0.946447968483
269.79121875 573.046125 16.6541875 23.6519375 0.942257344723
665.76275 384.7058125 13.6914375 16.358875 0.941124200821
908.0453125 185.512390625 14.05725 17.15240625 0.93782299757
941.4248125 162.677984375 12.4955 15.5449375 0.935589551926
942.707875 226.24515625 13.5840625 16.41215625 0.9354429245
33.0205507813 163.481234375 11.603859375 14.719375 0.935067474842
20.84684375 434.882625 17.2103125 20.32128125 0.933482587337
345.09896875 342.16209375 17.0741875 19.50925 0.932406306267
71.859125 316.2333125 14.217328125 18.16503125 0.931942343712
497.7430625 370.0075 15.5399375 17.807625 0.925407409668
711.8474375 300.70028125 14.444125 17.2048125 0.924260139465
363.240125 173.129140625 11.29959375 13.40325 0.918946921825
128.054 382.75415625 16.93646875 20.02984375 0.915596306324
895.452625 294.700875 14.6879375 18.73228125 0.915140986443
457.61871875 221.945296875 12.08334375 14.31546875 0.914271652699
319.46628125 255.540484375 12.34353125 15.261171875 0.9120246768
746.2116875 191.172171875 12.088 15.2728125 0.911487400532
871.9348125 224.02625 14.0321875 17.31315625 0.909056186676
967.690875 278.89253125 14.1361875 15.64428125 0.896752357483
786.5793125 204.6206875 11.4991875 14.967421875 0.887747943401
550.7628125 90.018328125 11.039625 13.5226171875 0.88701993227
15.70421875 402.1470625 16.8118203125 20.068875 0.885952055454
455.099375 353.046125 13.6523125 17.69053125 0.885539054871
800.6574375 288.61628125 14.130625 16.89625 0.879899024963
370.904875 295.33940625 13.4260625 16.13625 0.871099591255
641.6129375 180.617140625 13.079 14.723203125 0.870535314083
473.2228125 407.757625 15.5095625 17.16053125 0.86372590065
98.371546875 215.388484375 12.8367421875 15.57090625 0.854797542095
847.962 245.5719375 14.0726875 16.05803125 0.854520559311
300.2010625 166.401359375 11.4613125 14.59203125 0.853058755398
40.1763945312 317.86825 12.5727460938 16.09053125 0.849913060665
698.9688125 142.1569375 11.14175 13.919078125 0.834821999073
701.0075625 413.96715625 17.077125 19.63634375 0.833056092262
676.995875 122.564445312 11.9306875 14.1654765625 0.808328688145
