2--Demonstration/2_Demonstration_Protesters_2_525.jpg
100
848.8848125 366.9613125 17.508125 21.70134375 0.999415278435
659.409625 483.5491875 32.303375 39.19259375 0.999391794205
232.293359375 486.524375 27.63875 30.1723125 0.999365031719
847.40825 425.69721875 27.1413125 31.752 0.999329090118
481.68346875 434.6086875 29.67509375 37.21175 0.999265491962
994.09925 459.10715625 29.87675 35.12615625 0.99917113781
764.79375 302.65278125 15.6533125 19.90215625 0.999129593372
810.3699375 227.572515625 15.112375 19.657125 0.999044716358
552.331625 484.766625 31.1640625 37.8774375 0.999037384987
758.826125 458.0531875 29.458875 34.33821875 0.998764872551
53.520328125 431.5704375 28.3273828125 36.2449375 0.998576283455
655.4441875 426.40896875 29.03675 31.7408125 0.998493909836
325.1825 414.4236875 26.34271875 30.94615625 0.998399913311
879.3118125 520.2335625 35.5793125 42.3111875 0.998389601707
762.0163125 400.40734375 25.2064375 29.1655625 0.998273849487
783.1228125 317.728125 16.25225 19.25746875 0.998090326786
298.28509375 489.32228125 30.99746875 35.2203125 0.998013973236
833.5925 340.62759375 15.1800625 18.97434375 0.9980058074
671.5929375 321.227 15.9310625 20.600625 0.997982740402
203.3244375 379.360875 23.098328125 30.98428125 0.997944891453
578.031 403.28484375 24.522125 29.39028125 0.997645437717
712.7155 308.488875 16.15775 19.42621875 0.997578918934
415.950375 514.153 29.0490625 39.329375 0.997331142426
947.8530625 431.81390625 25.8145625 29.5926875 0.997131586075
638.7013125 297.906375 14.67225 17.0659375 0.99704605341
317.71603125 325.966875 15.77075 19.68715625 0.99700564146
916.3623125 478.6109375 34.005125 37.94909375 0.996837854385
389.38503125 436.907625 22.6698125 29.7895 0.996668994427
524.291625 395.63746875 18.241875 22.41671875 0.996535658836
998.605125 398.24925 24.5326875 29.12296875 0.996290206909
468.01915625 328.62946875 16.038125 18.90278125 0.995250344276
455.29846875 270.54453125 11.19128125 13.8818125 0.995058774948
104.933132813 353.07471875 18.1811484375 20.34084375 0.994958460331
501.310625 317.9840625 13.326875 16.705375 0.994720339775
0.0806938476562 372.16096875 22.5117241211 28.8978125 0.993692040443
861.8376875 329.424 14.606625 18.2623125 0.993647873402
475.23878125 294.4696875 12.8251875 15.12721875 0.993554353714
250.23478125 370.88740625 19.92090625 23.10703125 0.993139326572
225.64465625 312.471 12.190578125 15.885625 0.992543816566
967.4253125 249.44675 15.758125 19.301125 0.992355465889
591.9729375 343.4413125 17.0623125 20.16925 0.992153465748
615.1839375 212.40578125 13.3969375 16.675625 0.991852581501
764.348125 507.8636875 25.949625 37.472125 0.991532027721
250.107734375 312.32040625 12.307328125 14.1435625 0.991062760353
918.5316875 375.62875 22.432 26.95990625 0.990462005138
597.743375 212.2124375 12.6949375 15.960078125 0.990160286427
685.23325 219.864109375 15.46925 19.6300625 0.99000787735
958.720875 235.70396875 13.971 16.349734375 0.989291727543
769.33025 219.0461875 14.0350625 17.2023125 0.989231646061
526.411875 277.03390625 12.67125 14.89684375 0.989049196243
479.55375 398.7630625 18.43734375 22.3158125 0.98894238472
718.0406875 332.908375 14.882875 18.51025 0.988826990128
780.186125 343.9420625 18.2283125 19.157875 0.987903416157
713.9718125 360.60615625 21.4265 26.86203125 0.987813472748
949.708 348.241125 23.4425625 29.38425 0.986186861992
722.1880625 224.718234375 14.25025 18.178140625 0.985227584839
386.19875 347.17703125 15.2235625 21.96659375 0.984972834587
529.1540625 555.6955 38.1869375 19.7685 0.984267890453
82.66840625 513.3341875 26.9729609375 26.9783125 0.983233869076
31.2989980469 320.7719375 13.8743574219 16.76421875 0.982581853867
81.3424609375 316.9638125 13.6878046875 17.0644375 0.98184043169
145.721875 341.34309375 13.927078125 17.498375 0.981019437313
542.7379375 289.46840625 12.3390625 14.53628125 0.980363309383
864.9389375 228.368828125 13.9956875 17.72909375 0.980154573917
309.6558125 382.2221875 22.41940625 28.7240625 0.978775918484
79.8560078125 380.62721875 19.9657421875 23.9575625 0.977999150753
644.5424375 219.055890625 12.706625 16.582375 0.968730688095
360.63153125 305.94840625 14.5944375 17.83078125 0.967510581017
990.81725 381.43625 19.275875 21.27840625 0.96499556303
412.3663125 313.6743125 13.0505 15.0008125 0.964458882809
265.4779375 288.0083125 11.86775 14.471625 0.956941783428
295.218375 312.96496875 14.370375 19.09790625 0.954680681229
885.838125 330.4595 13.0789375 18.09515625 0.947153508663
123.879585937 301.38678125 13.1298046875 14.9508125 0.942025482655
844.3666875 398.22103125 18.3541875 21.208125 0.939626932144
242.58565625 294.07853125 12.267765625 14.479375 0.938669860363
1005.1373125 239.337671875 18.0968125 22.243 0.933147132397
995.1700625 226.296453125 13.8908125 17.7265625 0.931601941586
663.83275 309.6516875 13.5969375 16.88034375 0.925265312195
60.6488984375 344.7385 16.582953125 19.37353125 0.9226552248
776.0991875 235.209984375 14.1293125 17.147296875 0.922338843346
795.5385 364.80928125 19.7003125 21.19715625 0.917705893517
560.519125 327.99728125 12.5289375 16.27553125 0.915890097618
370.87784375 293.42071875 12.56725 15.0256875 0.911606132984
20.865921875 336.2966875 13.1268007813 16.280375 0.911364972591
168.140859375 287.81921875 10.912765625 13.64446875 0.905881345272
823.3924375 180.4055 12.3019375 14.637546875 0.904573559761
560.0873125 207.85915625 11.4104375 13.643875 0.90321457386
419.0774375 335.15134375 16.484 18.95778125 0.901416897774
632.2653125 226.878984375 12.3346875 15.566796875 0.901175379753
501.2991875 284.025375 13.08709375 15.60859375 0.885339736938
454.95309375 309.36884375 12.82859375 15.91734375 0.883383870125
533.2123125 333.8615 16.3205 19.7415 0.868880331516
367.45809375 323.7449375 15.44534375 17.850625 0.861599028111
183.562921875 337.6546875 14.606375 18.11240625 0.860597610474
211.1379375 352.577625 16.673203125 18.64096875 0.855292618275
214.866234375 298.53121875 11.7413125 14.18821875 0.851985991001
889.5478125 238.755625 12.5431875 15.1248125 0.839815318584
122.704257813 320.17940625 12.8419140625 15.4385625 0.835350632668
564.0926875 303.31028125 12.22625 15.19309375 0.811114966869
