2--Demonstration/2_Demonstration_Political_Rally_2_746.jpg
12
582.788760986 90.5685794067 73.1013000488 83.2399594116 0.999112904072
584.532889404 367.659243164 66.2892468262 76.2715344238 0.999054849148
354.970964355 2330.38640137 89.5594165039 96.8615966797 0.998726546764
509.035628662 355.95307251 65.9488598633 77.9772155762 0.998703122139
169.635371704 2370.02311035 86.5017425537 106.803847656 0.998259603977
851.227304688 2260.0854248 59.1473266602 74.3601074219 0.997528970242
780.850493164 1348.04968262 69.9520678711 97.8999755859 0.997509479523
57.4796459961 2337.00205566 39.9455569458 53.3256689453 0.995395123959
966.191516113 126.123416748 39.7827709961 53.1103112793 0.983569562435
594.500456543 2298.2136084 29.8649279785 36.5758300781 0.958993971348
201.518731689 2253.35881836 39.4995440674 56.952578125 0.956750631332
131.070900574 2309.83966797 43.027260437 47.3263818359 0.828660786152
