2--Demonstration/2_Demonstration_Political_Rally_2_171.jpg
11
101.991398437 623.6525 46.9110546875 59.4646875 0.998656630516
850.5068125 655.3504375 54.9156875 85.8378125 0.997852802277
41.6123515625 709.7575 44.0648203125 58.2185 0.99719786644
617.029125 661.821375 55.8851875 94.9469375 0.996179223061
404.6495 703.0530625 46.86653125 64.9229375 0.993170022964
125.495617188 569.77875 17.3319765625 21.618125 0.988409399986
149.306125 711.264125 31.4246875 52.5131875 0.98687171936
445.0456875 650.3078125 28.4781875 49.0203125 0.984613060951
948.20625 621.781125 19.3559375 21.6689375 0.984489560127
735.9258125 726.06775 47.4775625 41.90825 0.97140198946
1006.06825 628.8276875 17.1533125 21.5419375 0.871707499027
