2--Demonstration/2_Demonstration_Demonstration_Or_Protest_2_665.jpg
10
473.54432724 431.874556427 218.788071442 305.009114532 0.998359382153
794.179932861 569.652549896 66.0359686279 93.8261042786 0.998289644718
382.748260345 558.894343719 118.437388 147.692381744 0.992934882641
170.395667648 460.373804169 32.9446045685 49.7674520874 0.97797113657
717.23658783 604.563170013 42.6138101196 61.9579121399 0.967626750469
841.354006958 607.429416656 41.6592376709 54.6286026001 0.9621784091
166.088156509 388.644090881 33.2547398376 56.8300788879 0.961419939995
768.687228699 468.29394165 15.1695953369 21.1734742737 0.950428545475
840.981172791 485.104636688 61.8685568237 116.162206421 0.944225490093
328.593129272 579.442193451 41.0588853455 53.1856782532 0.811892271042
