2--Demonstration/2_Demonstration_Demonstration_Or_Protest_2_117.jpg
33
801.9763125 457.0706875 33.57675 33.31184375 0.999420166016
437.0475625 427.5075625 26.9086875 32.25740625 0.999345600605
14.5399824219 525.0035625 27.4794394531 33.5158125 0.999313235283
697.9369375 450.45871875 33.2933125 45.41878125 0.999208152294
935.5780625 471.352125 34.1788125 40.93859375 0.999187767506
608.8650625 454.656875 30.3595 39.94275 0.998945295811
661.2073125 415.60196875 29.3319375 41.2218125 0.9986743927
596.4926875 429.37165625 26.089625 35.5298125 0.998629570007
164.41515625 418.2 23.29653125 27.703375 0.998557627201
515.101625 437.74821875 26.392 37.129125 0.998331844807
625.7906875 411.05796875 23.9668125 30.85046875 0.99817276001
370.590375 420.544875 26.5079375 33.88378125 0.99796462059
281.28471875 437.9825 23.38815625 31.201125 0.997160196304
912.1726875 608.3280625 33.9805 43.7288125 0.996822953224
62.0424023437 413.025625 22.5851914063 30.20353125 0.99677926302
779.9876875 528.4411875 28.0884375 30.7475 0.996240258217
371.42309375 367.900125 15.08721875 17.81340625 0.992972075939
225.660390625 412.8180625 23.888546875 31.507625 0.991860568523
990.6465 264.40375 18.097875 23.17240625 0.991642713547
199.244546875 366.1768125 14.409421875 16.9739375 0.989741325378
881.7715 491.7593125 35.5498125 43.2135 0.989693582058
969.97425 431.10140625 28.831 36.4013125 0.98818397522
128.597875 427.37509375 21.901171875 28.02821875 0.98781311512
172.8421875 387.266625 19.22303125 23.25515625 0.985923886299
276.61596875 336.19821875 13.88084375 15.56840625 0.973188996315
138.783640625 344.3568125 14.784625 17.6585 0.972263097763
363.37628125 346.641125 12.88921875 14.8260625 0.938941001892
434.7993125 330.98075 11.86634375 14.5978125 0.924097120762
184.311578125 343.04853125 13.4746875 16.64478125 0.916516602039
338.1 405.89459375 22.70253125 28.86778125 0.91478151083
431.76778125 402.81559375 23.3385 29.25334375 0.860342144966
297.74559375 351.8786875 12.62921875 15.96509375 0.820546209812
495.8145625 327.92034375 11.61396875 14.535125 0.81858342886
