2--Demonstration/2_Demonstration_Demonstration_Or_Protest_2_32.jpg
18
524.74410791 1150.53344019 61.4790410156 91.9680379028 0.999427735806
242.133712158 1240.38289874 85.621160202 116.533374451 0.998859643936
455.775621185 1064.8938222 49.9462684021 66.2135613403 0.99827003479
726.823662476 1103.92862115 61.3648198853 71.6729626465 0.997798621655
428.224948212 1031.48384827 33.9013002319 46.007399231 0.996788978577
627.476754639 1062.68783759 30.5981893921 40.4629396362 0.995118141174
289.533428131 1078.23339209 41.8839996643 62.9143053589 0.9951171875
516.635622772 1060.391599 30.9011728821 40.0855825195 0.994435429573
48.8403383598 1045.41497131 43.2339176521 54.5301559448 0.993972599506
529.410204498 1111.390789 39.3980769043 54.4585896606 0.993566215038
169.713796822 1089.24253247 51.655049614 67.9496722412 0.991706490517
703.303495361 1100.76562604 39.0544916992 60.0741965332 0.99097943306
311.001385956 1094.49150879 56.7678174438 81.9408807983 0.987474739552
270.252809143 1056.55065161 39.9597549133 54.4800427856 0.977959394455
334.845193573 1033.36870642 31.9056567993 37.300866333 0.974000692368
865.74781488 1105.57447809 33.6055655518 37.9642371826 0.96874910593
894.914343933 1021.68907208 26.9789801636 29.9241757813 0.856944024563
0.0 1255.28318347 54.4216123505 115.363089722 0.851892888546
