2--Demonstration/2_Demonstration_Demonstration_Or_Protest_2_619.jpg
21
909.259125 117.838226562 14.9610625 21.7556796875 0.998507559299
647.2265625 137.884265625 13.151625 19.79284375 0.996432423592
989.011125 194.524890625 16.397375 18.8823125 0.995270192623
854.2655625 102.18328125 14.421 18.274265625 0.995179653168
417.79709375 114.937882813 12.50753125 15.5435625 0.993791520596
621.434375 114.461429688 14.3140625 17.9231484375 0.991411209106
552.2588125 113.387789063 13.0595 16.2171171875 0.989155709743
499.9429375 112.727828125 13.01925 15.838921875 0.9859547019
526.25175 126.038632812 13.638625 16.7827421875 0.971528232098
417.37834375 393.0876875 17.8701875 20.49396875 0.970755815506
757.296 115.11334375 12.40325 16.8479375 0.968370556831
818.6169375 139.473390625 15.305375 19.917546875 0.968356251717
494.06084375 132.759484375 13.51315625 16.666921875 0.943411767483
677.9328125 96.9435390625 13.5395625 16.515515625 0.925672411919
944.554 225.225875 16.5143125 19.364578125 0.917455732822
452.78934375 114.140351563 13.0291875 15.122328125 0.910036981106
572.2983125 129.171992187 14.5363125 16.4599765625 0.906799614429
734.0143125 48.6992734375 11.36075 14.7260039062 0.890416145325
981.4594375 254.348734375 17.693875 22.003671875 0.859638810158
893.747875 186.870796875 14.50725 19.75653125 0.815815329552
805.9389375 84.655046875 14.12825 17.471828125 0.803397774696
