2--Demonstration/2_Demonstration_Protesters_2_131.jpg
24
306.5713125 556.18275 13.10540625 17.53275 0.998274207115
87.10746875 586.240125 19.933328125 21.139625 0.9962002635
124.062148437 615.8900625 21.9579609375 27.6139375 0.993633389473
185.0775625 589.1778125 17.11540625 20.62775 0.993248820305
478.73215625 561.9793125 15.1095 19.5303125 0.992277145386
409.24778125 541.6004375 11.705875 15.0354375 0.990970849991
129.84509375 583.8306875 15.959625 21.24125 0.990410804749
189.144125 562.6488125 13.723359375 16.38225 0.988859415054
211.4788125 618.0011875 18.875765625 24.8084375 0.98464268446
296.66040625 629.003625 18.24078125 21.2615 0.983070015907
955.83075 557.4764375 17.2514375 20.1733125 0.980434119701
975.9021875 569.5885625 22.2155625 29.1023125 0.979607462883
866.262 569.4799375 18.91625 22.697875 0.976586461067
264.3726875 662.0165625 28.4028125 20.9674375 0.975574493408
459.561875 616.317625 21.85378125 28.10425 0.97520762682
265.40659375 585.5303125 15.17046875 18.818875 0.966578364372
936.124 525.269625 11.30425 13.971 0.961717188358
33.0390390625 597.472125 23.2120859375 28.2441875 0.942416548729
360.72540625 559.85525 12.3369375 14.2194375 0.92917984724
45.6273554687 571.6803125 19.0978164063 19.572 0.927833855152
822.6809375 515.587375 12.5021875 14.95125 0.926059663296
885.721125 612.3136875 14.8105625 23.5316875 0.903419435024
316.5969375 595.7096875 17.32596875 20.674875 0.843514144421
893.1344375 558.1061875 15.611625 18.3143125 0.822921693325
