2--Demonstration/2_Demonstration_Demonstration_Or_Protest_2_914.jpg
14
911.4275625 349.81396875 16.0409375 22.58534375 0.998632967472
257.224515625 33.6880703125 39.143828125 49.8443046875 0.997757256031
606.2716875 302.9434375 13.771 17.72134375 0.997307300568
901.8545625 108.474226562 14.780875 18.42190625 0.996454715729
376.5443125 319.30903125 13.2329375 17.9058125 0.995928227901
50.8918632812 336.2349375 15.8914414063 21.35540625 0.994653820992
833.157125 352.82375 17.1339375 19.8665 0.992976725101
778.17275 357.91884375 15.1470625 18.59996875 0.992900490761
513.38103125 328.43659375 11.366125 14.33490625 0.984782993793
76.75584375 71.7988203125 23.69321875 28.1377890625 0.984059691429
103.146796875 362.4738125 12.352625 14.833125 0.970150828362
184.75375 342.0531875 12.605890625 15.223 0.966852962971
386.87059375 302.77934375 11.700875 14.43909375 0.920561671257
166.07834375 56.7987421875 20.820109375 34.9511484375 0.850067913532
