36--Football/36_Football_Football_36_110.jpg
14
504.724 335.925 35.7817 42.7561 0.999133
602.821 140.856 33.1011 40.3906 0.998957
79.427 158.947 33.2781 41.657 0.998907
504.951 145.545 32.8111 40.7346 0.99874
398.637 153.245 32.6792 39.5335 0.998317
382.132 307.06 36.3514 46.9383 0.998316
220.696 313.471 38.6169 46.2803 0.998309
714.787 121.236 31.8829 43.0985 0.997985
813.552 159.575 33.7904 41.5293 0.997857
781.621 273.433 37.0822 45.1928 0.99735
182.891 155.951 33.3257 39.6092 0.997119
130.508 317.414 37.5404 45.8715 0.996401
636.34 294.947 36.7441 45.0485 0.995214
289.715 160.798 34.0211 44.8772 0.99472
