36--Football/36_Football_americanfootball_ball_36_487.jpg
80
82.1049 256.884 12.7486 15.119 0.997976
870.99 231.151 11.7419 14.9088 0.997485
584.953 220.795 11.7214 14.318 0.996123
296.943 182.871 11.1941 14.9739 0.993829
56.5651 303.329 15.438 21.2165 0.993164
70.6138 195.823 12.2316 15.2731 0.993065
553.599 222.537 11.6145 13.6062 0.992979
168.246 238.962 13.2848 16.2029 0.992871
320.616 255.794 12.0779 14.4335 0.991715
607.454 244.955 12.6538 14.2654 0.989062
655.761 181.003 11.07 14.3199 0.988547
94.428 91.6423 11.5498 14.6291 0.988221
88.6432 222.299 12.1307 14.7303 0.986682
525.412 246.497 12.8329 14.4868 0.985902
204.381 231.539 12.0568 15.1746 0.985589
56.7807 155.947 12.7803 15.3516 0.985402
139.973 247.849 13.0658 15.8184 0.983946
114.68 50.6981 11.2553 14.7089 0.983927
837.106 42.6779 11.0561 13.6493 0.983598
47.405 254.586 12.6688 16.2214 0.982077
356.307 181.371 12.0276 14.7279 0.981292
223.77 252.358 12.8237 16.7359 0.980824
379.607 67.6879 11.1372 13.1319 0.980721
28.1613 235.976 12.5763 15.7591 0.979286
960.326 174.106 11.6119 13.7088 0.978792
885.021 163.982 11.5556 14.2024 0.977904
275.153 197.961 12.9884 16.1438 0.977802
532.903 196.551 12.0264 15.1481 0.974389
8.93783 35.7324 12.509 14.4907 0.973695
98.3795 245.552 13.1243 14.9012 0.972779
11.6548 145.234 12.8032 15.7661 0.972364
85.6326 106.788 12.3445 14.8275 0.971727
976.481 101.729 11.4967 14.7078 0.971584
862.626 108.053 11.0188 13.9369 0.970187
277.252 163.524 11.8323 14.9901 0.967073
774.521 244.658 11.9548 14.4272 0.966853
673.336 239.34 10.967 13.9664 0.966123
430.085 188.493 11.1319 14.2109 0.966102
11.1026 67.3979 12.3593 14.8173 0.964063
916.282 164.95 12.0019 14.5738 0.962209
811.014 332.624 21.9233 29.2203 0.961709
843.532 211.903 12.254 14.468 0.954844
651.083 146.714 12.568 14.3428 0.951997
66.8102 223.085 11.9633 15.5366 0.951782
370.021 100.259 11.8944 13.4414 0.951536
231.857 235.397 13.1121 15.0662 0.9489
360.177 271.681 11.9452 14.5329 0.946325
921.03 183.172 10.9574 13.4741 0.940298
795.908 329.697 17.6698 23.7416 0.938533
417.958 254.461 11.7543 14.0215 0.936963
101.061 157.119 12.8958 15.0753 0.936844
452.005 57.4214 11.4373 13.8102 0.93151
319.84 182.272 12.2945 14.9002 0.928499
544.578 197.108 11.6806 14.3177 0.925748
147.336 166.968 12.7708 15.4548 0.921143
860.015 148.216 11.2215 14.1283 0.919497
99.7889 200.061 11.9808 14.0309 0.907634
877.721 125.034 11.1791 13.7863 0.9005
748.578 248.331 12.0726 13.8161 0.89345
41.2971 133.479 11.8433 15.31 0.891955
127.947 139.917 11.7897 13.2167 0.889661
41.0375 58.3542 11.7144 14.3875 0.881914
419.794 107.906 11.5484 14.7914 0.87484
514.808 197.155 12.6171 15.6579 0.873299
897.413 90.1874 11.7495 13.5786 0.871862
795.495 51.6793 11.4236 13.8325 0.87162
111.542 89.4211 12.9486 14.9508 0.857188
426.266 140.826 11.3333 14.2594 0.855287
883.721 43.4147 12.8431 15.4583 0.845394
57.185 51.5661 13.4308 15.518 0.841957
83.104 31.9165 12.3329 14.3756 0.841205
685.649 182.579 11.6316 14.2271 0.838523
412.588 232.223 11.4607 13.7341 0.837562
896.412 224.088 12.9136 15.0674 0.834468
17.8493 307.157 13.6182 19.7517 0.831596
167.213 116.162 13.9021 16.5684 0.828668
975.247 146.419 12.0149 14.4049 0.824007
505.017 99.015 11.4947 14.0943 0.823686
193.216 174.153 12.1918 14.7057 0.820372
937.494 224.258 12.119 13.8153 0.815522
