50--Celebration_Or_Party/50_Celebration_Or_Party_houseparty_50_609.jpg
13
215.533 350.205 65.9671 81.1264 0.998697
284.282 241.751 48.1537 60.9518 0.998141
144.262 260.217 38.6557 46.5881 0.990274
413.368 233.994 25.7698 38.5832 0.988108
128.385 237.446 28.1275 36.6702 0.983419
212.673 214.398 33.5019 45.1077 0.983088
843.435 193.384 22.6477 30.033 0.949138
799.36 210.759 23.2417 31.8148 0.925148
473.392 180.053 26.4795 35.3929 0.919636
993.366 251.461 45.592 59.6378 0.90074
373.552 366.215 119.31 154.103 0.857926
307.486 318.881 48.1812 76.6022 0.852235
86.4235 224.862 22.5072 33.7606 0.836792
