50--Celebration_Or_Party/50_Celebration_Or_Party_houseparty_50_432.jpg
19
716.69 36.3226 61.6394 83.3672 0.999318
567.136 828.182 30.8545 39.155 0.996329
628.637 827.061 30.3634 39.6224 0.995864
335.331 284.882 31.66 44.2117 0.995786
720.367 842.281 36.3098 45.1852 0.990415
415.723 64.6625 26.1841 35.9482 0.98608
630.019 76.7501 37.4147 48.0347 0.984547
402.635 603.46 25.3558 31.1804 0.981403
311.526 60.5202 25.969 41.1736 0.979954
249.126 612.234 27.6374 39.179 0.979245
511.44 842.256 37.3129 45.4884 0.97601
617.391 278.666 22.2242 30.482 0.975383
495.604 68.6487 42.9017 65.3453 0.970616
469.722 320.1 24.1642 34.44 0.969249
312.56 614.412 25.9658 31.8236 0.963263
538.089 289.173 21.9308 31.3865 0.962624
693.39 272.558 24.7567 31.0577 0.908417
568.309 87.4722 21.9193 33.8815 0.888402
374.497 55.1604 21.2881 28.4196 0.806172
