21--Festival/21_Festival_Festival_21_378.jpg
24
913.2978125 230.27753125 11.6201875 14.902859375 0.998569011688
89.0076796875 269.56984375 14.254828125 18.63271875 0.99360704422
46.0677421875 213.818796875 10.6650117187 13.308421875 0.99107670784
234.309984375 222.64925 10.7630625 13.795734375 0.989474356174
191.86684375 211.921234375 11.935484375 14.29865625 0.983281314373
742.7764375 213.93925 12.8486875 15.97328125 0.982431709766
872.367875 224.700484375 11.698625 14.663265625 0.978929102421
635.79525 240.802140625 22.564625 27.952890625 0.973374545574
820.1604375 219.59321875 12.7353125 15.681375 0.963062345982
281.817625 204.85925 12.54528125 15.1449375 0.954122960567
779.605 215.77209375 11.559 14.200765625 0.949676990509
896.8409375 223.983953125 11.551375 14.13325 0.936456739902
29.0672421875 208.2001875 12.1350625 14.52915625 0.919438779354
126.537195313 230.42878125 11.1890078125 14.324234375 0.915857672691
445.4248125 212.17078125 12.14703125 14.12853125 0.914515376091
837.073375 272.64090625 12.5126875 14.032 0.905934691429
626.6413125 220.556046875 12.753 14.539734375 0.897151052952
899.1945 276.61946875 18.5941875 21.2161875 0.893550932407
717.06375 216.0703125 13.18125 15.23146875 0.887806952
478.35403125 215.003359375 12.487875 14.377109375 0.88626152277
967.9521875 216.02134375 13.403625 14.647640625 0.880868375301
680.7455625 222.98984375 11.0528125 13.613484375 0.868441641331
335.7285 206.178546875 11.3680625 13.242390625 0.850169241428
858.4400625 220.480484375 11.229375 14.3529375 0.823691308498
