21--Festival/21_Festival_Festival_21_585.jpg
13
113.839953125 284.8876875 17.82878125 21.83671875 0.997659683228
121.333046875 331.7436875 23.706046875 29.64640625 0.996461808681
180.604390625 337.3553125 22.36878125 28.57334375 0.970552444458
213.614421875 290.61115625 15.950421875 20.57428125 0.970392882824
15.9429121094 302.0293125 17.7592441406 19.0585625 0.966864109039
25.8265253906 258.58046875 15.9860917969 19.25934375 0.963337481022
202.0743125 317.1909375 17.307234375 22.16634375 0.93673312664
57.6854570313 350.85671875 19.8625664063 22.55384375 0.931754767895
131.010570312 280.50159375 16.6822734375 21.3560625 0.927657186985
50.0966640625 205.681375 11.4744570313 13.981984375 0.866353690624
265.5924375 261.476328125 13.0531875 17.135546875 0.835270822048
17.9060898437 326.13903125 18.7553007813 21.091875 0.829093277454
198.9485 245.324453125 13.41640625 17.863140625 0.820485591888
