21--Festival/21_Festival_Festival_21_604.jpg
13
9.03347167969 544.9653125 17.9818349609 21.2310625 0.999096751213
55.9445 560.9155 16.8211640625 22.2535625 0.993014574051
71.132828125 591.877625 18.0155078125 22.7978125 0.990041971207
26.2656503906 496.78896875 13.3161074219 17.25615625 0.989816188812
205.197203125 624.4131875 25.654890625 28.1406875 0.987384080887
8.74056054688 476.2839375 11.9721464844 16.4595625 0.964087367058
730.6255625 586.09175 16.3403125 21.0715625 0.961122632027
100.7410625 537.549125 13.3374140625 18.11475 0.952027142048
163.592640625 626.1474375 23.03028125 27.0244375 0.94951748848
134.4515 587.59975 14.09734375 19.5735 0.941567659378
762.4674375 554.3245 15.87825 23.0181875 0.901828527451
893.0171875 659.2816875 18.6625 18.98675 0.897056460381
959.8649375 641.2156875 14.3318125 23.9635625 0.847423493862
