21--Festival/21_Festival_Festival_21_331.jpg
14
262.80725 271.210375 33.3985625 40.6114375 0.999505519867
742.071125 222.95921875 60.2278125 74.03790625 0.999405860901
236.508421875 277.94459375 29.163546875 35.03828125 0.998344302177
351.05303125 292.61640625 46.689375 59.68784375 0.998335540295
518.56234375 294.42503125 32.77728125 37.68390625 0.998256146908
141.16775 316.28640625 25.945578125 30.85553125 0.996801614761
989.8773125 265.86271875 34.0986875 43.3045625 0.996605396271
150.870671875 405.3936875 88.73659375 104.32175 0.996181488037
162.480109375 281.70046875 19.315234375 24.6975 0.996080219746
59.8485 366.5293125 38.65059375 45.43840625 0.99493521452
660.4235 274.11128125 50.9773125 55.77296875 0.994885623455
461.2094375 270.11859375 12.39559375 14.889875 0.970167517662
873.09425 239.523453125 36.4240625 43.426703125 0.967213153839
303.3288125 393.02128125 37.84109375 42.2810625 0.923425495625
