3--Riot/3_Riot_Riot_3_958.jpg
15
136.113 3.04316 27.7674 34.8347 0.995805
234.63 11.3876 28.3811 36.6713 0.994994
520.744 43.665 27.7927 36.6307 0.991393
54.6258 23.2903 25.8101 33.2398 0.990273
107.665 28.0189 27.4272 35.8075 0.976466
14.3411 7.78549 36.1524 47.073 0.975818
406.287 25.8518 32.6122 46.6206 0.973982
373.8 33.4237 24.9728 31.3126 0.960671
664.284 55.6624 24.0288 31.5358 0.956308
866.371 20.8001 34.3749 37.3079 0.949364
64.1128 1.68392 32.0825 36.2187 0.944674
922.112 73.8035 27.7976 34.7714 0.925716
569.669 109.821 50.7856 67.8602 0.910585
774.635 38.7962 28.4698 36.3691 0.881757
496.58 32.9465 22.8827 30.5149 0.8063
