3--Riot/3_Riot_Riot_3_26.jpg
40
250.973 229.085 32.6539 40.4663 0.997442
203.834 209.206 31.9289 36.7558 0.997117
230.624 358.159 36.6102 46.7187 0.996627
658.052 62.5962 26.5897 34.3046 0.995547
295.928 51.8711 25.8741 31.7319 0.995076
358.311 72.9885 27.4109 31.6029 0.993853
935.558 162.497 30.5786 37.9188 0.99284
845.477 34.4104 28.2655 33.5432 0.992668
358.024 223.961 31.5784 35.8688 0.990338
674.533 228.338 30.5055 34.3855 0.988394
191.864 45.0818 24.6571 30.6243 0.988245
897.319 155.686 29.079 36.1317 0.98785
789.543 63.1564 26.2177 32.1824 0.98495
816.26 9.21115 26.3735 33.9332 0.984595
249.582 94.3381 24.9167 28.9214 0.983576
985.06 187.723 35.8112 40.9901 0.982174
854.21 387.284 28.3411 41.4008 0.980182
422.211 372.248 32.7447 41.4818 0.978423
717.536 394.776 31.1224 42.2045 0.977868
643.786 209.09 26.7089 32.0355 0.970407
1001.04 42.4278 25.2347 31.277 0.970188
276.009 352.668 32.0104 44.0386 0.96759
939.126 -6.11237 27.7064 34.7722 0.964855
557.182 238.632 28.6935 31.8458 0.960798
673.49 352.982 35.1705 39.5807 0.959997
757.297 34.4347 28.2185 34.2131 0.95967
337.539 422.292 28.2561 40.0508 0.954365
255.96 331.345 32.4398 37.7026 0.935396
466.67 210.934 28.7933 31.3537 0.930355
327.196 357.754 30.8588 42.2459 0.915253
414.229 349.164 33.6021 42.587 0.915111
463.417 76.1926 26.2643 29.2955 0.909536
943.33 410.731 26.7194 37.3601 0.908716
14.134 99.937 27.4997 29.793 0.904614
895.004 47.3233 24.5236 29.0791 0.904506
644.631 -9.22458 27.2867 32.0858 0.897949
972.507 12.8492 27.1454 32.4028 0.86718
52.066 195.237 27.2828 33.4281 0.828004
536.448 96.4524 22.9244 27.2577 0.823319
725.519 356.773 30.4185 38.2474 0.808628
