37--Soccer/37_Soccer_soccer_ball_37_907.jpg
14
166.8203125 50.6729774475 35.3471832275 44.3382987976 0.996541678905
190.887191772 273.66293335 35.7703704834 47.8452148438 0.995047092438
674.448364258 88.2604827881 37.4588012695 49.2739257812 0.994812607765
423.313476562 109.986701965 36.2112121582 45.6587600708 0.994128227234
42.9078369141 60.1762619019 35.3335647583 47.1097259521 0.992559313774
12.8421173096 295.035583496 35.0947875977 47.5976867676 0.992506563663
256.620361328 72.4801254272 35.9156799316 47.4364089966 0.992298543453
541.918457031 81.6673202515 36.7611694336 47.8461532593 0.991674244404
335.204101562 111.947067261 32.8056640625 39.482421875 0.984368801117
126.168716431 176.995788574 38.7765960693 49.3624267578 0.983709335327
147.095626831 304.894073486 34.7002563477 44.8700866699 0.966543495655
912.235839844 172.959442139 38.3284912109 46.2557220459 0.952383458614
917.83380127 66.8585662842 28.8645019531 44.4272537231 0.947699248791
1000.14831543 80.1900100708 23.8516845703 41.4926376343 0.914065539837
