37--Soccer/37_Soccer_soccer_ball_37_583.jpg
11
184.226242065 70.5997619629 47.2822265625 60.7562103271 0.995914518833
403.991088867 79.3596878052 44.0643310547 56.5034255981 0.995629072189
285.696624756 286.658233643 44.2087097168 57.6910705566 0.99388229847
668.753417969 256.073425293 42.1248168945 53.8545532227 0.990661919117
795.396057129 250.669342041 45.0841674805 55.3081970215 0.990539312363
795.091552734 97.5286407471 44.7281494141 55.3690032959 0.989383518696
668.996337891 90.4797668457 38.1282958984 48.6263275146 0.989330232143
268.825317383 95.5492630005 42.6463317871 55.3282241821 0.986681342125
414.895385742 264.192779541 44.7822875977 56.864074707 0.982181847095
564.710144043 105.165100098 37.9908447266 47.7518157959 0.978099167347
526.307189941 271.978027344 42.0854492188 53.4905090332 0.954586327076
