37--Soccer/37_Soccer_soccer_ball_37_269.jpg
22
100.968276978 134.475708008 28.5802764893 36.3804168701 0.996378958225
174.823394775 122.47000885 28.5374603271 37.353553772 0.996254920959
896.714477539 230.45866394 29.8848876953 36.9892120361 0.995179176331
324.872344971 232.803985596 31.6365356445 41.3890380859 0.994959354401
164.692382812 250.525283813 32.923614502 43.7448272705 0.994834303856
242.098800659 246.178482056 29.8064117432 37.0741424561 0.993638575077
549.033691406 138.933654785 26.9859619141 36.4152526855 0.99325209856
266.920227051 136.39831543 29.7661437988 37.1837005615 0.992929279804
619.593078613 135.851470947 27.9927368164 34.4969940186 0.991889178753
410.674346924 267.643554688 32.3141784668 38.9180908203 0.991335630417
687.993347168 144.266525269 27.5142822266 34.2084503174 0.990713834763
595.418945312 249.454071045 28.8969116211 36.3145141602 0.989884018898
832.289245605 243.301025391 31.1423950195 35.7264099121 0.989766776562
833.836303711 144.078308105 25.7319946289 32.8088989258 0.989265322685
404.36328125 124.854705811 28.9331970215 35.3694610596 0.988853573799
740.854675293 235.72088623 29.5648803711 38.1977844238 0.987852334976
508.757995605 241.442642212 33.9009399414 39.2402496338 0.987286746502
663.504333496 227.463180542 29.51953125 38.7339630127 0.985768735409
909.340942383 130.487197876 30.1841430664 37.4394836426 0.981863975525
336.74508667 134.454727173 25.538269043 30.9457244873 0.979407429695
767.957458496 156.176300049 24.6228027344 29.0361480713 0.97498768568
493.369750977 123.658027649 26.3159790039 35.2723770142 0.925784230232
