37--Soccer/37_Soccer_soccer_ball_37_851.jpg
14
270.402435303 239.070846558 60.4705810547 71.5953216553 0.99926251173
527.231262207 274.751617432 55.0540771484 76.761932373 0.999117672443
377.403778076 279.550598145 59.330291748 72.3049926758 0.999093770981
228.087768555 109.355674744 51.8507995605 65.109336853 0.998814582825
725.512268066 209.452819824 51.2954711914 66.3449401855 0.99879348278
843.729614258 201.731643677 56.063293457 71.0664825439 0.998096168041
630.733642578 247.511199951 56.2569580078 71.8387145996 0.997950136662
364.637786865 73.6637496948 50.1629333496 64.4347000122 0.997822642326
772.340637207 128.413101196 44.8027954102 57.7469329834 0.997350215912
489.946838379 94.2524108887 51.9353637695 60.7765350342 0.997223496437
825.032287598 92.7890319824 42.3692016602 57.9599761963 0.996771395206
645.337463379 145.438735962 44.428527832 57.211151123 0.996668159962
121.644104004 234.53074646 60.5735778809 86.7198638916 0.99330753088
869.968933105 123.256637573 42.9767456055 57.6663818359 0.983180820942
