32--Worker_Laborer/32_Worker_Laborer_Worker_Laborer_32_932.jpg
12
685.257657776 776.60141571 53.1070886841 65.8652483521 0.998460292816
854.433480469 782.273838623 49.9851181641 70.6383220825 0.997980058193
520.154047913 812.213335083 56.4676620483 76.5698372803 0.997480332851
276.127196167 91.5349948349 79.9364100342 108.361410149 0.997348070145
955.719447266 779.319444275 54.4504943848 74.3200661621 0.99718272686
807.061994751 796.231367798 68.7619875488 90.4559838867 0.997019708157
278.143499512 853.013150391 72.6887660217 102.287492065 0.996743142605
370.514271606 771.675916809 47.67047229 56.0668723145 0.996632874012
360.624303192 822.636817017 59.4440456848 77.7859847412 0.993741929531
241.955689575 788.70081189 55.3111017456 68.6997565918 0.993078768253
105.319583977 781.398537842 59.453305336 76.3860932617 0.988729655743
649.053374939 928.075073242 53.9117695313 71.3518935547 0.982662796974
