32--Worker_Laborer/32_Worker_Laborer_Worker_Laborer_32_516.jpg
21
49.5397265625 24.43953125 70.014390625 91.227890625 0.999503493309
965.555 53.8433398438 58.421 83.6679726563 0.998696506023
226.435265625 130.355445312 30.068890625 36.4247265625 0.998592436314
256.43803125 112.765734375 34.8376875 45.04753125 0.99846881628
845.7670625 119.622351563 29.3178125 33.1431953125 0.998212695122
369.23575 147.9078125 17.55678125 21.994625 0.998122274876
519.2083125 100.4975 39.22775 49.64890625 0.997748315334
419.1011875 124.485851563 30.09815625 38.0081015625 0.997557401657
481.6223125 339.52834375 33.80865625 35.1480625 0.997167766094
879.2093125 145.8101875 35.5949375 42.292515625 0.996981322765
296.8346875 120.109601563 44.77953125 58.7485703125 0.99685126543
757.14 98.6790546875 42.5965 54.5290234375 0.996367692947
344.3584375 309.168375 45.40171875 43.9733125 0.993927598
673.287375 321.0791875 45.201375 42.21075 0.993716299534
575.046625 353.6005 40.1008125 39.3353125 0.993621408939
278.60046875 311.58640625 44.66565625 43.49253125 0.990040719509
727.7020625 143.049359375 27.92125 33.3345 0.98657554388
764.455 326.4286875 55.8790625 56.45771875 0.986507534981
592.3066875 126.338664063 26.4796875 31.1254453125 0.950835585594
674.064625 156.013171875 22.7248125 29.467421875 0.926113963127
212.764734375 147.389359375 14.921875 20.435171875 0.833806574345
