58--Hockey/58_Hockey_icehockey_puck_58_835.jpg
24
769.479375 256.567078125 31.5790625 43.350484375 0.999129712582
356.04559375 178.95371875 31.0101875 37.497203125 0.998919010162
551.605625 185.093015625 30.3516875 35.43628125 0.998841583729
676.2130625 249.881828125 31.6401875 41.241703125 0.998666644096
443.20771875 239.051484375 33.8981875 39.805859375 0.998524606228
598.396 246.589625 32.790375 37.49 0.998166263103
51.341453125 308.26009375 38.701140625 48.6778125 0.998162090778
876.06225 309.8849375 31.80275 37.44946875 0.99798643589
288.320875 175.279171875 31.0 40.669890625 0.997892677784
245.40271875 243.445453125 33.99953125 43.217484375 0.997780382633
309.91446875 412.84078125 37.1466875 44.316125 0.997660517693
625.236125 197.099265625 28.0880625 34.230796875 0.997420907021
215.677046875 181.700734375 31.3138125 39.5573125 0.997107207775
514.126375 242.93915625 33.135625 37.4555 0.997093677521
851.791875 407.4549375 37.823625 47.73803125 0.996343791485
163.110609375 399.357125 38.12015625 46.31946875 0.996309220791
560.221625 404.96909375 37.2790625 49.52721875 0.995897650719
449.51628125 180.22278125 28.887625 33.80171875 0.99542671442
353.9855 238.6859375 35.4713125 45.7215625 0.995062053204
701.8436875 405.41178125 37.7366875 44.05290625 0.994904398918
439.18796875 411.54540625 37.95953125 49.5569375 0.994450807571
147.51734375 243.246265625 33.718 43.258515625 0.993965446949
693.20875 202.883109375 27.6764375 33.488078125 0.993846595287
761.743125 213.320734375 28.389625 37.91134375 0.991586923599
