58--Hockey/58_Hockey_icehockey_puck_58_94.jpg
10
686.8626875 164.916125 44.5669375 54.3035 0.998266935349
976.22625 114.156421875 32.489375 46.528296875 0.997946202755
566.0526875 153.05584375 49.40225 51.34853125 0.997858822346
439.53409375 116.438742187 36.6734375 50.8258671875 0.997645437717
123.13184375 35.5812226562 40.722203125 46.1375976563 0.99718362093
757.640375 115.91965625 43.847875 57.584953125 0.996447265148
302.951625 92.7085625 47.2 52.3356875 0.996437191963
816.301125 232.0721875 47.0720625 53.135 0.995825886726
43.1597304687 14.3242539063 43.5424335938 56.8496289062 0.979921936989
591.3879375 102.070101562 45.8655625 55.8028984375 0.894881725311
