58--Hockey/58_Hockey_icehockey_puck_58_926.jpg
8
566.8148125 105.69728125 60.3249375 70.896421875 0.999131500721
393.76465625 321.6923125 58.312875 68.37796875 0.998806715012
220.475234375 221.88471875 57.263140625 68.31325 0.998622298241
348.21109375 12.7217558594 56.83521875 73.0025566406 0.998360812664
937.0038125 269.45384375 59.297875 78.4193125 0.996871888638
879.3961875 48.4786328125 53.56625 73.9293515625 0.995852828026
459.94871875 192.596453125 48.2878125 75.807671875 0.995633661747
606.6940625 380.914 63.379125 69.86890625 0.994530379772
