58--Hockey/58_Hockey_icehockey_puck_58_221.jpg
23
457.185031281 529.447726715 68.2861293335 83.3500527954 0.998684704304
252.284064194 333.730117279 46.4541828156 61.3032337952 0.998082876205
111.632225105 456.17138443 49.8906162262 64.3144562683 0.996815502644
97.7801550598 364.410172791 51.9928672714 61.2561876526 0.996578037739
541.798730774 483.481849762 40.0241018982 56.6038718262 0.995139241219
653.820220062 461.300760712 51.9003798523 64.7171317444 0.993592083454
7.01465196514 457.300357178 47.8306289911 64.142971283 0.992790341377
576.7093927 36.073188158 43.9543851318 52.3243478603 0.992751002312
206.318883057 472.59214917 51.2244731293 71.0977199402 0.992687821388
0.0 697.511227478 55.6864215431 70.0543999023 0.992300152779
81.3632790337 584.924466217 51.2223015099 63.8048944702 0.990832149982
199.701448059 201.698844116 41.8222252197 53.9225559387 0.98178011179
739.942538513 161.295612381 34.070116272 53.8632769012 0.978952288628
360.213975601 289.297010834 47.4333082123 58.3947227478 0.978913366795
0.0 74.2619881516 32.1851253681 51.9893769684 0.977953255177
49.8953128624 67.7791991692 43.6464809227 53.1735604744 0.975056409836
474.135648712 457.002323456 47.8260402527 59.5876207886 0.966721832752
118.557053673 91.4739181747 36.6350962067 51.601044281 0.964963138103
0.0 194.242479431 30.5606923199 57.6190674286 0.959311783314
898.09344397 474.92632019 42.9325680542 60.7305098572 0.949101209641
828.758203735 150.788745285 34.9841940918 44.664656189 0.915709137917
52.4396988869 197.180237198 38.7357592201 50.5019916229 0.898683965206
478.663570587 300.296919708 46.8241100464 55.5858031769 0.843119502068
