58--Hockey/58_Hockey_icehockey_puck_58_469.jpg
28
549.190875 212.514375 38.468875 42.98125 0.99903523922
368.89528125 239.44315625 38.5314375 42.713375 0.998519718647
304.147375 56.478109375 17.2895 21.199421875 0.998292148113
498.8058125 22.2159355469 14.11709375 18.4059355469 0.99570941925
480.85103125 88.2646015625 18.057375 21.641265625 0.995604276657
360.7584375 63.3496132813 15.19328125 19.8040117188 0.993428051472
21.65475 83.8754140625 23.7560195312 28.10328125 0.99306666851
162.23925 82.8625390625 18.47153125 22.0552109375 0.992927014828
647.6046875 113.945757813 17.60125 21.9199453125 0.99232083559
334.5146875 74.40996875 17.89528125 20.5404453125 0.988186538219
87.8211796875 2.99995800781 18.2444453125 22.2836123047 0.987299978733
337.13475 113.954703125 17.5948125 19.905203125 0.9862434268
682.1306875 24.376078125 16.47825 20.4927265625 0.980660140514
398.02284375 88.7275625 19.4730625 22.5036796875 0.975838124752
161.680609375 31.0507929687 15.34234375 19.6889140625 0.969667851925
98.675828125 82.8431015625 22.1767890625 28.811015625 0.964676856995
414.87309375 26.8737832031 17.66434375 22.4570214844 0.963815629482
573.6700625 105.569101562 18.5694375 21.8353203125 0.946772634983
217.518421875 60.153015625 18.214578125 22.3132734375 0.943549633026
464.88496875 14.2904707031 16.3594375 19.4047734375 0.938959121704
617.5226875 111.099898438 23.5078125 28.5323828125 0.933926403522
65.3746757813 93.9562578125 22.3138632812 28.334765625 0.931520938873
131.912859375 12.3153876953 16.69775 22.2347490234 0.921385705471
260.02078125 48.041234375 15.23684375 19.14559375 0.919688522816
721.668 22.7290898437 15.9489375 21.1665273438 0.909006476402
738.4873125 137.1371875 16.6501875 20.4073125 0.905448675156
902.26775 167.638109375 14.8086875 19.537703125 0.89495831728
784.111125 158.364734375 15.8926875 21.47009375 0.802952468395
