58--Hockey/58_Hockey_icehockey_puck_58_113.jpg
8
518.35334375 50.0935234375 50.37146875 58.807109375 0.999709665775
307.0408125 121.8040625 53.241 63.39390625 0.99928599596
81.022375 39.6184882813 29.6267890625 34.7094960937 0.998565614223
658.495375 51.1311640625 26.4290625 30.1300703125 0.984873771667
994.30275 93.9369453125 29.67325 45.8757890625 0.977804124355
489.51903125 52.76415625 17.4835 22.068125 0.931383192539
272.659375 34.8100273438 27.48825 31.2680507813 0.902710497379
182.989109375 40.5841992188 23.85040625 27.0716757812 0.804042339325
