58--Hockey/58_Hockey_icehockey_puck_58_825.jpg
22
346.3019375 106.325320312 26.21434375 32.9295078125 0.999304652214
250.92765625 110.872421875 27.5173125 34.53540625 0.999005734921
638.89625 104.888476563 27.282875 33.4740078125 0.998803377151
390.4205 116.503054687 27.1099375 33.0196484375 0.998794317245
342.4435 212.74665625 32.70225 45.470296875 0.998522102833
297.35 118.724421875 27.42928125 36.129125 0.998432576656
821.009625 119.38453125 29.1861875 37.776078125 0.99827671051
572.5056875 232.2211875 33.0075625 40.1274375 0.998272299767
212.39465625 117.068351562 28.745828125 37.8925546875 0.998111724854
497.9374375 125.250671875 28.2575625 35.885265625 0.998089253902
791.104375 219.823765625 33.2758125 39.53725 0.997999370098
545.0501875 100.590414063 28.6150625 35.5176171875 0.997937738895
839.9003125 400.014625 41.1863125 45.174375 0.997935652733
476.46109375 216.593703125 30.05840625 41.5471875 0.997877717018
597.0419375 115.161929688 27.9360625 35.9065078125 0.997735977173
714.534875 121.434898437 28.63225 38.7434609375 0.997618734837
210.326328125 229.14946875 33.375578125 44.1289375 0.997609734535
106.956976563 110.828867187 28.7069296875 37.5545703125 0.99748980999
768.8975 103.0566875 27.891 34.890359375 0.997376441956
450.97534375 88.240578125 28.2214375 30.9695546875 0.997373700142
683.9185 222.001203125 31.7154375 39.16403125 0.996966779232
95.696796875 388.692 44.297796875 44.34953125 0.996036231518
