1--Handshaking/1_Handshaking_Handshaking_1_579.jpg
139
426.329 98.3299 12.8078 16.4691 0.999728
583.805 320.019 34.0769 41.2373 0.999586
191.106 152.064 16.1227 20.3904 0.999524
271.854 216.293 26.2312 33.9906 0.999511
636.618 197.293 23.9921 31.8708 0.999361
384.272 279.3 24.8594 31.2209 0.999278
443.049 131.81 15.6203 20.2156 0.999174
734.735 145.297 18.5317 23.0278 0.999108
244.197 147.634 18.3642 23.9554 0.999087
595.252 421.131 35.8804 42.5168 0.999082
145.239 312.239 35.0752 42.7103 0.998995
625.41 235.758 26.1589 36.3566 0.99897
651.393 279.249 29.7795 40.8051 0.998963
414.976 333.456 36.4449 43.7424 0.99893
646.484 127.369 15.8359 19.0389 0.998906
475.6 134.41 13.7541 16.3294 0.998877
322.971 352.243 33.4311 35.9459 0.998877
271.599 116.554 13.7755 16.6298 0.998804
498.772 407.305 33.9918 46.5821 0.99873
237.566 197.894 24.9103 30.24 0.998588
797.226 137.914 16.144 19.6741 0.998578
614.725 98.8766 13.6117 17.1045 0.998351
131.175 153.406 19.7568 22.9805 0.998326
492.573 284.404 26.5082 33.2501 0.998311
361.407 196.941 24.042 32.2767 0.998214
176.066 242.487 23.6601 29.6741 0.998197
470.667 349.091 29.4429 39.2569 0.998195
529.813 311.828 29.4679 38.2776 0.998186
678.84 95.4492 13.7437 17.761 0.997917
885.862 144.514 17.9915 22.0892 0.997805
860.832 257.227 25.739 35.6226 0.997796
648.816 144.09 16.9126 20.1914 0.997723
35.5056 118.515 15.1721 19.4011 0.997557
586.183 251.867 27.4631 37.0961 0.997543
730.522 112.769 13.8454 16.7813 0.997489
880.529 274.042 31.9902 41.0573 0.9974
749.425 304.261 28.4373 36.6351 0.997363
786.515 413.012 34.5979 41.4433 0.997344
530.086 238.768 22.4175 28.6047 0.997319
21.3575 130.942 13.0476 15.9601 0.997293
677.837 129.459 16.6806 19.8986 0.99728
78.3794 361.498 31.4595 34.4225 0.997245
509.255 116.802 13.2294 16.3629 0.997051
883.918 478.734 36.9518 47.8238 0.997023
902.478 96.4265 14.1267 18.1549 0.996939
150.419 205.736 23.2481 28.5004 0.996825
26.106 203.639 24.8149 29.815 0.996727
948.152 161.905 16.7964 20.6243 0.996682
439.452 308.656 28.09 37.1508 0.996529
523.232 130.17 15.7213 19.9251 0.996486
562.801 142.23 18.0066 21.9089 0.996448
171.243 283.524 24.8154 29.1252 0.996316
676.845 364.915 33.2335 45.3523 0.996285
264.012 146.641 17.4636 21.2862 0.996157
530.173 194.239 23.6392 30.7531 0.996151
891.624 173.989 26.0042 33.7513 0.996088
249.696 107.423 12.1121 15.0733 0.995505
587.756 205.796 20.2569 25.2284 0.99546
926.545 107.168 15.1796 17.8072 0.995378
640.099 82.8166 12.6372 14.2693 0.99533
387.267 76.063 12.117 14.5417 0.995176
220.65 181.791 18.9292 23.1087 0.994993
939.478 432.135 34.9132 40.8588 0.994901
87.1321 209.988 23.9199 29.3679 0.994788
621.566 120.279 14.9846 18.9723 0.994524
179.564 315.626 31.0251 35.3127 0.99444
989.32 106.364 13.9178 17.2319 0.994155
10.0773 117.515 12.496 15.3506 0.993892
720.239 160.804 18.4018 22.9742 0.993799
119.828 254.314 24.0082 29.0224 0.993724
906.384 148.438 20.1236 24.3422 0.992107
456.328 167.743 18.1289 20.7021 0.99202
393.522 383.531 33.274 40.3139 0.992005
738.789 191.006 26.2641 32.7997 0.99165
856.447 343.385 35.8094 47.5472 0.991503
72.8437 190.808 18.6462 23.4939 0.991081
498.621 202.107 19.3988 25.8027 0.990779
338.32 74.0325 11.7966 14.432 0.989429
8.55774 390.103 37.9036 40.9641 0.988382
125.738 130.585 16.147 20.6004 0.988003
306.496 260.41 23.4444 27.9433 0.986607
660.549 66.4312 12.3875 15.5111 0.986396
665.575 132.36 13.1236 17.0557 0.985949
826.603 112.979 16.0686 18.4869 0.985156
643.896 171.721 18.69 22.3893 0.984201
3.7799 256.822 21.6661 29.5382 0.983939
303.81 76.6949 12.1411 15.1444 0.983577
960.017 108.004 16.055 20.2865 0.979441
835.478 507.765 29.9185 48.73 0.979241
395.674 97.579 12.9321 14.8306 0.979019
32.6916 161.765 22.4872 27.2353 0.978149
171.136 118.711 15.386 18.8348 0.97798
484.287 161.99 19.8881 21.7251 0.977853
775.945 356.077 28.8978 38.2553 0.975265
868.054 154.513 15.4043 18.5118 0.974874
243.581 124.335 13.2364 16.2282 0.97486
196.593 232.224 23.0303 29.2518 0.974732
463.215 225.23 22.9198 29.3497 0.974649
570.072 191.295 18.6865 22.4776 0.973743
838.027 138.719 17.8796 21.8776 0.968488
591.294 100.24 12.7375 14.7946 0.967216
399.935 211.359 19.5089 24.2652 0.965879
376.943 177.011 21.7307 28.3113 0.965632
327.394 206.738 20.5992 29.5337 0.965552
309.082 153.17 17.1901 20.4238 0.963312
779.323 123.762 15.0865 18.5996 0.963275
663.065 188.34 19.2109 23.9748 0.962713
275.727 310.427 26.2457 32.1003 0.962518
24.6609 254.974 22.5966 29.895 0.959833
400.903 151.654 17.8091 21.967 0.959583
230.266 145.11 14.8617 18.9724 0.958518
707.116 130.425 14.6346 16.7978 0.954939
131.695 108.42 14.1516 18.2911 0.94967
827.946 241.839 25.608 32.4258 0.945419
967.603 165.3 15.2054 19.4845 0.944375
303.047 101.472 12.5319 15.6795 0.940763
845.298 119.646 16.5314 18.6626 0.938763
697.672 75.8067 13.6053 16.6462 0.934232
478.042 113.471 13.8322 15.9489 0.930249
778.814 202.837 16.9622 22.5577 0.92521
388.028 124.089 12.9529 17.0731 0.921209
82.3875 123.123 13.884 17.8753 0.913304
574.752 77.0906 13.0124 15.5681 0.90777
764.536 153.238 15.4196 24.245 0.905402
373.065 92.4912 12.9489 16.3938 0.898309
229.218 97.0252 13.0677 16.5996 0.890876
531.351 145.938 15.9937 19.9384 0.881096
975.779 191.292 23.2335 27.9211 0.874493
99.9142 119.773 15.0772 18.65 0.865317
440.726 279.308 25.5569 32.4094 0.861249
613.494 72.7088 12.2736 15.0062 0.855994
584.529 89.4674 13.6484 17.0239 0.855558
374.449 256.742 21.9882 31.0474 0.851117
321.291 130.08 15.3434 17.9433 0.844395
1002.73 233.851 24.132 33.4585 0.840861
31.5829 286.877 26.6624 32.8219 0.831892
787.363 107.117 14.1045 16.8051 0.823879
870.331 183.954 17.5276 21.6264 0.815906
356.534 99.1293 13.5737 16.6776 0.810648
