21--Festival/21_Festival_Festival_21_378.jpg
19
913.08 230.415 11.8249 14.8425 0.999154
89.0967 269.899 14.2245 18.1825 0.997351
234.102 222.8 10.8831 13.7768 0.994985
45.8015 213.9 10.8362 13.4776 0.994169
191.775 212.158 11.917 14.1928 0.972112
637.65 244.106 19.3525 22.4575 0.971031
126.437 230.705 11.1282 13.8178 0.9612
742.432 214.026 12.9056 15.7776 0.959811
820.19 219.867 12.563 15.3843 0.951778
872.161 224.61 11.5846 14.4715 0.95078
900.361 277.578 17.2065 20.1346 0.925366
779.657 215.9 11.5665 14.1293 0.918458
28.9552 208.224 12.0423 14.4349 0.917454
281.817 205.081 12.4674 14.8054 0.911206
968.121 216.025 13.0583 14.6808 0.873712
837.374 273.017 12.1967 13.7284 0.866403
445.216 212.444 12.2726 14.2322 0.849133
336.066 206.217 11.1188 13.2913 0.808595
626.426 220.736 12.6129 14.3913 0.803427
