21--Festival/21_Festival_Festival_21_42.jpg
27
37.6536 1278.85 17.4404 21.6756 0.99754
625.788 1333.23 15.4997 18.9056 0.997307
639.406 1259.65 14.4938 18.0155 0.996109
768.282 1277.62 15.7712 19.1428 0.995991
703.143 1291.12 16.327 19.9271 0.995976
62.2459 1224.42 16.0171 20.6462 0.99481
898.208 1205.56 16.5471 20.9114 0.992915
139.741 1278.18 17.6199 21.0278 0.991846
800.162 1286.75 16.1624 20.4433 0.989284
901.467 1324.63 16.5149 21.5062 0.987491
77.2554 1325.83 15.3118 18.9217 0.984111
670.941 1290.23 15.0609 18.1779 0.983099
683.271 1270 14.6595 17.8217 0.973673
103.765 1332.47 16.5533 20.0911 0.960671
1.55693 1184.4 16.8468 21.2599 0.955366
80.403 1227.32 14.9756 18.4148 0.94476
874.163 1325.66 16.798 20.6407 0.925416
46.6016 1211.47 16.3342 19.1403 0.918228
158.996 1267.35 15.2126 18.9179 0.91649
601.319 1266.7 14.9678 18.8327 0.906016
662.483 1257.37 15.1148 18.6633 0.897346
753.786 1315.56 16.0475 19.1832 0.879375
771.704 1223.95 15.7884 20.0571 0.87584
75.2198 1270.82 17.371 20.8248 0.862331
697.716 1321.1 15.9757 19.5377 0.859049
857.618 1224.65 14.437 18.1068 0.8353
56.4379 1267.05 15.4178 19.8377 0.828941
