16--Award_Ceremony/16_Award_Ceremony_Awards_Ceremony_16_141.jpg
12
187.254119873 278.04574585 37.1547088623 47.7685852051 0.992473840714
394.851226807 239.596603394 43.3358764648 57.9753875732 0.992086112499
567.901855469 311.752716064 24.9909057617 34.8633728027 0.986568570137
542.653808594 299.069061279 25.9262695312 35.869140625 0.985912263393
93.5591125488 263.64654541 36.3790740967 51.2952575684 0.984453856945
141.110641479 264.003479004 35.5727539062 50.3916320801 0.978966474533
603.951843262 312.192993164 25.143737793 34.5600280762 0.975600481033
0.0 235.04850769 46.3850898743 62.0088043213 0.950265645981
635.960449219 322.055847168 23.5482788086 29.8098449707 0.94943934679
456.022338867 261.027282715 34.909576416 42.7066650391 0.937541544437
506.501678467 286.924285889 25.2679748535 35.1471557617 0.851057052612
348.272155762 246.494827271 34.8970336914 53.5930328369 0.841106116772
