16--Award_Ceremony/16_Award_Ceremony_Awards_Ceremony_16_25.jpg
11
151.264190674 95.5355072021 40.7963256836 55.6007080078 0.993700742722
842.706359863 136.50819397 40.0040283203 45.8618621826 0.993347346783
502.470916748 96.6742782593 33.3686218262 42.2584609985 0.993164479733
438.320281982 121.020530701 34.8348083496 45.9309463501 0.991879999638
650.295837402 138.278152466 36.3395996094 44.4649505615 0.990960657597
561.784667969 105.324699402 43.5040893555 53.8994522095 0.984032809734
929.14276123 153.269378662 43.1036987305 54.4928894043 0.982351183891
225.850372314 120.097640991 38.4874572754 45.8395233154 0.980494141579
738.268920898 148.413101196 45.329284668 56.5901947021 0.978962242603
334.338317871 153.297332764 39.8670959473 46.6115264893 0.96372795105
60.3962478638 106.71635437 42.4222335815 48.1439666748 0.960363686085
