6--Funeral/6_Funeral_Funeral_6_696.jpg
17
459.621826172 170.226638794 61.9709472656 82.0461883545 0.999020695686
678.169921875 116.299880981 61.848815918 87.4962310791 0.998716711998
812.274658203 143.548812866 54.2009277344 76.7500915527 0.998513877392
967.818847656 172.084411621 56.1083374023 64.3489379883 0.998427152634
159.933105469 191.162307739 33.5305938721 46.1027526855 0.996416330338
265.632843018 151.068954468 27.2796325684 33.8807525635 0.995666742325
557.228820801 205.503295898 57.2791748047 86.9860839844 0.995238423347
328.668579102 176.827835083 28.8628234863 36.2723388672 0.994509935379
892.35144043 131.965759277 49.2032470703 59.9599914551 0.993067979813
58.9927520752 195.41343689 26.7494812012 32.4080200195 0.988816261292
562.297119141 61.4771995544 63.5684204102 95.0613899231 0.987640440464
20.0075149536 200.953933716 26.8740005493 33.9617462158 0.986154615879
116.205070496 186.539260864 31.4956436157 38.822052002 0.986127853394
5.15578508377 173.470108032 26.9221930504 34.4157714844 0.98038905859
95.0236663818 181.964889526 24.9425125122 36.2285461426 0.974448621273
411.856170654 88.7094573975 55.1659545898 59.0539550781 0.951653301716
363.243225098 175.610824585 23.0650024414 29.971572876 0.8594186306
