6--Funeral/6_Funeral_Funeral_6_1029.jpg
8
837.393005371 105.38407135 55.0393676758 69.1248550415 0.998562157154
589.278991699 106.868164062 112.939025879 145.707290649 0.994914293289
0.0 198.088241577 30.179977417 40.8895568848 0.994587063789
273.199584961 122.138565063 108.063812256 144.604629517 0.994146108627
974.810302734 97.2640457153 49.1896972656 84.3084945679 0.993215858936
41.0075454712 179.650588989 37.189491272 47.875 0.989070296288
78.8127288818 143.183288574 31.9764556885 45.7493438721 0.986344456673
146.758926392 162.421142578 36.5706329346 44.5457763672 0.949054896832
