6--Funeral/6_Funeral_Funeral_6_618.jpg
11
350.476989746 490.498565674 47.5610961914 60.106842041 0.998570799828
539.08215332 2006.50927734 216.899108887 239.427490234 0.997834980488
731.041564941 463.11529541 125.502807617 166.192626953 0.993171572685
164.278366089 521.528686523 42.1744842529 62.7568359375 0.990284621716
920.313781738 4300.53076172 103.686218262 144.462890625 0.987235486507
525.385742188 1184.0020752 104.636230469 122.471435547 0.976523578167
637.890930176 3336.40258789 126.973327637 153.023681641 0.966564655304
264.585571289 2470.62841797 68.2267456055 97.9016113281 0.953865289688
81.2327423096 499.627716064 31.4430541992 47.0772399902 0.950132727623
273.154174805 496.590270996 48.2362060547 56.6940307617 0.94845187664
88.9391098022 2465.10717773 63.9903182983 99.068359375 0.919752657413
