10--People_Marching/10_People_Marching_People_Marching_10_People_Marching_People_Marching_10_447.jpg
48
462.567260742 481.940612793 28.7198791504 33.0512084961 0.989708721638
173.908782959 829.385986328 26.2755584717 31.0384521484 0.988768458366
567.80859375 754.555786133 26.8659057617 32.0690917969 0.981485664845
245.258285522 483.883666992 25.2755584717 30.5343017578 0.979253411293
964.439819336 393.606689453 24.9570922852 30.3395385742 0.978242099285
927.079650879 617.942321777 23.2995605469 30.0509033203 0.97818082571
967.174255371 475.558197021 25.3198242188 32.3132019043 0.97636204958
871.924255371 625.839660645 22.0333251953 29.7456665039 0.975022017956
639.514709473 673.064697266 23.44921875 29.2861938477 0.972860336304
35.2239761353 685.822814941 24.4561920166 31.0031738281 0.972783386707
767.696105957 745.556091309 25.7720947266 30.2689819336 0.97047328949
411.224914551 453.596160889 22.8100280762 30.1266174316 0.961288273335
253.599151611 70.7330932617 26.5370178223 31.7679138184 0.961254358292
169.453857422 470.236572266 26.0453643799 29.7517089844 0.959110856056
66.9620742798 445.453796387 25.0952835083 29.6519165039 0.958197832108
808.896179199 308.71496582 23.9377441406 29.2005615234 0.957988500595
791.26550293 703.157714844 24.7825927734 30.3961791992 0.957836747169
327.113952637 425.318969727 23.7294006348 29.2574157715 0.957735598087
488.716125488 327.586151123 22.0642089844 27.3318481445 0.945563614368
849.754699707 654.200744629 24.7660522461 27.6253662109 0.931985020638
882.959533691 404.376434326 25.5702514648 29.7862548828 0.924567341805
758.312316895 104.534233093 24.3217773438 32.015586853 0.921050131321
35.6241760254 780.859375 25.0284957886 34.7679443359 0.920622587204
518.174316406 350.659667969 23.9833374023 28.2372131348 0.9145398736
13.8525190353 290.095153809 22.7313432693 29.0959777832 0.897548854351
566.972412109 273.34085083 23.3408203125 30.2328186035 0.897062301636
310.526824951 640.998718262 24.2445068359 29.5444946289 0.887868285179
991.54876709 366.496612549 23.2454223633 28.2049255371 0.870254099369
464.084259033 40.1414527893 15.264831543 19.044757843 0.868311583996
670.343688965 510.319824219 23.2748413086 28.8149414062 0.862553834915
106.300804138 536.587036133 23.4983291626 28.7431030273 0.862272977829
131.181060791 793.344604492 24.6921691895 29.6610717773 0.861754536629
830.616699219 526.059997559 23.7886962891 31.0177612305 0.85879611969
260.19543457 439.478820801 21.8017272949 27.4591674805 0.857948958874
83.2057800293 193.127243042 24.4234008789 28.0429382324 0.850973367691
662.839660645 150.502197266 23.4709472656 28.7626037598 0.849442362785
479.061004639 111.530403137 23.7148132324 29.2746810913 0.848680615425
859.340026855 469.906738281 25.6288452148 31.2213134766 0.844036281109
256.804626465 570.439880371 21.9047851562 27.9282226562 0.83650803566
612.747192383 363.80847168 25.2678833008 31.5110473633 0.82587325573
39.544216156 592.918212891 14.2245559692 17.6595458984 0.82233273983
849.286254883 15.9583187103 15.9295043945 20.4367427826 0.819013059139
832.305236816 242.905166626 23.4525756836 28.5781707764 0.814830183983
686.432800293 266.404663086 22.4044799805 28.2456970215 0.811644911766
775.836975098 498.720733643 22.2258300781 28.6874694824 0.808801233768
121.871704102 449.83114624 23.9225006104 27.349029541 0.808428108692
274.895904541 548.917602539 23.754486084 28.5152587891 0.808123409748
86.616317749 622.583984375 17.2651290894 20.2194213867 0.801864504814
