10--People_Marching/10_People_Marching_People_Marching_10_People_Marching_People_Marching_10_69.jpg
43
47.8782806396 593.967041016 22.9110412598 28.9855957031 0.977272689342
874.908996582 648.153198242 23.6943969727 31.365234375 0.951137423515
958.88848877 632.07220459 23.6154174805 29.7399902344 0.940068483353
785.615478516 407.37588501 14.6546630859 17.9019775391 0.938418984413
5.41125440598 610.298278809 23.7286973 30.4783325195 0.937906444073
223.333618164 519.528991699 15.5892333984 19.7745361328 0.93126142025
689.523803711 326.798858643 13.5686035156 16.8793334961 0.917150020599
929.911376953 576.76184082 22.2088623047 27.12890625 0.914633095264
471.65411377 503.004577637 15.6729431152 19.2983398438 0.912765085697
561.745483398 373.502166748 13.6475830078 17.7231140137 0.910062849522
688.633361816 659.373535156 23.0987548828 29.0093383789 0.904367566109
390.368591309 594.857849121 22.912322998 27.674987793 0.901265025139
357.306884766 629.987792969 23.5823059082 30.2095336914 0.898007154465
599.833496094 658.842529297 22.3681030273 28.7365112305 0.888828158379
681.993286133 419.797393799 14.0686035156 17.568572998 0.88035428524
298.920043945 423.501739502 13.8981628418 17.1439208984 0.880249083042
440.999755859 475.807983398 15.8332824707 20.3371276855 0.875899970531
879.821228027 576.834777832 22.1611328125 28.2678833008 0.874867379665
319.500427246 193.175933838 13.1697387695 16.4379577637 0.874520540237
367.890441895 500.068481445 16.4384765625 21.3875732422 0.872945129871
424.420654297 490.667205811 16.7658081055 21.1394042969 0.871981084347
745.370605469 575.584655762 22.580871582 27.5501708984 0.869424760342
484.011169434 310.986999512 12.182434082 15.2568359375 0.863424956799
715.333618164 538.998413086 22.8577880859 30.8782958984 0.862322449684
456.798980713 467.536682129 14.6249389648 18.8862915039 0.86009067297
433.179260254 535.350341797 13.3030700684 16.8372192383 0.848710596561
237.381835938 356.77645874 15.891204834 19.7244262695 0.845732212067
766.744567871 444.868682861 15.4292602539 20.4956054688 0.843956172466
208.264602661 607.270996094 21.3682556152 27.0615844727 0.842604160309
650.687011719 345.062347412 14.2972412109 17.7471923828 0.840965628624
627.303710938 329.405303955 13.180480957 15.7121887207 0.83902567625
819.152648926 368.99798584 14.3992919922 18.0867919922 0.833241343498
383.054199219 412.554870605 15.0677185059 17.6496276855 0.831326663494
358.862915039 535.83807373 16.6866149902 21.5534057617 0.830270588398
744.267883301 392.282196045 13.4658203125 17.0605163574 0.827584207058
302.726989746 606.01550293 17.6021118164 22.5452270508 0.822205603123
733.037841797 415.423919678 15.7869873047 19.7021789551 0.816358208656
358.663635254 456.061065674 17.1375427246 22.3081359863 0.815386295319
119.198249817 617.819641113 22.5392990112 27.2174682617 0.815297305584
400.738555908 525.688476562 16.737121582 21.5477294922 0.814136743546
250.846847534 406.255249023 15.491317749 19.5931396484 0.813417971134
425.991455078 451.88269043 14.8157043457 17.5078125 0.809732615948
537.961975098 376.065979004 16.0708007812 19.6383361816 0.802242457867
