10--People_Marching/10_People_Marching_People_Marching_2_60.jpg
11
398.734924316 222.455230713 39.5776367188 40.394744873 0.990601062775
356.68762207 210.450363159 34.0704040527 37.8476867676 0.990588545799
221.469924927 164.447952271 38.5175933838 46.2029571533 0.990117013454
664.667114258 196.405227661 37.888671875 40.9225463867 0.985848903656
104.538955688 197.413665771 38.3297271729 41.7264099121 0.984950780869
770.733276367 153.882232666 37.0385131836 41.7926940918 0.979765713215
507.878692627 180.028015137 41.2336730957 44.9105529785 0.97688293457
921.393920898 213.038269043 37.133605957 41.3519744873 0.973748981953
844.067626953 190.556549072 33.3403320312 37.2501220703 0.971770882607
588.784729004 184.148284912 28.3488769531 36.7992553711 0.877082109451
141.171539307 0.0 29.4525299072 22.1290740967 0.816700279713
