10--People_Marching/10_People_Marching_People_Marching_2_498.jpg
12
345.899414062 418.588531494 28.1235046387 30.4182128906 0.984002232552
69.8015518188 145.790802002 24.0316009521 29.9714660645 0.973253726959
953.799865723 544.018676758 24.7995605469 33.3720092773 0.959923386574
162.803222656 421.679260254 25.4013366699 31.1442260742 0.956370830536
786.255737305 542.753601074 23.6615600586 27.3551025391 0.947274923325
542.231323242 1.25279188156 26.5641479492 30.5932354927 0.935300052166
538.176757812 438.464569092 24.9883422852 33.6977844238 0.93363982439
28.1905536652 15.895029068 22.9853458405 28.0891437531 0.932157039642
411.817077637 584.924865723 26.7389526367 27.8034667969 0.926396787167
702.893493652 0.0 23.8941040039 26.4794864655 0.905397355556
895.287780762 416.978912354 21.8798217773 30.487487793 0.875870525837
190.383483887 26.3098278046 25.5816650391 29.4047832489 0.827139735222
