10--People_Marching/10_People_Marching_People_Marching_2_34.jpg
16
623.967102051 718.991943359 35.1482543945 44.6400146484 0.998570919037
523.760070801 711.820495605 32.8690795898 41.4151611328 0.992338895798
994.38494873 723.54083252 29.6150512695 42.107421875 0.984087765217
759.546569824 746.150756836 31.5046386719 22.8492431641 0.983782231808
588.706115723 688.344360352 26.6397094727 34.5853881836 0.97286349535
174.744369507 747.219238281 30.2586517334 21.7807617188 0.960490942001
715.060791016 703.122192383 23.6395263672 30.685546875 0.958209395409
671.760498047 709.492736816 24.9413452148 31.2367553711 0.943773388863
834.598632812 670.16204834 23.1481323242 28.5861206055 0.935091853142
810.187744141 639.304992676 13.3618774414 16.663269043 0.878555715084
369.881591797 641.097717285 13.2236938477 16.4313964844 0.87617701292
306.322509766 624.958312988 13.147064209 16.141418457 0.874797821045
866.019042969 722.652770996 28.8676147461 36.9351806641 0.86078608036
512.779541016 687.769348145 23.1223754883 33.5819091797 0.842786669731
448.309295654 686.77722168 14.430847168 16.6169433594 0.823115289211
456.193786621 633.887634277 13.3901367188 16.9692993164 0.809732437134
