10--People_Marching/10_People_Marching_People_Marching_2_40.jpg
23
825.072509766 235.378646851 63.4371337891 78.9663543701 0.996977210045
709.667419434 264.953094482 57.3541259766 67.2739562988 0.99066901207
402.915222168 158.543960571 28.7904968262 33.7588500977 0.987723231316
266.959869385 119.563552856 28.3218078613 32.0572509766 0.987204551697
584.469970703 269.124603271 47.4594116211 55.409362793 0.987020254135
357.174987793 128.875488281 26.6204528809 32.0997619629 0.986813902855
42.5695762634 128.679122925 48.5090827942 57.9846191406 0.977467358112
515.805725098 508.398345947 105.456054688 119.683990479 0.977379500866
496.610076904 146.540496826 30.1452941895 34.9815063477 0.976089179516
170.301834106 221.858856201 34.9624176025 47.7969055176 0.944970190525
665.287353516 202.123153687 41.6452026367 54.7746276855 0.942598462105
94.5871887207 91.4077301025 24.3263397217 29.791343689 0.925391495228
83.7467651367 460.259094238 93.0659179688 112.590454102 0.909088134766
703.812255859 352.291656494 47.2620239258 70.7572631836 0.905545353889
409.520202637 44.6872901917 14.8229370117 17.9738693237 0.899079918861
136.722579956 79.4765548706 21.8610229492 28.5475082397 0.897136807442
711.872070312 85.7474746704 15.7758178711 19.8723983765 0.887929201126
514.869689941 86.8908233643 21.8818359375 26.8962554932 0.88433778286
420.15133667 101.3881073 23.567199707 29.9750671387 0.877908587456
939.548828125 248.226974487 44.8784790039 54.954208374 0.871180176735
97.5053710938 134.6769104 30.4541397095 39.4262237549 0.864700913429
684.893310547 253.772872925 37.469909668 43.6638031006 0.854860305786
766.161865234 209.513427734 38.7891235352 33.9347076416 0.852475583553
