10--People_Marching/10_People_Marching_People_Marching_2_793.jpg
10
127.735145569 79.7836761475 47.2583236694 61.6494598389 0.998186409473
514.021789551 99.8794403076 49.2845458984 56.1460876465 0.997506797314
405.563781738 79.5279846191 50.6535339355 59.9056854248 0.997397661209
277.507659912 76.932975769 47.5228271484 60.2987136841 0.996167242527
60.0533180237 135.795822144 54.0015220642 59.2624816895 0.995343208313
802.862487793 116.394958496 48.6993408203 55.4877166748 0.991393327713
934.998168945 166.009536743 46.053527832 59.1606750488 0.984980583191
649.308776855 177.778640747 44.7611694336 53.9566650391 0.984181582928
901.131469727 14.1447935104 43.6549072266 60.4016008377 0.976978957653
417.322113037 5.51997375488 45.527130127 54.5239219666 0.974730193615
