10--People_Marching/10_People_Marching_People_Marching_2_36.jpg
14
751.507141113 315.113952637 28.6087646484 35.6284790039 0.983373165131
949.503417969 331.086395264 35.4294433594 47.0580444336 0.97518581152
813.922058105 326.011749268 33.8611450195 44.640045166 0.969316363335
502.759063721 316.055603027 29.6643981934 41.063293457 0.968046426773
555.764038086 322.312133789 30.4207763672 37.8703308105 0.961944043636
697.601623535 304.193328857 27.84375 39.1264648438 0.954787373543
257.675811768 319.940917969 29.074798584 40.516998291 0.945268452168
649.062011719 304.84753418 25.4224853516 32.1548156738 0.926207959652
384.233154297 291.382293701 27.8435058594 35.9635620117 0.915663540363
305.69354248 334.886383057 31.0874023438 40.4588317871 0.91159516573
224.113571167 317.222686768 25.0100708008 34.7723693848 0.889853596687
466.231445312 304.873657227 30.0559082031 39.4480895996 0.888094365597
427.360626221 301.516143799 27.8825683594 35.7221679688 0.855261087418
673.202880859 271.924194336 15.5461425781 18.594543457 0.845106482506
