55--Sports_Coach_Trainer/55_Sports_Coach_Trainer_sportcoaching_55_122.jpg
27
457.283 310.511 27.7274 33.3971 0.999421
344.44 287.688 27.6176 38.2251 0.999413
812.961 270.988 30.864 40.2091 0.998346
259.096 271.683 27.5193 34.6766 0.997927
19.063 251.59 30.4686 38.8376 0.997176
966.091 221.656 34.5496 41.0495 0.997038
23.8003 218.317 29.165 34.5914 0.99688
563.591 300.437 28.7083 37.6946 0.996669
101.463 279.9 29.9199 39.3793 0.99611
34.961 170.219 31.3019 39.6884 0.995835
183.222 281.665 27.1594 34.6816 0.995677
725.048 373.536 37.7894 49.4314 0.995357
737.339 276.46 26.8875 34.9776 0.994953
871.782 394.639 37.0354 50.1556 0.993722
865.384 305.477 29.0764 37.6005 0.993666
58.4975 374.07 35.8163 44.0471 0.993485
528.56 291.153 24.7083 31.6384 0.989726
360.371 246.518 22.1355 29.456 0.985728
385.971 268.049 22.0974 31.1889 0.982127
630.639 267.887 26.0481 35.1876 0.978756
690.633 279.877 27.4415 38.3044 0.977291
772.114 271.4 32.041 38.9971 0.945542
434.085 276.109 24.6959 32.8312 0.92708
667.927 298.197 28.129 37.8734 0.888831
604.178 257.741 22.7731 31.1038 0.886675
523.042 262.338 24.7437 30.9363 0.885128
742.944 240.406 22.668 30.2727 0.86441
