55--Sports_Coach_Trainer/55_Sports_Coach_Trainer_sportcoaching_55_516.jpg
17
471.479 322.658 50.0731 59.4097 0.999508
252.244 319.43 47.6056 56.4912 0.999405
688.343 369.827 48.4191 60.2389 0.999323
372.219 320.742 46.5583 57.0085 0.999184
585.181 338.588 47.7357 57.4766 0.999012
664.127 198.431 32.3705 38.9119 0.999006
378.589 211.835 31.6464 37.3668 0.998923
113.644 298.462 46.6543 58.0208 0.998904
775.268 361.068 52.3955 63.3874 0.99811
502.491 189.24 32.2536 38.0239 0.996895
319.218 210.579 30.2428 36.2906 0.996675
254.138 210.983 30.7007 36.858 0.996554
444.603 193.724 31.9927 39.0821 0.995528
770.147 208.57 31.6947 36.2071 0.995239
573.371 134.697 36.1953 46.9881 0.994739
826.322 191.583 32.6789 40.6548 0.993878
739.646 206.943 26.013 39.2139 0.992144
