55--Sports_Coach_Trainer/55_Sports_Coach_Trainer_sportcoaching_55_569.jpg
11
337.113 43.9765 51.1066 68.1054 0.999045
890.394 35.8791 52.2725 62.4756 0.998956
734.924 192.24 54.8964 70.8529 0.998716
181.872 81.9586 56.8032 80.2291 0.998517
99.55 237.802 26.5226 34.4477 0.997087
251.21 255.458 41.5655 57.1925 0.996805
591.314 19.9686 23.052 30.407 0.996032
907.522 196.882 45.862 57.749 0.994902
60.9051 244.129 23.1909 30.0647 0.990479
376.34 244.268 22.9328 34.0304 0.98313
695.989 17.6856 15.791 26.5144 0.937711
