3--Riot/3_Riot_Riot_3_415.jpg
12
288.00246875 235.368078125 22.78403125 31.824703125 0.990549862385
389.12434375 268.4931875 24.14475 29.83809375 0.984709024429
517.088125 268.41890625 22.7583125 29.6059375 0.98321390152
841.78475 416.53909375 28.9425625 39.0833125 0.976753354073
798.013125 240.807515625 15.104 23.234109375 0.975834488869
654.642 244.1825 15.9278125 24.59028125 0.96180164814
137.272125 209.323109375 23.24771875 29.04496875 0.95619982481
307.24609375 278.30440625 24.68690625 32.95046875 0.951732575893
655.7575625 300.10375 21.56825 33.25965625 0.946579039097
713.214125 235.301859375 16.3061875 27.382953125 0.927109360695
904.82725 216.344296875 24.2673125 34.7784375 0.910615682602
441.25984375 223.758015625 20.225125 31.519609375 0.87368273735
