3--Riot/3_Riot_Riot_3_958.jpg
25
520.5599375 43.4322421875 28.3520625 36.9521875 0.999507308006
564.9924375 114.472625 55.3665 67.90628125 0.999207675457
235.26365625 10.8701376953 27.9225625 36.7373974609 0.999163866043
11.8344375 8.40147753906 39.78715625 46.6347919922 0.999037981033
66.1682109375 3.26837597656 30.3606953125 35.1836474609 0.9988052845
136.672890625 3.63250146484 27.864203125 35.4123540039 0.998780786991
372.9820625 33.4020703125 26.32634375 33.7474609375 0.998591482639
773.429 39.7416679688 32.54025 36.9064570312 0.99841594696
335.0834375 36.19265625 22.71371875 30.095921875 0.998362958431
706.82325 30.4381074219 26.527125 35.7093378906 0.998148083687
864.931625 19.6570839844 37.53025 44.6956972656 0.996890962124
53.371140625 23.7204140625 26.388734375 34.6674960938 0.99659204483
107.4315 30.9510253906 26.903484375 33.4954746094 0.996493637562
950.621625 57.98659375 26.585875 38.76753125 0.993787050247
665.2133125 55.7602890625 23.5734375 29.766421875 0.993347287178
402.06884375 26.1129824219 36.0371875 51.0063144531 0.992100179195
924.5674375 74.2896640625 25.914125 34.5735703125 0.992087543011
606.78625 48.4959296875 15.888125 18.5045859375 0.989626169205
207.67396875 28.2599023437 25.134390625 27.4016015625 0.987747907639
497.6624375 32.171171875 23.5605 30.308359375 0.986980497837
965.5085625 18.9268027344 25.2650625 29.9223847656 0.980478584766
822.800875 47.856921875 24.4695 27.5715546875 0.960450470448
395.6244375 18.980109375 23.4788125 35.3756445313 0.943848371506
312.19953125 35.1660976563 21.36296875 29.4955195312 0.929951071739
181.72715625 23.9516328125 17.25359375 20.3665820312 0.812577486038
