3--Riot/3_Riot_Riot_3_522.jpg
9
408.85046875 214.92378125 30.6244375 36.499265625 0.999401569366
117.002820313 165.576921875 26.1479609375 28.785875 0.998408973217
626.8239375 209.47190625 33.2120625 39.4685625 0.995486795902
881.1069375 202.69446875 31.5200625 38.17659375 0.993426799774
413.05215625 152.703203125 14.10425 17.0134375 0.991851866245
489.80715625 155.06928125 19.24959375 22.018109375 0.991516590118
181.132828125 202.900046875 29.12375 32.881609375 0.974685490131
372.13459375 153.53859375 12.8248125 17.00315625 0.866940915585
220.664796875 211.105171875 21.5081875 30.41659375 0.839947879314
