3--Riot/3_Riot_Riot_3_790.jpg
10
206.625140625 276.2008125 25.619609375 32.22796875 0.995828568935
786.050875 251.530890625 16.7746875 22.329390625 0.993628919125
811.8725625 269.69121875 19.6110625 21.91265625 0.992714583874
431.550375 270.86946875 16.8145 18.7046875 0.991339027882
483.4060625 260.918296875 12.34703125 16.246078125 0.985437870026
513.639 262.24125 17.1280625 19.19803125 0.984841823578
986.16875 276.0895 16.5753125 17.6025625 0.976959049702
327.22534375 261.326421875 15.86021875 18.665765625 0.972277164459
929.1905625 274.75596875 13.701375 17.34628125 0.931539356709
244.3265 256.73184375 16.31225 20.0455625 0.915221691132
