3--Riot/3_Riot_Riot_3_393.jpg
9
443.22078125 132.788421875 38.84540625 44.963078125 0.998853325844
787.02525 152.928296875 15.945625 19.496796875 0.993673324585
540.6695625 119.335476563 25.7314375 29.4109140625 0.977551519871
728.3549375 179.21325 12.4265625 15.258390625 0.976453006268
125.377914062 141.431875 15.1564609375 18.225390625 0.974586009979
343.3271875 154.161828125 12.76334375 15.3465625 0.947429716587
223.277359375 131.966703125 16.8376875 18.406 0.931081116199
167.43971875 157.7861875 11.769328125 14.667796875 0.915229082108
633.393625 126.724578125 26.874875 42.2671875 0.878184020519
