3--Riot/3_Riot_Riot_3_137.jpg
21
332.22359375 390.38484375 55.4908125 63.681875 0.999294400215
656.944875 356.66421875 54.0808125 60.673375 0.999045670033
921.6995 350.329875 60.331375 67.78728125 0.998867869377
487.5644375 321.22934375 42.3013125 56.10778125 0.998835146427
973.5085 322.55278125 26.1596875 34.55553125 0.998634517193
921.752625 314.34334375 30.93675 35.3705625 0.998125493526
61.4936953125 385.81240625 38.4626796875 44.60171875 0.996470332146
272.794 365.128625 40.94678125 47.520125 0.995984196663
108.00159375 412.9834375 36.92953125 43.6220625 0.995897948742
403.56971875 336.76846875 36.035125 45.8155 0.994957983494
786.4755625 317.54 22.5623125 29.867875 0.994803845882
671.7044375 298.09775 16.0795 21.340125 0.987017214298
141.214625 406.700125 29.99621875 46.58684375 0.980219304562
898.1514375 325.96159375 24.253 28.0304375 0.970619261265
345.79909375 324.295 23.2145 27.8026875 0.959453344345
459.8058125 308.05021875 17.22409375 23.2740625 0.925777316093
786.6116875 294.566 18.1316875 20.8130625 0.916676580906
963.864 308.66 16.5590625 19.38978125 0.846746742725
814.6396875 341.5915625 25.2775625 35.2198125 0.8400182724
526.24225 308.26365625 13.2880625 17.07275 0.821213245392
372.2355 313.473625 12.79409375 15.73478125 0.803778588772
