3--Riot/3_Riot_Riot_3_725.jpg
16
636.5329375 218.873203125 36.2065 43.481109375 0.999546587467
815.098375 246.788671875 28.8355 32.877140625 0.999433934689
385.9251875 276.63775 25.78653125 37.25265625 0.999050080776
388.524875 230.49975 23.32709375 28.94378125 0.998842060566
727.5144375 263.1060625 27.745125 31.9794375 0.998448491096
261.7755 238.12240625 22.41675 26.2921875 0.997898936272
277.979625 214.9563125 18.8835625 22.706953125 0.997827351093
297.52421875 247.205953125 21.697625 27.964671875 0.994077324867
462.3595 243.41746875 23.80865625 27.8021875 0.993137776852
517.84728125 284.10603125 22.67896875 27.79015625 0.991723358631
732.0125625 231.6609375 22.629625 26.402671875 0.987547874451
308.0108125 224.03934375 20.83184375 22.438671875 0.980113267899
325.57534375 239.418625 19.08034375 24.407875 0.977210760117
541.8909375 120.98684375 17.832375 21.15028125 0.974466383457
409.85428125 234.503265625 16.879125 21.8964375 0.862507462502
940.5343125 149.6986875 14.7348125 17.955171875 0.835500657558
