3--Riot/3_Riot_Riot_3_26.jpg
51
358.38578125 74.9231015625 27.51303125 29.875546875 0.999534249306
845.04175 36.078515625 29.2955 32.7387109375 0.999527573586
295.8701875 51.204953125 27.2433125 33.206828125 0.999394059181
674.0639375 352.47253125 37.02025 38.22565625 0.999387383461
204.704359375 209.20378125 32.588265625 38.139296875 0.999366462231
674.337125 227.313734375 31.2141875 35.4435625 0.999116957188
463.30809375 76.385953125 26.8789375 31.235984375 0.99910056591
274.7495 353.08075 32.11328125 43.435375 0.99898225069
324.0974375 356.854375 32.24915625 44.71215625 0.998959183693
466.854625 212.309796875 29.589125 32.532828125 0.998782813549
789.8375 63.466125 26.413875 31.4415546875 0.998682796955
413.68321875 348.74403125 34.535375 42.58459375 0.998678982258
717.5714375 392.7119375 32.19025 45.66784375 0.998505949974
817.1391875 10.5359042969 25.159125 31.3006230469 0.998324334621
359.80859375 224.319765625 28.4174375 34.805625 0.998310685158
783.0431875 214.053546875 29.8801875 34.916359375 0.99822229147
900.328375 155.745015625 28.7456875 35.32803125 0.998083114624
1001.5603125 41.8330742187 22.4156875 34.8639101563 0.997735500336
937.327625 162.743140625 28.5453125 38.879546875 0.997731626034
658.4714375 62.5203203125 25.7355625 33.72084375 0.997682332993
985.9428125 187.098484375 32.8343125 38.723921875 0.997382581234
725.1244375 354.21559375 31.8609375 40.53728125 0.997174143791
255.08584375 331.40146875 32.44321875 40.16084375 0.996582567692
230.808859375 357.195125 37.576453125 47.1334375 0.996503710747
893.8126875 48.1973828125 25.4945 29.5048671875 0.996456086636
250.7271875 229.349765625 31.31584375 38.840703125 0.996260285378
558.1591875 237.7473125 30.011375 33.506375 0.995810389519
249.1866875 93.1076953125 25.5768125 30.9021796875 0.99580103159
938.7886875 408.48940625 30.807125 43.0349375 0.995262622833
939.35175 0.0 27.094125 28.64653125 0.995239377022
335.73796875 425.83390625 26.57759375 38.69240625 0.995049774647
193.144640625 45.0868515625 22.074015625 30.37025 0.9949234128
973.526 13.7339140625 25.892125 31.664015625 0.99474722147
92.4070703125 358.06115625 28.258421875 41.65115625 0.993522644043
853.2611875 386.6264375 28.1279375 43.45078125 0.993369698524
763.6268125 36.273046875 25.92125 31.631671875 0.991276264191
645.970375 209.3158125 25.7056875 30.058421875 0.9911236763
16.3135195313 101.681515625 25.6203085937 27.898171875 0.990440249443
645.0843125 0.0 26.356 21.7559355469 0.988784074783
424.86778125 373.6009375 31.07328125 42.88425 0.983175098896
509.28859375 74.704359375 24.55859375 29.5388828125 0.974107086658
55.3028984375 193.7486875 30.9075625 34.41709375 0.969936788082
428.01675 214.645484375 26.0658125 31.783984375 0.969561457634
536.751375 95.3439296875 22.6526875 27.5483984375 0.950494885445
274.92790625 207.98865625 29.25975 36.677546875 0.941368460655
790.570625 342.00025 25.2923125 30.4849375 0.939346790314
54.601203125 326.502 31.262828125 36.29240625 0.930894732475
954.80575 377.48084375 25.579625 32.92471875 0.918602883816
873.8595 414.3523125 24.560875 36.5429375 0.884809851646
890.2755625 240.426109375 28.6528125 33.960484375 0.88428491354
916.4223125 355.6285625 23.666125 37.656625 0.8536028862
