3--Riot/3_Riot_Riot_3_199.jpg
25
979.0725 331.882 29.5525 41.23234375 0.998921513557
957.031375 179.816171875 16.626625 21.48665625 0.99614918232
58.8081210938 289.4556875 43.4295664063 61.30371875 0.995657920837
974.1666875 194.644390625 16.72075 21.1596875 0.994059205055
852.78925 204.11821875 16.383875 21.602078125 0.993993699551
845.5094375 176.385828125 13.4934375 18.217515625 0.993506908417
894.980625 189.451 16.793375 21.329640625 0.991768598557
92.5208125 92.16965625 12.64578125 15.700140625 0.990628302097
770.749625 183.8151875 14.65875 18.558640625 0.989744365215
115.231617188 270.36621875 31.1024609375 47.3643125 0.989114403725
921.539125 193.241546875 14.574625 19.948578125 0.987362861633
818.12825 187.82309375 15.6589375 22.211140625 0.981166541576
527.37875 186.291578125 15.7765625 21.180484375 0.979866504669
1009.6689375 188.955859375 14.3070625 21.366546875 0.979430735111
854.22325 251.946109375 21.389 31.950546875 0.979265213013
113.133585938 121.806335937 15.39846875 19.0294609375 0.979227602482
658.82775 172.566 13.3296875 17.97075 0.975757181644
194.544765625 233.13171875 23.5088125 30.462625 0.971131205559
606.5741875 172.561328125 13.7149375 17.392171875 0.961063563824
84.16821875 159.5483125 17.7355625 21.89334375 0.958155453205
792.315625 172.84071875 16.364125 18.1921875 0.941127598286
712.999625 178.561171875 16.69775 22.68890625 0.899697721004
395.54740625 194.585453125 23.092 26.695171875 0.87214922905
475.7924375 147.573515625 13.84003125 16.057703125 0.827806413174
328.30475 180.02340625 22.58775 26.455140625 0.802125632763
