29--Students_Schoolkids/29_Students_Schoolkids_Students_Schoolkids_29_316.jpg
19
96.8772 -1.74795 55.1069 66.9892 0.996479
326.145 21.469 58.382 69.5322 0.99596
632.828 184.056 110.908 143.632 0.995237
254.126 16.0991 71.6821 85.6139 0.993469
502.915 -26.3254 68.2401 83.9128 0.993415
163.545 150.422 105.884 132.94 0.993175
764.364 -6.73018 50.3768 63.0461 0.991981
708.604 -21.1013 58.187 71.6831 0.99033
29.7182 136.12 74.4295 84.6776 0.988729
407.255 -4.24656 46.4 58.406 0.988247
935.659 -12.459 70.0793 87.8752 0.987849
551.789 106.995 86.8262 112.477 0.974095
655.064 3.12928 32.057 36.1321 0.970831
159.374 22.6819 46.4491 56.283 0.965213
879.656 94.8739 86.0815 105.868 0.960529
291.135 126.209 77.8622 95.3975 0.958743
828.384 17.1982 78.7046 88.1317 0.954807
-18.0009 53.9409 76.1817 83.622 0.945767
210.149 27.4754 37.3575 44.073 0.892983
