29--Students_Schoolkids/29_Students_Schoolkids_Students_Schoolkids_29_21.jpg
23
210.26 108.658 49.5437 64.1441 0.999412
317.67 93.3166 53.6422 75.6774 0.998545
944.069 63.6591 56.6039 67.5689 0.998467
748.138 202.501 122.135 170.048 0.997356
613.405 57.7412 52.8671 67.03 0.997283
767.139 61.169 54.8904 68.4143 0.996129
153.612 83.3794 50.9734 65.4944 0.994794
991.908 31.4985 31.9255 42.616 0.994089
72.7868 143.613 69.1184 89.7395 0.993149
730.374 37.7658 34.8037 43.7869 0.991123
464.057 156.219 102.076 130.702 0.990521
451.031 57.3432 45.3773 59.4176 0.989445
11.1307 72.2305 26.8766 34.7354 0.988485
879.46 14.6636 37.4602 48.0279 0.98647
74.4425 63.3081 34.1623 42.8013 0.981482
582.108 52.3079 33.0518 44.92 0.976969
583.327 15.0731 24.9208 31.2488 0.960558
405.12 50.0575 24.2077 32.8267 0.95412
806.422 21.9059 29.8411 37.5023 0.942001
466.893 23.0271 28.2966 36.7977 0.937302
433.557 35.4275 30.2657 38.1495 0.936067
117.835 57.71 35.1961 46.4345 0.935716
661.77 27.0505 30.845 38.5686 0.931311
