61--Street_Battle/61_Street_Battle_streetfight_61_211.jpg
14
35.0356004524 509.453708374 43.4368902702 56.0344483643 0.998407304287
321.808736847 540.64626825 34.5331448059 42.4363196411 0.998126208782
977.032085571 624.098374451 37.7765695801 47.2466688232 0.998051047325
129.205883728 543.834657349 39.1411735992 53.601838501 0.998038589954
274.327999756 524.41864679 33.296646759 44.2683258667 0.99661886692
880.618924561 621.19405719 34.9600074463 46.4362549438 0.995806932449
829.186305176 173.168371521 82.7648487549 138.177776489 0.991893589497
172.707975571 531.508694885 36.2874098969 43.4587140503 0.991762638092
990.604595459 579.422711121 32.301404541 45.1843761597 0.963448882103
909.461581421 563.62971344 33.5436585693 41.9511658936 0.952485263348
222.405720917 531.126441101 27.706881073 34.8138432617 0.917485535145
244.333674805 935.010873291 125.162087036 95.4225350342 0.887320101261
951.570831909 580.552770691 23.0112504883 28.7624667358 0.857706427574
348.634724274 569.301478271 35.0512303162 44.0259613037 0.842161297798
