61--Street_Battle/61_Street_Battle_streetfight_61_12.jpg
9
603.5491875 152.20396875 68.04925 93.52709375 0.999375879765
223.799265625 261.1776875 32.01946875 38.9656875 0.999138712883
261.581640625 279.5061875 24.940015625 29.88725 0.999071002007
495.9235625 214.656234375 33.2423125 40.917546875 0.998965024948
157.138671875 246.0723125 30.89303125 34.81640625 0.998652815819
11.8825712891 144.4343125 77.3075927734 96.5656875 0.998651564121
410.2779375 200.6460625 70.11596875 94.99959375 0.998400270939
738.8320625 113.703265625 69.37325 96.436078125 0.998228371143
90.4784140625 224.888609375 39.0903046875 50.035140625 0.997769594193
