58--Hockey/58_Hockey_icehockey_puck_58_94.jpg
8
685.6328125 164.491714478 46.3531494141 53.7378997803 0.9912520051
758.026550293 117.168701172 44.5612182617 58.2090911865 0.989378631115
309.503204346 96.1070556641 38.1420288086 41.0675964355 0.975370526314
124.162658691 34.7002754211 39.5288085938 45.2060203552 0.971994936466
439.951751709 117.663589478 35.3379821777 49.6502838135 0.966681063175
568.822387695 149.23777771 46.2240600586 50.7072296143 0.905191779137
817.003540039 232.623703003 45.3052978516 53.2509307861 0.898995816708
979.140625 117.865280151 31.1787109375 41.7252807617 0.84724855423
