58--Hockey/58_Hockey_icehockey_puck_58_785.jpg
16
447.215789795 355.307800293 34.4042663574 42.5587463379 0.996023178101
243.083999634 362.468353271 35.786819458 40.3933105469 0.9953982234
375.098602295 341.631591797 35.8550720215 46.102355957 0.994725763798
728.05682373 338.647918701 34.9967651367 39.9554748535 0.993150174618
624.473937988 361.809082031 31.9584960938 38.7881164551 0.992711305618
482.789886475 341.355499268 30.8784484863 37.7997131348 0.991042613983
284.018585205 364.940734863 35.2203063965 40.9360351562 0.990080177784
130.71572876 330.272216797 37.2097167969 43.7161254883 0.987943768501
524.208312988 338.994140625 32.978515625 38.5148010254 0.987569987774
916.638793945 311.257904053 37.2409667969 47.4867248535 0.984306931496
655.927856445 306.565063477 32.0615234375 38.0646362305 0.98406201601
280.717407227 309.83883667 33.9423522949 38.5107116699 0.983549356461
790.711975098 310.801025391 34.6232910156 39.4541931152 0.982418119907
422.034973145 293.747955322 35.7978515625 41.5239562988 0.981084704399
327.613006592 333.49987793 36.3312072754 42.6244812012 0.978546321392
685.618041992 335.714141846 32.2631835938 39.5302429199 0.971203625202
