58--Hockey/58_Hockey_icehockey_puck_58_680.jpg
30
838.152404785 208.254669189 36.7696533203 43.2459869385 0.996368646622
562.526550293 330.693511963 35.2813110352 41.4962463379 0.994212925434
468.108612061 320.170135498 40.3212585449 45.1952514648 0.993721246719
563.047180176 243.220413208 36.2881469727 42.1996917725 0.992713868618
330.442260742 239.757965088 37.0700683594 41.8247070312 0.99237716198
892.589294434 366.966125488 37.2510375977 41.0016174316 0.991195082664
669.051086426 354.552185059 36.9612426758 41.5001220703 0.98953795433
773.539978027 344.249481201 38.4694824219 42.7769470215 0.987264156342
621.573303223 251.93196106 33.6694335938 38.6202545166 0.985490441322
751.784606934 217.412384033 34.6754760742 39.7958068848 0.984013855457
368.479644775 322.028198242 37.9361877441 43.1436767578 0.982081115246
549.876525879 191.29385376 33.8898925781 38.9243774414 0.978285551071
225.666030884 198.751724243 35.3400421143 39.6728973389 0.977941036224
434.390228271 226.183288574 34.7235717773 40.6391601562 0.97560274601
946.367858887 223.426315308 30.1209716797 33.751083374 0.967542409897
625.981994629 57.1535682678 13.7422485352 17.1758079529 0.941721558571
257.213562012 347.109863281 32.4755554199 40.9409790039 0.92559415102
512.764282227 112.503448486 15.2755126953 19.2476501465 0.921878039837
694.204772949 238.90814209 34.4334716797 37.2715148926 0.911613702774
927.721496582 79.950920105 12.7860107422 15.8732681274 0.894471526146
673.484069824 60.74659729 14.548034668 18.1016998291 0.89395403862
888.403259277 135.161895752 15.1856079102 18.5079345703 0.891910970211
543.595153809 148.708816528 14.8043823242 18.7384338379 0.890607237816
261.739898682 175.800643921 25.6949462891 31.8865814209 0.8872397542
687.360534668 190.994659424 15.9071044922 19.0973358154 0.886706590652
369.253753662 104.143623352 15.4907226562 19.488609314 0.869875133038
936.321228027 167.793670654 13.00390625 16.3639068604 0.844405949116
579.708740234 95.6524658203 12.9545898438 15.813911438 0.822364032269
637.942016602 191.04196167 16.8582763672 19.977722168 0.819024503231
643.225097656 143.172927856 15.052734375 18.0934143066 0.815843343735
