58--Hockey/58_Hockey_icehockey_puck_58_221.jpg
14
250.2918396 330.782104492 46.8897094727 66.9624328613 0.99866771698
655.903442383 461.106750488 50.2943725586 59.4409790039 0.997663855553
0.0 694.992004395 52.8340301514 75.5093994141 0.996878504753
8.26968097687 459.567901611 45.8762540817 58.6319274902 0.995186388493
95.3102722168 358.507751465 56.7644195557 73.5097351074 0.994548141956
458.260925293 527.273864746 67.3129882812 86.0824584961 0.991176247597
204.672058105 470.195251465 55.7485351562 76.2479858398 0.988020241261
110.633575439 458.444458008 54.2821655273 69.0140380859 0.972269594669
574.992370605 31.6405334473 48.1542358398 56.6695098877 0.953704237938
738.101867676 158.565048218 40.9002685547 56.1891326904 0.940550982952
56.9552497864 75.7065963745 35.5283546448 41.7626190186 0.886587142944
548.496887207 491.017547607 32.6287841797 40.6706848145 0.846832275391
0.0 188.945465088 36.832988739 63.5929107666 0.800746977329
76.1359558105 579.412109375 56.5509338379 66.8939208984 0.800657451153
