58--Hockey/58_Hockey_icehockey_puck_58_212.jpg
11
594.787536621 76.2514801025 58.7221069336 70.9649505615 0.999207675457
141.029159546 159.902420044 25.8766937256 34.2241363525 0.991675078869
178.576553345 155.154525757 26.2041168213 34.2985076904 0.983716726303
60.6397323608 171.243377686 26.0322875977 35.2417907715 0.971541941166
218.490859985 71.5754013062 24.7030334473 31.3938751221 0.945719122887
254.312637329 116.619125366 25.8959197998 33.1839294434 0.928736567497
943.176330566 154.062042236 22.33203125 29.6837158203 0.925806343555
136.300491333 71.6371383667 26.4237060547 33.5263137817 0.903025269508
287.110198975 33.0251541138 22.4970092773 29.6590156555 0.875899255276
498.047515869 39.086807251 22.0585021973 29.6787643433 0.83359515667
988.88269043 154.445663452 24.2024536133 31.4078826904 0.809601485729
