15--Stock_Market/15_Stock_Market_Stock_Market_15_542.jpg
8
382.98421875 272.45390625 33.6639375 43.48128125 0.99950671196
617.8445 284.48840625 33.6790625 40.0525 0.999460160732
878.28925 251.28865625 47.385625 57.8166875 0.999233007431
140.69540625 280.42184375 33.615421875 39.529625 0.998956918716
223.382015625 275.33128125 31.953375 40.12603125 0.9989387393
764.9889375 238.8855625 41.5795 45.686 0.99876922369
481.6228125 300.802625 35.5265625 45.19275 0.997954845428
284.8475625 317.472 34.96721875 45.0148125 0.99766099453
