28--Sports_Fan/28_Sports_Fan_Sports_Fan_28_327.jpg
8
90.2488937378 305.079559326 40.2235794067 49.2134399414 0.991418838501
161.987380981 271.554229736 107.182876587 134.734649658 0.986876368523
89.7370758057 245.358337402 39.6242980957 48.3096313477 0.984586954117
826.79309082 180.212936401 92.9584960938 112.466445923 0.980514228344
653.58392334 268.349121094 38.9807128906 45.4711303711 0.961232423782
734.975219727 275.736450195 36.3958129883 39.7315673828 0.932208716869
0.0 270.697296143 23.1297225952 35.6784362793 0.863614559174
999.820068359 276.444885254 24.1799316406 49.3610229492 0.856880903244
