28--Sports_Fan/28_Sports_Fan_Sports_Fan_28_7.jpg
34
146.153793335 674.8984375 55.0220031738 61.9057617188 0.99847048521
875.302490234 1125.66101074 102.790100098 148.855102539 0.995627880096
474.651641846 644.661621094 112.4246521 146.235351562 0.992758989334
541.574523926 599.784057617 35.2578735352 40.9262695312 0.987275779247
945.621643066 849.621032715 68.9705200195 97.088684082 0.986102104187
587.685058594 634.583740234 37.2738647461 42.3047485352 0.983070552349
197.031509399 559.436828613 30.55027771 36.1356811523 0.978889942169
840.418395996 537.360229492 24.3864746094 30.6508789062 0.977699041367
653.422058105 582.716918945 22.9091796875 34.6650390625 0.976635456085
980.05847168 660.854187012 34.5420532227 44.0853881836 0.971553087234
6.76281118393 567.735534668 34.2877449989 40.0856933594 0.969344556332
167.717773438 526.230224609 25.9629211426 35.4708251953 0.964999914169
257.891052246 340.406036377 29.0406494141 34.3252868652 0.929611206055
811.187194824 810.651245117 36.6974487305 42.5450439453 0.925258040428
88.2501602173 868.087036133 67.5886306763 93.203125 0.922147631645
59.6542472839 499.966308594 28.7034416199 39.3354492188 0.916127443314
296.37197876 430.803100586 24.6116027832 30.3532104492 0.915760695934
205.29234314 654.914672852 44.50440979 58.1150512695 0.908210277557
871.743041992 222.024902344 15.4581298828 19.9046173096 0.903926610947
145.47744751 872.37487793 53.5266571045 75.1376342773 0.900831401348
603.035217285 49.5186843872 13.4392700195 16.2470550537 0.885205626488
302.914276123 104.571975708 16.0786132812 19.9674453735 0.877619385719
806.622680664 416.146606445 23.0547485352 26.9421386719 0.872595489025
631.514038086 53.2602806091 14.0816650391 17.0754737854 0.868603229523
203.549255371 294.671966553 24.8797454834 36.0361938477 0.865552067757
143.121902466 263.639404297 16.1270599365 19.822052002 0.861439049244
57.0717926025 779.898498535 48.6488189697 55.9378662109 0.846790969372
711.265930176 543.279785156 25.0952148438 32.6618652344 0.840653300285
88.7971191406 13.974064827 15.0330657959 17.7245531082 0.835486292839
168.298828125 89.0079269409 15.2564086914 19.3716430664 0.816218554974
354.244232178 46.3213500977 13.0619506836 16.9694633484 0.816102802753
819.804870605 119.639785767 12.8134765625 15.7383575439 0.815381109715
864.856201172 352.636627197 16.4175415039 19.2491149902 0.808835983276
703.952453613 109.081047058 15.5292358398 18.9085998535 0.806496858597
