28--Sports_Fan/28_Sports_Fan_Sports_Fan_28_487.jpg
69
131.856491089 446.774078369 34.1227264404 42.8458251953 0.997551500797
621.129211426 94.1190032959 31.7841186523 41.1765441895 0.997471213341
569.811340332 341.969116211 34.8850097656 44.0074157715 0.997282981873
909.880371094 448.873901367 39.2810058594 47.6586608887 0.996680796146
665.628601074 157.076675415 35.3310546875 39.9888763428 0.996140539646
603.481140137 183.566146851 37.5584106445 46.4722137451 0.995464861393
969.022644043 282.787994385 37.9297485352 45.3112182617 0.994342565536
938.703063965 146.888412476 34.7415161133 40.8137207031 0.994019389153
822.732910156 493.727233887 37.4031982422 50.2373657227 0.993934094906
514.200866699 435.284973145 35.7432250977 43.2108764648 0.993777275085
159.104293823 145.262145996 36.9779052734 42.4576568604 0.993644833565
108.431632996 266.8515625 37.3737716675 47.5102233887 0.993445694447
327.515258789 63.52942276 36.3403625488 43.7081794739 0.993356406689
339.264251709 554.771850586 35.3273925781 39.0985717773 0.992784380913
990.536376953 104.06716156 33.4636230469 47.0082321167 0.992254495621
615.735534668 316.679779053 35.5056152344 39.6109313965 0.992113471031
709.504150391 322.937347412 37.7521972656 45.725402832 0.991965889931
859.775268555 241.434036255 35.6372070312 41.5615997314 0.991764008999
954.829650879 352.139068604 39.7379150391 43.3010864258 0.991361558437
548.272399902 505.480224609 37.9993286133 42.2047729492 0.99135696888
819.356628418 278.069274902 38.6727905273 45.9764404297 0.991356015205
871.643859863 165.239471436 37.2699584961 42.3762969971 0.99129909277
916.620239258 529.70324707 39.4066162109 48.2677001953 0.990536510944
212.495620728 108.028488159 33.2947387695 42.723236084 0.989168643951
556.378051758 242.371109009 32.0779418945 40.2408599854 0.988949298859
454.87713623 287.60458374 39.292175293 43.6151123047 0.988278865814
960.568054199 481.388122559 43.4879760742 54.2321166992 0.987888395786
712.885864258 108.248573303 31.7595214844 37.81224823 0.98744893074
859.475158691 424.188842773 38.262512207 47.9587402344 0.986861944199
726.753295898 591.245178223 32.9345092773 33.7548217773 0.986773729324
423.384460449 193.729217529 31.5131835938 40.1686859131 0.986669063568
673.902404785 10.4593334198 32.1741333008 36.0068073273 0.98648250103
462.942749023 206.173858643 37.7078552246 46.0097503662 0.986392140388
431.262512207 68.1527557373 27.4942932129 35.1697769165 0.985831081867
958.270385742 210.084899902 34.3350830078 41.7666015625 0.985360443592
553.964599609 570.304199219 37.8952026367 42.3859863281 0.98532307148
672.989135742 276.099456787 37.649230957 46.1598510742 0.984635710716
470.648132324 35.073348999 30.1866455078 42.0224609375 0.984438836575
259.655700684 552.798461914 45.3210449219 59.3919067383 0.983289957047
416.175170898 259.183776855 34.4261779785 45.1418151855 0.982709169388
883.271179199 308.388580322 37.8665161133 43.3296203613 0.982476592064
786.013122559 79.272354126 32.5404663086 45.5442810059 0.982437551022
788.003356934 220.553771973 36.525390625 42.8635253906 0.982338488102
46.3388938904 444.698974609 43.0572853088 57.7825012207 0.982163369656
731.886047363 283.975463867 36.7595214844 45.5237731934 0.981830775738
993.899902344 335.837982178 30.1000976562 41.8789367676 0.980763912201
343.543212891 0.0 32.9848937988 38.0429115295 0.979989349842
407.928924561 586.827148438 37.9180297852 38.1728515625 0.977488994598
667.172302246 494.808410645 37.3179931641 47.8041992188 0.976812422276
746.835327148 562.233581543 35.5737304688 41.1555175781 0.976645469666
596.717224121 438.350158691 32.5256958008 39.5029907227 0.97228461504
798.294250488 400.386352539 35.0185546875 46.3453369141 0.971995413303
797.965209961 0.0 34.7539672852 38.7651519775 0.970643758774
58.1179084778 384.778381348 37.8670539856 47.772064209 0.970125257969
460.283447266 508.13885498 42.8446960449 54.7332763672 0.964521586895
669.094604492 80.5382156372 30.8889160156 41.0603408813 0.964170157909
157.912811279 275.397277832 34.4116973877 40.2373657227 0.960430562496
486.270904541 377.799224854 44.4066467285 55.535949707 0.940061867237
736.439331055 239.419631958 38.0859375 40.5756378174 0.936480224133
1000.04632568 417.836456299 23.9536743164 46.9526977539 0.933557808399
218.254104614 193.834564209 36.3457183838 38.2773742676 0.91570264101
0.0 461.167663574 29.6288146973 42.9242248535 0.914368748665
839.835327148 353.287719727 32.5933837891 39.848236084 0.908844232559
594.156616211 384.445343018 33.3419189453 41.3920593262 0.908392429352
484.133514404 256.41583252 29.8745422363 32.988494873 0.859309911728
144.003005981 230.61869812 28.7859802246 33.52293396 0.857255995274
161.702697754 4.34520101547 27.1266937256 32.9778504372 0.83925229311
819.363098145 561.374572754 42.107421875 53.0087280273 0.835198760033
408.446777344 26.7219734192 30.9657592773 37.3163223267 0.820631802082
