13--Interview/13_Interview_Interview_2_People_Visible_13_223.jpg
11
416.965 46.4372 46.4521 54.9672 0.991862
457.165 373.817 31.7016 38.8453 0.991631
279.181 104.761 33.0928 41.1013 0.988134
570.81 104.955 33.6591 40.1698 0.988094
822.525 106.532 32.0381 39.8989 0.979522
119.015 312.944 44.1134 55.9759 0.976036
653.195 317.724 37.1238 44.742 0.975581
292.286 372.825 33.3093 41.7206 0.975237
121.235 42.1661 43.1049 54.4693 0.968027
864.623 323.021 37.6188 44.5229 0.938243
696.237 58.6814 44.7889 53.8854 0.921653
