13--Interview/13_Interview_Interview_Sequences_13_2.jpg
13
265.783 187.322 53.8203 74.3313 0.998986
494.584 173.379 49.8672 64.8539 0.998775
122.986 268.789 56.0993 70.4207 0.997848
637.016 240.164 56.5657 78.4113 0.997211
645.088 148.634 29.7963 37.6446 0.978974
324.777 27.2338 33.4454 43.748 0.974698
918.269 221.513 35.2179 46.8618 0.970183
656.026 27.2427 36.6132 45.2933 0.948645
550.435 202.373 31.6368 41.8576 0.936171
225.523 191.237 27.7235 38.2917 0.929431
733.408 282.761 90.2732 107.772 0.919782
314.489 138.901 28.396 36.1677 0.891281
945.761 22.0522 49.3315 56.6362 0.882827
